NUM_STATIONS: 10
NUM_REQUESTS: 40
NUM_VEHICLES: 3
VEHICLE_CAPACITY: 1
DISTANCES
0 1 5.8
1 2 5.9
2 3 5.5
3 4 4.6
4 5 6.6
5 6 8.5
6 7 2.2
7 8 4.0
8 9 2.7
9 0 5.9
REQUEST_SECTION
5 3 87.5 287.7 1
6 3 18.4 185.0 1
4 5 18.7 130.3 1
3 7 62.5 251.7 1
8 3 106.9 164.5 1
2 5 184.6 265.5 1
2 8 300.8 418.8 1
4 7 59.3 244.9 1
9 1 261.6 453.6 1
2 4 329.3 414.4 1
1 10 84.6 141.0 1
7 2 232.4 432.6 1
5 4 31.3 250.8 1
2 8 98.0 317.3 1
2 5 14.3 232.3 1
8 3 245.6 415.8 1
6 2 95.8 311.9 1
9 5 38.5 91.1 1
5 8 328.6 474.4 1
6 9 334.8 392.3 1
3 2 168.3 347.8 1
7 2 3.4 221.8 1
3 5 264.9 482.3 1
9 2 76.4 221.9 1
9 5 314.8 431.3 1
5 3 7.8 102.7 1
5 9 261.9 325.4 1
1 9 299.4 365.2 1
0 4 250.3 315.2 1
3 5 95.5 167.0 1
8 7 71.8 265.5 1
3 4 218.6 389.5 1
7 2 56.4 279.5 1
9 8 249.3 383.8 1
4 6 15.6 129.2 1
2 3 121.0 208.5 1
2 9 252.3 407.3 1
3 1 343.7 453.3 1
4 2 214.9 381.1 1
3 8 307.0 439.5 1
EOF
