NUM_STATIONS: 10
NUM_REQUESTS: 160
NUM_VEHICLES: 3
VEHICLE_CAPACITY: 8
DISTANCES
0 1 3.6
1 2 7.3
2 3 7.4
3 4 1.6
4 5 9.1
5 6 1.1
6 7 5.1
7 8 5.3
8 9 9.0
9 0 2.6
REQUEST_SECTION
0 6 682.5 1406.7 7
6 7 94.4 347.3 1
7 6 731.4 1173.2 5
0 1 987.6 1091.3 3
4 3 892.8 1134.9 1
6 10 939.7 1260.2 2
5 2 272.0 966.0 6
1 3 355.2 861.2 6
0 6 242.2 421.3 8
6 1 595.6 700.9 2
4 5 944.9 1505.1 7
6 2 636.0 1249.9 4
3 4 90.0 257.4 6
3 4 586.0 937.8 6
7 9 710.2 1063.1 7
9 3 1043.8 1251.5 5
9 7 844.3 1567.5 4
4 8 467.4 941.4 4
3 7 495.2 1202.5 8
2 3 529.1 1261.9 5
0 7 705.4 1150.5 5
1 5 518.4 576.6 2
8 2 169.2 606.3 5
5 3 972.5 1191.6 3
5 9 6.8 147.0 2
1 6 724.6 835.3 2
1 6 493.0 1057.9 5
4 2 709.3 1278.1 2
5 3 11.7 624.8 7
4 7 989.0 1446.4 4
6 5 159.3 903.3 6
3 7 308.7 402.2 7
5 3 184.3 901.8 7
4 9 708.7 1212.7 4
2 6 572.3 988.3 5
8 4 186.1 478.7 4
0 3 567.6 1096.4 4
8 9 558.3 1019.7 4
9 5 164.5 844.6 5
5 7 472.2 924.5 3
1 5 742.1 945.8 2
6 8 436.3 921.8 4
3 8 307.2 708.5 6
8 5 492.7 1182.9 6
3 10 949.8 1034.0 5
8 7 599.8 1013.1 1
9 4 432.2 1083.9 1
6 2 960.8 1232.0 6
9 7 1040.2 1319.4 8
0 8 986.9 1319.7 3
3 9 237.6 798.1 2
7 10 1010.3 1676.1 2
7 3 732.7 1133.1 7
4 1 525.7 1009.9 3
1 3 188.5 247.1 5
4 9 490.7 667.2 2
6 7 1033.5 1509.5 7
3 9 839.5 1572.3 4
1 5 410.7 673.2 4
9 7 695.8 755.4 3
4 8 891.8 1123.2 5
7 10 462.2 663.4 7
2 9 688.9 942.1 7
8 1 357.3 959.8 5
1 7 434.3 984.1 5
8 5 704.4 792.3 5
7 3 622.4 1134.4 5
3 5 984.7 1099.1 2
0 5 680.1 801.2 5
9 4 918.5 1422.0 8
5 8 558.3 1176.1 3
9 8 608.2 992.0 1
6 9 620.2 770.1 1
8 1 120.8 744.8 3
6 7 265.5 335.7 3
6 1 462.2 655.9 4
3 5 384.1 759.8 8
4 7 495.3 1153.5 3
6 3 148.8 452.6 8
4 5 529.7 1191.6 6
0 1 920.8 1589.4 6
8 5 458.7 754.0 5
3 4 923.8 1645.7 7
2 6 119.4 632.3 1
9 4 552.8 1068.3 4
6 8 1043.7 1532.9 1
6 2 277.7 336.7 8
7 2 308.6 476.1 6
1 8 787.3 993.1 5
9 5 732.8 1192.6 6
6 2 209.1 294.8 5
1 5 375.3 802.3 4
5 4 832.8 1042.7 3
8 10 407.3 662.3 7
3 6 573.5 1229.9 2
5 2 734.5 1429.6 6
6 3 522.6 995.4 2
4 6 865.4 1612.8 5
5 7 888.7 1430.7 6
2 3 322.1 960.3 8
4 9 504.1 801.2 3
4 1 978.5 1243.6 7
5 6 566.1 1279.7 1
5 10 940.6 1408.8 1
8 9 575.7 1111.9 4
3 5 898.7 1534.2 7
3 8 802.1 926.9 7
7 8 236.1 500.2 7
4 8 713.6 1121.9 6
1 6 611.4 846.0 6
3 9 385.7 560.3 4
0 8 458.8 944.9 6
0 5 442.1 853.3 7
1 8 336.7 404.3 2
3 6 159.3 389.5 8
7 1 38.9 652.6 2
7 1 44.0 206.6 2
4 1 393.6 861.9 5
1 2 23.0 417.6 5
8 5 358.6 511.9 7
6 4 310.6 866.6 4
3 6 755.4 1262.3 1
2 8 82.8 250.9 8
6 1 1024.1 1362.5 6
6 10 145.9 594.9 8
0 2 3.1 696.0 2
0 1 289.4 418.9 5
3 9 335.4 651.3 2
2 8 225.5 288.1 5
4 5 178.5 331.2 4
1 5 757.3 922.5 6
4 2 397.3 477.0 3
1 3 522.4 1136.5 7
1 3 513.6 1232.2 7
6 1 247.8 921.3 5
8 9 111.2 571.1 2
7 6 948.4 1457.2 4
1 7 131.3 875.2 7
6 1 233.1 506.8 8
4 6 584.0 1166.0 5
3 9 239.9 856.4 8
2 9 12.5 154.7 8
6 9 524.9 1153.7 5
2 4 966.4 1493.2 5
9 6 245.9 385.9 3
1 6 277.5 439.7 1
3 2 156.4 219.2 6
4 1 893.2 1438.5 6
8 9 293.4 771.6 1
4 3 850.0 1427.4 7
7 5 1003.8 1524.3 6
3 5 82.9 460.8 5
6 7 286.2 969.8 3
9 5 506.8 613.3 5
6 5 651.4 1141.7 5
3 8 814.2 1301.6 8
4 9 351.2 873.6 4
4 10 290.8 943.2 1
6 8 215.3 744.3 1
3 1 701.5 1091.4 2
EOF
