NUM_STATIONS: 10
NUM_REQUESTS: 160
NUM_VEHICLES: 1
VEHICLE_CAPACITY: 8
DISTANCES
0 1 7.9
1 2 8.7
2 3 5.6
3 4 8.4
4 5 6.3
5 6 1.2
6 7 4.8
7 8 8.8
8 9 1.4
9 0 2.6
REQUEST_SECTION
0 1 284.6 1389.2 1
7 1 2298.1 2864.7 6
6 4 492.7 984.4 6
1 3 3853.8 4473.6 3
3 4 4006.3 4139.9 2
6 5 1715.6 3165.4 4
7 4 3721.3 4905.9 6
2 1 3623.2 5392.9 3
6 2 1145.6 1819.6 7
1 2 2676.1 3772.4 8
1 6 4003.6 4954.9 8
5 4 1461.3 2073.9 1
4 2 3788.8 3960.9 2
8 6 2828.1 3397.3 1
6 7 828.3 1500.6 7
7 1 321.3 745.2 5
6 5 4002.5 5867.7 3
0 8 3520.9 3638.1 4
9 7 1359.0 2496.8 1
7 3 2025.2 4022.0 7
5 6 2616.5 3198.2 6
1 10 1394.2 2039.1 4
9 4 2691.1 3380.1 3
0 1 3589.2 3827.5 5
3 5 2903.8 4041.3 3
8 7 2813.2 4933.9 1
3 8 1410.8 2348.2 8
0 1 3023.0 5240.2 4
7 2 358.5 593.9 4
4 6 3200.0 4346.9 7
1 9 3713.1 4218.4 2
1 7 1227.5 3256.7 4
7 10 4235.5 5197.4 5
4 6 2582.4 3650.5 2
7 5 412.9 1715.8 2
8 1 4449.2 6080.1 6
2 8 1698.2 3627.0 7
3 10 3871.2 5055.2 7
7 8 465.8 1063.1 5
7 10 548.1 2411.7 8
3 7 2760.2 3944.5 5
9 10 2776.9 3505.1 6
5 2 2637.2 2712.0 8
7 1 2684.8 4241.6 4
1 10 1089.5 2603.3 4
9 10 574.5 2585.6 6
3 4 3389.9 4086.7 6
9 10 4414.0 4667.0 5
5 6 2234.3 3767.9 4
1 4 4050.4 5633.5 1
1 3 872.4 2047.3 7
8 2 2198.8 2295.8 4
2 7 3372.5 4923.1 4
8 1 3719.1 4340.4 2
3 6 3920.2 3990.0 3
6 7 652.2 855.5 1
4 9 363.4 2262.5 6
3 5 1632.3 2739.3 3
5 6 1497.6 3009.4 8
9 5 504.3 1835.1 4
4 10 4272.1 4714.4 6
0 4 4081.4 5250.0 2
9 10 4017.3 6270.3 1
1 7 501.0 1308.2 5
8 6 503.1 884.6 1
2 8 1487.3 2218.4 6
5 1 522.9 698.1 8
9 1 4316.5 6535.8 2
8 4 2098.9 3727.4 4
6 4 2336.7 4210.5 6
3 5 1123.4 3082.1 5
7 1 1277.4 3256.9 1
0 7 1072.9 1329.9 3
5 9 812.5 2477.0 2
1 9 4205.3 5148.5 7
4 1 1136.0 2937.1 6
9 3 535.2 1026.3 3
8 5 2930.2 4919.5 6
6 10 4320.8 5277.0 3
7 1 2536.0 2815.4 7
3 10 2799.6 4140.8 2
6 8 4197.0 4912.4 3
5 8 632.2 2048.9 3
9 8 2153.5 3622.1 5
7 4 2505.9 2740.5 6
0 4 3490.2 5567.9 7
2 9 1457.4 3120.4 1
0 7 4397.0 4729.1 4
0 4 2587.4 2855.0 3
1 6 4119.2 5832.6 7
0 6 2625.4 4839.0 4
0 5 458.9 1250.2 6
7 1 4049.3 5070.0 2
1 3 2071.6 4133.6 4
3 8 2050.9 2788.6 3
7 2 1417.5 3152.4 4
6 2 762.5 2672.7 6
8 9 1563.3 1750.2 3
0 3 1493.1 2053.4 8
2 7 573.5 2824.1 6
6 1 1560.5 1807.3 8
8 9 4399.3 5903.0 8
6 4 4414.1 4916.4 6
0 4 3208.0 4772.9 5
7 3 3858.7 5690.2 6
6 4 4348.7 5820.5 5
3 8 1020.4 2735.2 6
9 7 3406.0 3780.5 6
3 1 3492.9 5233.0 8
2 8 4366.7 6476.8 7
3 2 2898.3 3203.6 7
1 10 1556.7 2900.0 1
8 5 657.2 2820.3 4
1 8 3168.7 4099.8 2
1 10 2423.5 3838.6 5
8 10 121.9 2197.8 2
6 8 1940.8 2374.8 3
3 6 193.7 1521.0 5
8 9 4052.4 5311.2 4
2 7 4419.7 5048.4 7
0 7 634.6 1374.3 3
6 2 1123.5 3187.0 7
3 1 2678.4 4437.3 5
5 8 1676.8 1862.1 2
4 6 2171.2 2648.7 6
5 3 1671.6 3204.9 3
6 1 2663.2 4721.4 7
2 9 3045.7 4797.8 1
1 10 1087.3 1381.1 4
0 5 3132.9 4314.0 1
1 5 1765.5 2103.8 2
7 6 1482.9 1958.0 3
1 6 3121.4 5262.9 4
5 10 1744.4 3145.7 7
4 10 2371.7 3862.5 1
7 8 1507.7 2688.6 5
5 7 3290.2 5336.9 1
5 8 891.7 1951.7 7
3 8 996.6 2659.5 6
6 8 483.3 2361.9 5
7 1 185.3 2281.5 3
9 6 1584.0 2220.7 2
1 10 628.5 1571.2 3
1 5 1658.8 2600.6 5
1 9 1910.4 3441.3 3
4 6 2401.7 2477.2 5
7 6 1344.3 3180.3 5
6 9 1022.9 2249.8 4
7 2 1372.5 1749.4 4
5 7 2.3 257.1 2
7 10 395.9 615.6 4
3 8 1460.2 3672.3 1
1 3 1165.4 3405.6 6
2 8 3554.4 4950.0 1
4 2 1770.0 3976.6 1
5 8 719.0 932.5 1
4 2 3347.9 4010.9 5
4 2 696.2 1327.5 8
9 8 4017.3 6300.8 7
0 9 2224.9 3366.5 2
EOF
