NUM_STATIONS: 10
NUM_REQUESTS: 80
NUM_VEHICLES: 2
VEHICLE_CAPACITY: 4
DISTANCES
0 1 2.4
1 2 8.8
2 3 9.2
3 4 4.4
4 5 2.3
5 6 10.0
6 7 6.1
7 8 3.9
8 9 6.9
9 0 4.1
REQUEST_SECTION
4 2 1153.0 1575.4 4
1 6 1010.1 1543.5 4
9 8 110.7 714.3 2
7 1 847.5 1401.9 1
1 5 151.5 453.9 1
5 9 544.1 740.7 3
1 5 807.6 1445.2 2
5 6 770.3 1234.4 4
2 8 863.2 1446.1 3
6 1 938.1 1374.5 4
5 3 950.3 1366.6 1
2 7 746.8 1294.5 3
5 9 311.6 853.0 2
0 2 424.5 686.5 1
1 8 418.0 913.8 1
7 10 1006.6 1351.6 1
1 3 791.6 1137.5 3
5 3 763.6 1207.0 4
2 5 882.6 1443.5 4
4 8 756.1 1177.8 1
2 4 331.4 570.4 1
4 2 503.8 746.7 3
7 10 996.5 1241.5 2
5 6 236.6 681.8 3
5 9 749.2 835.0 4
7 6 21.8 346.4 1
1 5 1032.3 1346.2 2
1 2 602.0 1133.9 1
9 1 732.3 1181.4 3
3 7 890.8 1103.2 3
7 2 688.1 829.2 3
1 7 451.3 1083.1 1
3 8 694.8 1231.8 4
1 5 740.7 923.4 3
1 8 527.3 728.9 1
3 9 649.9 925.8 4
1 10 801.4 1388.2 1
7 2 1060.7 1673.0 3
3 6 75.7 348.7 1
8 7 1153.4 1586.2 3
1 2 298.6 838.8 3
0 7 24.1 550.6 2
0 3 715.1 1044.8 2
0 4 303.5 796.8 4
6 5 482.7 728.2 2
5 8 581.5 1163.6 3
1 10 580.7 1216.1 4
5 6 85.1 357.5 3
4 7 832.4 1437.4 3
8 9 86.3 684.0 3
5 8 73.4 528.3 3
6 7 1059.8 1689.2 2
0 8 1103.8 1536.6 1
1 9 1005.2 1361.7 4
0 5 536.8 1156.3 4
0 4 934.3 1314.8 2
4 9 80.6 154.8 4
3 1 835.0 1024.3 2
7 2 754.2 1393.4 2
5 8 254.9 808.6 3
2 10 286.6 440.2 2
7 9 777.3 954.4 1
8 5 570.1 819.7 4
5 6 102.6 386.4 2
8 2 46.9 151.6 3
5 2 599.1 898.3 4
5 1 3.9 163.8 1
8 7 1098.7 1730.4 1
3 7 817.5 1371.6 3
4 7 618.2 981.0 4
6 4 836.3 1091.6 4
9 7 228.2 851.8 3
9 3 701.2 952.1 1
9 5 345.1 640.8 4
9 10 197.0 687.2 2
8 10 605.1 1240.0 1
9 6 904.5 1246.0 3
3 9 759.3 980.5 4
2 9 584.8 984.3 1
2 4 443.8 763.6 1
EOF
