NUM_STATIONS: 10
NUM_REQUESTS: 160
NUM_VEHICLES: 2
VEHICLE_CAPACITY: 2
DISTANCES
0 1 3.3
1 2 8.6
2 3 9.8
3 4 4.8
4 5 3.7
5 6 5.0
6 7 1.8
7 8 2.0
8 9 1.3
9 0 2.7
REQUEST_SECTION
9 3 1252.0 1752.2 2
8 4 1234.9 1858.9 2
4 8 1096.0 2230.2 1
6 3 1116.2 1427.7 2
8 2 640.9 1560.9 1
7 2 1537.1 2445.9 2
8 1 91.0 621.0 2
6 4 1274.8 2502.2 2
7 2 267.6 1452.4 2
2 6 1152.9 1212.1 2
3 7 853.9 1268.4 2
8 4 663.6 1391.1 1
0 8 1239.0 2476.4 1
8 10 852.5 1113.0 1
8 2 1231.4 2313.8 2
4 2 893.9 1362.9 1
3 5 1481.4 2112.9 2
5 7 608.2 1124.3 1
3 7 883.3 1076.8 1
7 4 1485.2 2040.1 2
6 7 1071.8 1735.5 2
3 7 1341.3 1765.5 2
5 2 1583.2 2670.1 1
4 7 861.9 2005.7 1
3 5 933.7 1820.4 1
1 3 31.3 937.1 1
9 10 884.2 946.4 2
3 6 988.7 1999.4 1
3 7 34.0 312.4 1
7 10 452.4 1050.4 2
8 9 1410.0 1561.2 1
3 9 233.7 996.1 1
4 7 1357.1 1854.6 2
4 6 150.0 904.3 2
6 10 1523.4 2813.3 1
1 3 144.0 578.6 1
8 7 967.3 1919.7 1
8 10 1604.5 2279.7 2
2 1 1620.9 1904.3 2
5 1 449.2 909.4 2
2 4 1260.4 2354.1 2
5 10 1348.2 1710.1 2
8 6 367.0 930.1 1
5 2 1128.2 1999.6 1
6 2 455.3 1395.9 2
5 4 1557.5 1677.4 1
0 9 1416.1 2331.2 2
3 4 1265.5 2570.5 1
0 2 1135.5 2262.4 2
9 7 1310.3 2275.6 2
8 3 1513.2 1933.6 1
1 4 1546.4 2071.8 2
3 1 168.9 1348.2 1
2 7 44.5 741.0 2
3 10 1069.1 1416.2 1
2 4 115.7 719.9 1
5 8 1102.9 2271.6 2
8 1 1229.6 2273.4 2
2 3 1250.7 1673.4 1
6 8 639.1 981.7 2
8 10 1086.7 1396.4 2
6 8 842.1 1050.7 1
2 6 1285.2 2331.6 2
6 7 28.0 1084.1 2
7 2 270.0 487.4 2
0 7 27.8 361.8 2
3 5 1115.8 2283.0 1
4 5 353.0 671.3 1
5 2 1140.4 2399.9 1
5 4 854.0 1219.5 2
5 3 846.3 1663.3 2
3 10 422.0 1057.5 1
6 7 1225.7 2222.3 2
2 9 563.7 1837.5 1
1 8 400.4 994.8 2
0 1 1272.9 2215.1 1
2 9 1422.1 2552.1 2
9 5 1455.5 1976.4 1
6 5 1106.4 1772.4 1
3 7 1603.7 2063.9 1
7 1 836.5 1961.9 1
3 2 428.2 601.0 2
2 7 647.5 1218.2 2
1 8 268.4 1058.1 2
1 10 405.4 750.9 2
9 8 1001.7 1404.0 1
7 8 212.1 1323.4 1
2 7 698.1 1796.8 1
6 1 1590.9 2575.2 2
7 3 1576.9 1793.6 1
8 2 1584.1 2211.0 2
2 6 125.2 661.1 2
8 6 152.5 398.7 2
1 3 1035.1 1306.9 1
9 5 1022.3 2080.6 2
0 3 1282.2 1444.3 2
5 10 683.1 1990.9 2
7 3 1125.7 1193.8 1
5 10 478.5 1166.6 2
6 2 341.6 888.9 2
6 8 534.8 1214.7 1
8 5 506.3 1592.2 1
0 2 192.1 720.1 2
9 5 755.4 925.8 1
8 3 1357.6 2133.4 2
4 9 983.5 1432.7 1
4 9 61.2 1294.4 2
1 6 1623.0 2665.7 2
9 4 303.3 465.6 2
9 6 268.7 1072.5 2
0 2 1229.0 2048.0 1
6 8 1684.4 2692.0 2
6 2 280.1 1591.8 1
2 6 359.8 809.0 1
6 3 1032.3 1919.9 1
7 3 103.0 1071.9 1
3 9 1584.0 2758.7 1
6 10 724.5 1693.6 1
3 2 152.7 966.2 2
9 1 886.8 967.9 2
6 9 594.8 1131.7 1
4 9 260.5 513.8 1
3 9 1419.4 1856.1 1
8 5 400.3 1130.3 2
4 5 672.8 723.4 2
0 4 1181.9 1631.0 1
5 8 263.6 1255.5 1
9 10 775.5 965.4 1
0 2 1007.6 1929.4 2
1 3 1132.7 2436.4 1
4 2 1073.3 1490.4 1
4 3 1277.1 2341.0 2
0 1 1093.6 2356.7 1
9 3 925.9 1657.9 1
5 6 1226.7 2251.2 1
4 9 154.7 847.8 1
5 2 281.3 1236.7 2
0 6 510.5 1832.9 1
1 9 1025.2 2303.2 1
9 3 134.8 768.6 2
4 10 968.6 1858.3 2
2 7 288.4 1239.5 1
5 1 141.6 1357.8 1
3 10 427.3 667.7 1
3 6 18.1 462.3 2
2 4 934.7 1828.3 2
0 4 1132.2 2104.7 2
0 8 933.0 2259.6 1
3 5 938.6 1838.9 2
0 3 5.6 618.8 2
3 8 1175.2 1273.3 1
4 9 1527.8 2312.8 2
3 10 593.0 1264.9 1
6 3 748.8 1804.5 2
7 3 1148.1 1403.8 1
6 10 1561.1 2268.0 2
9 7 95.8 423.0 2
0 6 576.9 1620.5 1
6 5 1219.7 2230.1 2
7 4 1280.6 2603.1 1
EOF
