NUM_STATIONS: 10
NUM_REQUESTS: 160
NUM_VEHICLES: 2
VEHICLE_CAPACITY: 2
DISTANCES
0 1 6.3
1 2 1.5
2 3 7.8
3 4 9.8
4 5 9.9
5 6 6.9
6 7 1.6
7 8 5.2
8 9 2.2
9 0 6.8
REQUEST_SECTION
3 7 1573.4 1952.8 2
2 4 1500.5 1785.4 1
2 7 1399.5 2196.6 1
7 4 16.1 372.3 2
4 10 1397.8 1750.5 2
1 4 1886.9 2363.0 2
2 1 567.2 1691.3 2
5 9 1633.2 1759.4 2
7 3 2232.3 2936.3 2
0 7 1701.1 1989.0 2
0 3 1605.8 2164.1 1
0 5 898.5 2107.7 1
0 3 642.5 777.4 1
8 4 1019.2 1753.8 2
3 4 941.3 1635.3 2
0 7 1561.3 2774.5 1
5 4 876.2 1349.4 1
9 8 14.2 1104.1 2
8 6 1090.5 1606.8 2
9 7 111.5 188.8 2
9 4 440.1 899.5 1
2 4 1430.5 2407.2 2
9 3 444.8 566.8 2
9 5 582.4 1657.8 1
1 6 334.8 454.9 1
9 4 584.6 865.7 2
9 2 749.0 1853.9 2
7 2 636.1 993.8 1
3 9 494.8 1140.7 2
1 2 24.3 395.7 2
5 6 2105.7 2230.0 2
0 8 2305.4 3313.3 2
1 4 1320.8 2253.4 2
8 3 109.5 930.7 2
0 1 1752.8 2935.9 1
3 2 979.5 1534.2 2
9 8 2020.3 2090.6 1
0 9 326.7 1245.2 1
7 6 1250.8 1455.2 1
6 2 1368.4 2045.3 1
2 3 399.7 1536.2 1
2 3 2053.8 2213.8 2
2 8 1199.0 2279.5 1
7 3 106.4 913.4 2
5 1 1067.7 2279.1 1
9 6 1172.2 2383.3 2
0 2 2041.2 2580.3 2
5 2 2296.0 3460.5 2
0 4 1883.2 1985.6 2
0 1 694.5 940.8 2
8 5 1682.5 2684.5 2
1 9 50.5 181.4 1
9 10 418.8 1511.7 2
9 10 1635.7 2278.5 1
3 10 1517.1 1899.7 2
0 5 1222.3 2275.7 2
9 3 1874.5 2105.2 1
1 7 2297.5 2427.5 1
2 9 2303.7 2896.6 1
2 9 1562.6 2190.2 1
2 7 593.9 724.9 1
5 1 1322.5 1454.4 1
6 4 1491.6 2604.2 1
1 4 106.0 738.7 1
5 3 161.8 876.8 2
2 5 2200.4 2369.2 1
4 10 1279.1 2103.3 1
0 6 2079.9 2165.3 2
3 2 141.5 680.8 2
6 1 657.9 1185.0 2
6 1 1878.7 3032.8 1
7 1 58.3 361.0 1
9 10 508.2 1096.4 1
3 4 1347.8 1780.5 1
3 6 872.9 949.3 1
1 4 658.3 1485.7 1
2 4 569.9 661.4 1
6 9 1178.1 2188.9 1
3 7 983.3 1168.4 1
9 4 1632.8 1772.2 1
5 4 1659.7 2267.2 2
0 3 1939.8 2208.2 2
1 3 724.7 1391.5 2
9 1 582.1 1736.1 1
4 3 1995.9 2965.4 1
9 10 1178.4 2163.8 1
8 7 432.7 1455.1 2
1 7 474.4 1094.3 1
7 6 2275.5 2774.8 2
2 5 760.1 945.7 2
0 2 460.6 752.2 1
5 7 372.2 1081.7 1
3 7 1114.0 2319.5 2
4 10 644.6 1443.2 2
5 10 825.2 1889.6 2
7 5 1533.2 2560.5 2
1 6 1219.3 2063.4 2
7 1 1069.4 1330.2 1
1 5 2304.0 3177.7 1
6 8 1037.6 2245.2 1
3 5 769.8 1978.8 2
9 7 1543.4 1690.7 1
4 9 2020.4 3158.4 2
7 4 789.5 964.9 2
4 9 169.3 490.5 1
8 2 1291.9 2155.2 2
4 9 2082.7 3248.0 2
2 1 1724.5 1918.6 2
8 10 966.9 1977.7 1
5 1 1150.2 2274.2 2
9 1 1108.3 1531.2 1
0 4 1788.4 2403.2 1
0 2 1588.0 2663.1 2
6 1 2268.2 3326.9 2
5 4 1122.5 2076.8 1
5 1 6.5 1061.2 2
0 9 1477.2 2466.4 1
6 9 1622.1 2441.8 2
6 5 1982.7 2639.7 1
7 9 2005.8 2082.2 1
8 6 2049.9 2207.4 2
1 6 582.2 1077.8 1
2 8 1896.0 2525.5 1
1 9 1457.1 2434.5 2
0 8 2132.3 2405.1 1
7 1 1005.0 1175.8 1
3 9 1706.4 2767.1 1
7 10 100.9 418.4 2
2 4 1814.6 2511.1 1
8 7 455.8 585.5 2
7 1 1350.7 2095.4 2
3 7 1374.2 2333.6 2
9 5 791.5 1739.9 1
0 8 485.8 1690.3 1
9 3 84.6 306.6 1
5 8 846.9 1733.3 2
1 3 475.2 1493.2 1
1 9 113.8 743.1 1
5 9 481.4 905.4 1
2 5 1315.4 2046.7 1
8 3 595.1 1258.0 1
1 8 41.6 842.2 1
6 9 2275.6 2578.5 1
0 9 1497.9 2504.9 1
4 7 1890.4 3062.3 2
2 8 1357.5 2136.8 2
1 6 2300.3 2707.5 2
1 10 105.2 747.4 2
0 5 970.6 1281.4 2
3 9 1049.6 1750.1 2
5 9 515.0 1317.2 1
4 5 1360.9 1665.2 2
7 1 549.6 727.2 1
9 1 571.7 1098.9 2
4 10 522.7 817.0 1
6 1 1087.0 1151.6 1
7 3 244.6 362.7 2
3 8 1936.7 2046.0 2
0 9 2254.4 2696.3 2
5 3 2086.6 2776.8 1
EOF
