NUM_STATIONS: 10
NUM_REQUESTS: 20
NUM_VEHICLES: 3
VEHICLE_CAPACITY: 2
DISTANCES
0 1 5.2
1 2 3.6
2 3 9.0
3 4 5.2
4 5 4.6
5 6 6.8
6 7 9.5
7 8 9.5
8 9 7.9
9 0 8.3
REQUEST_SECTION
3 5 68.8 191.1 1
5 3 87.4 207.0 2
0 4 33.6 184.5 1
0 7 128.1 309.4 1
0 5 132.6 312.8 1
3 5 111.8 211.0 2
2 7 132.4 220.2 2
4 5 108.5 209.2 1
7 10 69.9 195.4 2
4 5 91.4 193.7 1
9 5 169.8 330.5 2
5 8 97.1 279.6 2
0 8 124.1 235.3 2
4 5 143.0 222.8 1
1 9 33.0 110.0 2
7 8 170.3 335.6 1
1 3 14.1 107.3 2
1 8 89.8 200.3 2
6 3 60.5 204.1 1
6 7 145.1 274.8 1
EOF
