NUM_STATIONS: 10
NUM_REQUESTS: 40
NUM_VEHICLES: 2
VEHICLE_CAPACITY: 2
DISTANCES
0 1 2.8
1 2 2.9
2 3 8.4
3 4 7.3
4 5 6.1
5 6 1.6
6 7 8.4
7 8 7.7
8 9 3.2
9 0 1.5
REQUEST_SECTION
4 8 347.6 397.6 2
3 10 247.8 539.8 1
6 4 301.1 396.8 2
1 6 285.5 547.7 2
0 4 339.7 557.2 1
5 3 156.4 431.0 1
6 9 19.4 98.5 2
1 10 164.5 239.6 1
1 9 399.2 559.5 2
0 6 223.3 438.9 1
6 9 368.8 562.6 1
5 6 324.8 584.7 1
9 3 2.3 274.1 1
6 2 442.0 524.9 1
9 3 298.5 442.9 1
0 2 314.9 412.3 2
9 5 384.7 466.4 1
7 4 319.7 426.5 2
1 5 483.1 551.5 2
5 4 385.1 474.1 1
8 5 253.0 456.4 1
7 6 147.6 267.6 2
4 1 311.0 381.5 2
4 10 298.3 551.0 2
7 5 30.1 232.2 1
1 10 342.0 639.1 2
3 5 416.7 578.2 2
2 5 195.9 265.5 1
6 8 183.3 289.0 2
4 7 347.8 406.4 1
9 1 293.1 395.8 1
6 3 31.5 113.0 1
8 9 113.0 191.9 2
6 3 96.6 215.9 1
5 2 449.4 604.2 2
8 5 63.7 218.3 2
7 9 92.8 346.2 2
5 4 31.8 239.9 2
0 2 147.7 386.3 1
2 4 413.6 556.7 2
EOF
