NUM_STATIONS: 10
NUM_REQUESTS: 80
NUM_VEHICLES: 2
VEHICLE_CAPACITY: 2
DISTANCES
0 1 8.0
1 2 8.3
2 3 3.5
3 4 6.0
4 5 1.1
5 6 2.5
6 7 5.2
7 8 7.5
8 9 5.8
9 0 8.4
REQUEST_SECTION
9 3 1081.0 1290.0 1
9 7 33.1 306.1 1
9 1 924.3 1151.8 1
2 6 1025.3 1503.3 2
5 4 314.3 1007.7 1
6 5 17.0 311.9 2
3 2 563.7 1269.0 2
6 2 857.7 1094.0 2
0 9 679.5 1221.3 1
3 8 676.6 823.5 1
1 2 130.0 319.6 1
9 2 421.3 953.0 1
4 3 434.7 955.2 1
3 8 289.6 972.9 1
8 3 399.9 571.6 2
8 5 1080.8 1477.6 1
8 5 670.9 869.7 2
0 3 372.3 1020.6 2
7 10 28.6 288.9 2
2 10 37.6 768.2 2
7 9 227.6 318.9 1
6 5 490.3 1235.6 2
4 8 677.7 844.5 2
6 10 424.0 604.4 1
3 4 891.5 994.7 1
9 5 1097.1 1727.7 1
7 6 1015.9 1542.1 2
9 7 126.1 977.5 1
5 9 340.3 534.5 2
5 7 880.4 1539.2 2
6 1 1001.6 1869.1 2
7 4 1032.9 1206.5 1
2 8 1003.6 1727.9 1
9 1 1009.3 1787.0 2
4 1 672.8 1319.2 2
5 6 395.0 598.4 1
0 9 1034.9 1829.0 1
8 2 508.4 1303.6 1
6 3 203.7 1011.5 1
6 9 354.6 902.5 1
9 7 73.1 565.7 1
2 8 787.2 1116.7 2
6 8 103.7 907.1 2
5 2 713.4 983.4 1
4 6 638.7 931.7 2
4 9 168.3 302.2 1
4 9 428.4 794.2 2
9 8 856.0 1177.7 1
6 4 654.3 786.0 2
8 6 952.8 1520.3 2
4 3 133.5 251.7 1
9 10 688.1 1276.7 1
8 7 756.5 1462.4 2
7 1 849.7 1444.6 1
1 3 1075.6 1254.2 2
6 3 587.1 1432.3 2
8 3 479.3 707.3 2
4 6 322.5 1017.6 1
6 9 885.3 1021.9 1
9 4 368.6 914.6 1
7 8 213.1 373.5 2
6 3 1062.0 1443.9 1
7 5 631.6 1034.9 2
9 3 646.0 1482.3 2
1 9 1050.4 1541.8 2
8 1 92.0 570.4 2
9 8 230.2 939.7 2
9 7 951.1 1281.0 1
6 7 265.5 874.6 2
5 9 919.1 1768.8 1
1 5 754.7 1576.5 1
8 6 249.1 960.2 1
2 1 456.4 1162.4 2
1 7 32.6 385.0 2
4 6 126.8 224.4 2
0 3 975.1 1163.9 1
1 10 799.3 1127.5 2
7 8 589.6 1284.0 2
9 6 217.2 319.3 2
3 10 815.9 970.4 2
EOF
