NUM_STATIONS: 10
NUM_REQUESTS: 40
NUM_VEHICLES: 2
VEHICLE_CAPACITY: 1
DISTANCES
0 1 5.5
1 2 7.8
2 3 7.1
3 4 4.8
4 5 4.5
5 6 3.9
6 7 2.7
7 8 6.4
8 9 8.5
9 0 7.6
REQUEST_SECTION
8 7 185.4 457.4 1
8 6 388.1 818.0 1
7 5 102.1 400.0 1
5 10 355.1 435.3 1
6 9 366.2 709.9 1
3 4 55.6 176.0 1
4 2 263.9 620.7 1
5 3 298.0 645.5 1
5 10 108.8 170.1 1
2 9 133.9 501.1 1
2 8 37.0 249.6 1
0 7 179.1 630.2 1
4 5 126.7 440.6 1
3 9 292.2 719.2 1
5 7 266.3 433.9 1
8 4 247.4 380.3 1
9 8 166.2 279.5 1
2 10 393.7 742.4 1
4 7 134.0 429.1 1
4 10 393.8 658.3 1
7 2 374.6 774.1 1
3 5 63.9 133.0 1
1 9 311.7 520.3 1
9 8 406.7 728.8 1
5 1 86.4 297.9 1
5 3 73.0 174.3 1
5 8 17.6 440.0 1
5 6 282.6 373.9 1
0 1 180.1 343.1 1
5 2 257.2 557.3 1
5 3 278.8 751.3 1
1 10 152.4 480.0 1
2 4 217.0 697.2 1
8 3 131.2 352.5 1
5 7 219.3 606.3 1
1 10 262.5 439.5 1
5 1 28.7 222.7 1
2 6 434.7 629.0 1
7 5 431.9 667.3 1
8 7 132.0 275.1 1
EOF
