NUM_STATIONS: 10
NUM_REQUESTS: 160
NUM_VEHICLES: 1
VEHICLE_CAPACITY: 1
DISTANCES
0 1 6.3
1 2 1.5
2 3 7.8
3 4 9.8
4 5 9.9
5 6 6.9
6 7 1.6
7 8 5.2
8 9 2.2
9 0 6.8
REQUEST_SECTION
3 7 4160.8 6719.1 1
2 4 152.8 3366.4 1
2 7 3989.9 6478.8 1
7 4 1530.2 4262.3 1
4 10 2924.6 4674.7 1
1 4 791.9 1290.5 1
2 1 1990.8 5234.3 1
5 9 304.1 3570.2 1
7 3 2452.9 3872.8 1
0 7 2910.8 4094.6 1
0 3 4146.1 4537.3 1
0 5 2728.0 5596.3 1
0 3 2694.2 5914.2 1
8 4 3035.9 5582.1 1
3 4 3162.5 5685.4 1
0 7 1071.1 1850.5 1
5 4 395.5 1172.6 1
9 8 2528.2 2651.0 1
8 6 3928.8 7368.0 1
9 7 931.7 4168.1 1
9 4 2028.5 4851.1 1
2 4 3250.6 4191.8 1
9 3 3082.6 3358.2 1
9 5 4430.0 6540.3 1
1 6 2487.4 3547.1 1
9 4 1492.9 3867.9 1
9 2 3968.4 5589.5 1
7 2 942.8 3657.6 1
3 9 3816.9 4943.9 1
1 2 3366.1 6129.6 1
5 6 2005.1 3265.6 1
0 8 2513.4 5826.1 1
1 4 4352.6 6132.0 1
8 3 1322.3 3346.4 1
0 1 806.2 1892.6 1
3 2 3256.4 6165.4 1
9 8 43.8 2397.2 1
0 9 4632.4 7331.1 1
7 6 3347.8 6465.8 1
6 2 2003.6 4517.5 1
2 3 2603.0 2827.7 1
2 3 3143.7 4136.8 1
2 8 1400.3 3354.0 1
7 3 0.6 3364.2 1
5 1 216.4 2840.9 1
9 6 3558.3 6176.9 1
0 2 348.0 2374.9 1
5 2 1505.8 3596.6 1
0 4 60.3 659.3 1
0 1 3633.8 4410.4 1
8 5 497.3 983.8 1
1 9 3365.1 3623.5 1
9 10 4097.0 6680.8 1
9 10 1774.5 5088.6 1
3 10 4491.7 6333.4 1
0 5 1411.4 1813.3 1
9 3 1694.8 3966.0 1
1 7 239.9 1375.3 1
2 9 4420.6 6133.1 1
2 9 4408.2 6915.5 1
2 7 2282.5 4892.9 1
5 1 1972.6 5162.3 1
6 4 4320.3 6665.1 1
1 4 4477.3 5402.5 1
5 3 1280.9 3232.9 1
2 5 1042.7 3315.0 1
4 10 3801.4 4513.6 1
0 6 1485.6 4090.5 1
3 2 4634.1 6146.5 1
6 1 3843.1 4282.3 1
6 1 3143.0 4564.1 1
7 1 2482.5 2992.7 1
9 10 543.6 3375.1 1
3 4 2129.4 5656.3 1
3 6 2007.1 4207.7 1
1 4 831.3 4000.3 1
2 4 3725.1 5909.1 1
6 9 15.3 2198.6 1
3 7 1050.6 1766.4 1
9 4 15.3 2011.2 1
5 4 455.1 3285.7 1
0 3 2098.5 4167.7 1
1 3 1798.8 3614.3 1
9 1 3212.4 4924.4 1
4 3 3270.3 6608.5 1
9 10 4484.8 6762.8 1
8 7 137.1 984.3 1
1 7 1129.3 3592.1 1
7 6 1815.8 2073.6 1
2 5 2639.6 4678.6 1
0 2 1268.0 3486.6 1
5 7 4510.0 7768.9 1
3 7 139.8 1822.1 1
4 10 2138.7 3034.1 1
5 10 439.0 540.7 1
7 5 640.4 3010.5 1
1 6 1192.0 4138.8 1
7 1 4472.5 7268.4 1
1 5 3701.3 5047.5 1
6 8 940.8 2577.3 1
3 5 3505.6 4561.5 1
9 7 391.5 3610.0 1
4 9 515.2 605.7 1
7 4 3272.9 4042.9 1
4 9 780.2 3364.1 1
8 2 3285.6 4381.1 1
4 9 4235.2 5781.8 1
2 1 3561.0 6097.1 1
8 10 2931.5 3613.1 1
5 1 1916.6 2647.2 1
9 1 2668.2 3630.8 1
0 4 1032.3 1996.3 1
0 2 4344.8 5595.9 1
6 1 4240.6 4468.1 1
5 4 4361.0 5674.9 1
5 1 1715.6 3037.3 1
0 9 1443.2 2265.9 1
6 9 584.6 1823.7 1
6 5 4242.2 4342.2 1
7 9 1634.6 3869.8 1
8 6 3874.6 7032.6 1
1 6 3986.9 5734.5 1
2 8 3222.2 4165.6 1
1 9 750.0 3359.9 1
0 8 2184.2 3661.4 1
7 1 610.1 3812.8 1
3 9 2844.1 4099.9 1
7 10 1237.4 3261.8 1
2 4 3369.6 6263.9 1
8 7 524.7 1216.0 1
7 1 2836.0 4062.9 1
3 7 4024.3 5584.9 1
9 5 4354.6 5427.0 1
0 8 3206.7 4595.4 1
9 3 1565.0 4369.5 1
5 8 3586.0 5172.7 1
1 3 856.1 2384.8 1
1 9 3067.6 4741.8 1
5 9 4032.1 6179.2 1
2 5 4210.1 7667.2 1
8 3 3791.3 5913.2 1
1 8 2526.4 5498.5 1
6 9 278.6 3678.1 1
0 9 2027.7 3232.2 1
4 7 2890.7 4713.7 1
2 8 133.9 314.3 1
1 6 2391.3 3963.4 1
1 10 2437.6 3952.1 1
0 5 2831.1 5789.3 1
3 9 163.7 2027.0 1
5 9 861.3 1529.2 1
4 5 3299.1 5663.1 1
7 1 1933.5 5378.8 1
9 1 1897.9 4042.2 1
4 10 2749.9 3662.5 1
6 1 4233.2 7656.2 1
7 3 1607.8 4996.4 1
3 8 1094.4 2864.1 1
0 9 3131.9 3479.2 1
5 3 258.2 3226.5 1
EOF
