NUM_STATIONS: 10
NUM_REQUESTS: 40
NUM_VEHICLES: 2
VEHICLE_CAPACITY: 8
DISTANCES
0 1 5.5
1 2 7.8
2 3 7.1
3 4 4.8
4 5 4.5
5 6 3.9
6 7 2.7
7 8 6.4
8 9 8.5
9 0 7.6
REQUEST_SECTION
8 7 337.7 470.4 2
8 6 371.1 647.3 1
7 5 334.1 646.0 7
5 10 157.3 229.6 6
6 9 27.5 101.5 8
3 4 309.1 543.0 5
4 2 373.7 459.0 6
5 3 366.2 635.9 7
5 10 258.0 550.3 3
2 9 167.6 303.3 8
2 8 106.8 328.1 8
0 7 65.0 325.6 1
4 5 379.3 716.5 4
3 9 435.6 560.6 1
5 7 323.9 386.3 4
8 4 163.2 248.5 8
9 8 380.2 648.0 8
2 10 56.3 346.0 2
4 7 34.1 216.7 8
4 10 47.5 224.8 5
7 2 301.9 480.7 5
3 5 23.8 194.2 7
1 9 251.5 447.4 5
9 8 404.1 479.9 6
5 1 306.9 477.7 4
5 3 238.6 563.8 1
5 8 413.5 585.4 8
5 6 255.5 470.8 5
0 1 129.0 226.3 8
5 2 373.4 642.2 3
5 3 321.8 407.1 2
1 10 388.8 692.8 4
2 4 359.5 682.6 6
8 3 341.7 476.8 4
5 7 71.0 140.0 3
1 10 91.8 341.7 8
5 1 339.5 530.8 6
2 6 135.6 222.0 6
7 5 309.2 604.4 3
8 7 254.2 327.8 5
EOF
