NUM_STATIONS: 10
NUM_REQUESTS: 80
NUM_VEHICLES: 3
VEHICLE_CAPACITY: 2
DISTANCES
0 1 9.9
1 2 5.8
2 3 2.8
3 4 4.2
4 5 8.2
5 6 9.6
6 7 7.3
7 8 4.0
8 9 8.9
9 0 4.1
REQUEST_SECTION
8 2 460.9 783.0 1
3 8 46.1 610.6 1
0 4 656.2 904.6 1
4 8 36.1 649.1 1
7 10 393.6 657.5 1
4 1 862.8 1444.1 1
1 9 416.4 885.4 1
3 6 663.1 1141.1 2
5 9 530.4 1213.4 1
9 5 464.6 693.3 1
1 7 314.2 865.6 2
7 3 399.6 553.1 1
9 7 778.3 894.7 2
1 6 131.0 547.5 1
5 3 612.6 833.6 2
0 4 807.5 1086.9 2
7 1 150.0 643.4 1
0 4 241.8 504.2 2
2 9 621.4 751.2 2
0 6 283.4 536.9 1
0 9 570.8 1090.6 1
4 10 754.0 1320.2 2
2 5 392.4 1033.5 1
1 10 653.1 937.1 1
7 10 399.3 910.6 1
2 10 54.4 598.7 2
3 8 790.3 1160.3 2
5 8 15.6 616.4 1
6 8 182.0 671.1 1
6 5 851.1 1017.4 1
5 10 207.4 535.0 1
2 8 420.6 842.1 2
8 9 722.2 1350.1 1
2 7 580.4 880.3 1
4 6 48.4 723.7 1
5 8 61.8 636.3 2
9 8 389.4 552.2 1
3 1 113.3 776.5 1
3 4 795.2 1278.7 2
2 6 305.6 983.7 2
4 9 333.9 932.9 1
7 5 442.4 573.7 2
6 4 778.6 1274.2 1
7 3 699.5 1325.6 1
5 10 280.7 514.0 1
3 8 344.5 1042.5 2
9 6 255.8 706.1 2
5 1 153.5 682.2 1
8 4 495.3 620.7 2
0 5 213.6 363.1 1
5 10 398.3 1107.0 1
7 5 827.4 1238.8 1
6 10 393.4 473.5 1
6 1 806.0 891.6 2
2 6 656.4 1044.8 1
4 5 0.7 318.5 1
7 3 722.8 957.0 1
0 4 360.7 1066.0 2
0 9 562.8 1015.3 2
4 10 239.4 410.6 1
2 1 657.5 1106.8 1
1 10 490.1 1035.2 2
0 7 777.4 1484.8 2
0 4 616.3 1306.3 2
2 6 196.2 307.7 2
6 8 52.7 574.4 1
7 9 777.1 1232.0 2
0 1 165.4 328.1 2
3 6 71.1 357.2 1
5 1 393.8 978.3 1
1 8 117.7 317.5 1
7 5 578.5 652.3 2
3 2 32.5 463.8 1
2 5 301.0 973.8 2
4 2 670.0 1186.2 1
7 10 348.5 439.9 2
3 7 706.1 771.2 1
4 6 595.4 724.4 2
1 2 303.1 971.9 2
1 8 280.8 889.3 1
EOF
