NUM_STATIONS: 10
NUM_REQUESTS: 20
NUM_VEHICLES: 1
VEHICLE_CAPACITY: 1
DISTANCES
0 1 5.2
1 2 3.6
2 3 9.0
3 4 5.2
4 5 4.6
5 6 6.8
6 7 9.5
7 8 9.5
8 9 7.9
9 0 8.3
REQUEST_SECTION
3 5 437.0 591.5 1
5 3 65.2 279.5 1
0 4 305.4 409.2 1
0 7 239.2 380.8 1
0 5 352.3 554.1 1
3 5 436.8 586.1 1
2 7 27.2 208.7 1
4 5 117.1 378.9 1
7 10 77.0 269.4 1
4 5 159.8 307.8 1
9 5 385.2 642.3 1
5 8 297.2 529.9 1
0 8 3.8 270.9 1
4 5 272.8 623.2 1
1 9 96.3 232.1 1
7 8 49.0 221.7 1
1 3 415.7 668.6 1
1 8 305.3 550.8 1
6 3 477.4 594.1 1
6 7 636.3 846.7 1
EOF
