NUM_STATIONS: 10
NUM_REQUESTS: 40
NUM_VEHICLES: 3
VEHICLE_CAPACITY: 1
DISTANCES
0 1 5.5
1 2 7.8
2 3 7.1
3 4 4.8
4 5 4.5
5 6 3.9
6 7 2.7
7 8 6.4
8 9 8.5
9 0 7.6
REQUEST_SECTION
8 7 150.9 275.5 1
8 6 311.3 481.8 1
7 5 0.7 114.4 1
5 10 283.2 360.5 1
6 9 283.8 458.4 1
3 4 96.8 235.0 1
4 2 154.8 220.9 1
5 3 293.3 507.9 1
5 10 115.5 328.7 1
2 9 45.7 278.0 1
2 8 102.6 308.0 1
0 7 356.8 550.4 1
4 5 243.4 372.6 1
3 9 19.5 128.6 1
5 7 141.0 340.8 1
8 4 219.9 466.0 1
9 8 168.6 282.0 1
2 10 267.3 502.0 1
4 7 243.6 470.7 1
4 10 331.2 492.3 1
7 2 342.0 470.0 1
3 5 310.0 549.3 1
1 9 177.9 390.5 1
9 8 164.7 401.5 1
5 1 353.4 437.4 1
5 3 217.3 343.1 1
5 8 62.5 227.7 1
5 6 107.1 315.4 1
0 1 293.6 435.7 1
5 2 371.6 605.5 1
5 3 191.6 437.3 1
1 10 269.5 518.0 1
2 4 213.3 370.1 1
8 3 108.0 262.8 1
5 7 126.9 302.3 1
1 10 128.7 267.6 1
5 1 20.4 241.6 1
2 6 310.0 421.3 1
7 5 182.4 316.4 1
8 7 170.3 295.5 1
EOF
