NUM_STATIONS: 10
NUM_REQUESTS: 40
NUM_VEHICLES: 3
VEHICLE_CAPACITY: 4
DISTANCES
0 1 3.4
1 2 6.2
2 3 7.9
3 4 7.1
4 5 5.2
5 6 1.5
6 7 5.2
7 8 1.2
8 9 5.0
9 0 2.1
REQUEST_SECTION
3 7 199.7 344.0 2
4 5 61.0 206.2 2
4 5 155.7 235.9 1
2 9 47.1 226.7 2
4 6 24.7 94.8 3
2 7 13.1 162.5 2
2 4 215.7 379.0 4
5 6 130.0 249.7 4
4 1 146.2 226.1 1
0 7 0.2 138.0 4
6 3 121.2 232.5 4
0 2 172.7 260.4 4
9 3 113.6 303.5 3
7 6 160.7 258.5 2
7 5 18.9 190.9 3
3 7 131.4 225.0 2
4 2 93.7 240.9 3
0 9 39.3 220.1 1
2 3 120.7 198.0 1
2 9 32.7 161.7 2
0 4 175.6 305.6 4
2 10 155.4 235.9 4
2 6 78.9 129.6 3
8 4 96.9 147.8 1
3 7 87.1 265.9 2
0 1 78.6 258.6 3
7 1 110.7 215.1 1
8 4 145.5 296.9 2
0 3 125.3 304.6 1
9 7 158.9 318.8 2
0 4 35.6 118.8 2
7 2 130.9 211.3 4
8 6 192.5 250.6 3
4 10 85.3 159.5 1
9 6 103.7 254.2 2
1 5 159.4 281.2 4
4 2 200.4 274.2 2
3 5 78.4 259.6 2
9 7 2.4 149.7 2
5 7 57.5 162.3 2
EOF
