NUM_STATIONS: 10
NUM_REQUESTS: 40
NUM_VEHICLES: 2
VEHICLE_CAPACITY: 2
DISTANCES
0 1 4.3
1 2 4.7
2 3 7.7
3 4 5.3
4 5 3.2
5 6 1.5
6 7 9.1
7 8 3.7
8 9 3.4
9 0 3.5
REQUEST_SECTION
2 7 286.9 658.4 1
8 10 221.5 322.0 2
4 9 16.9 242.0 1
1 7 239.6 618.9 1
9 5 274.7 614.9 1
8 6 46.9 106.7 1
2 6 20.4 101.3 2
6 5 100.3 306.9 1
4 9 77.8 160.4 2
6 9 148.6 415.2 1
1 5 277.9 515.7 1
3 8 92.9 326.5 2
9 10 327.4 423.7 1
4 5 222.4 381.8 2
5 6 274.6 398.3 1
3 9 269.7 339.8 2
5 7 104.9 450.4 2
0 5 39.5 427.3 1
5 10 263.1 655.1 1
0 2 11.0 352.0 1
0 4 193.6 455.8 2
1 7 139.5 524.5 1
0 3 181.5 426.4 2
9 3 133.0 327.5 1
3 6 101.5 461.4 2
9 7 127.9 467.8 1
4 7 8.1 208.2 1
2 5 161.5 415.4 1
2 5 7.0 237.2 1
0 4 152.2 404.1 1
0 9 160.8 358.7 1
7 1 179.1 392.1 1
7 2 307.7 551.5 2
1 9 332.5 579.4 2
2 7 196.9 561.4 1
9 8 276.7 409.3 2
7 6 168.7 500.6 1
4 2 234.0 302.2 1
1 6 344.4 595.8 2
4 1 48.3 262.3 2
EOF
