NUM_STATIONS: 10
NUM_REQUESTS: 20
NUM_VEHICLES: 1
VEHICLE_CAPACITY: 8
DISTANCES
0 1 8.3
1 2 2.5
2 3 8.9
3 4 6.4
4 5 8.5
5 6 5.9
6 7 7.6
7 8 9.1
8 9 7.1
9 0 6.5
REQUEST_SECTION
4 1 91.1 356.4 4
9 3 422.3 518.4 3
9 10 599.4 1073.3 1
7 2 203.0 706.1 3
9 1 490.0 990.1 5
4 2 217.2 542.1 8
1 10 596.1 1191.4 7
1 5 502.5 1079.6 4
5 7 586.9 856.0 5
6 7 532.2 882.5 4
2 1 102.3 679.0 2
0 3 411.8 961.0 7
8 5 502.6 750.6 5
0 6 534.6 1024.5 6
3 2 535.6 733.8 6
1 2 250.5 682.2 5
0 9 89.8 544.6 3
2 5 696.6 1275.0 8
2 1 383.9 711.4 2
9 8 318.6 400.9 2
EOF
