NUM_STATIONS: 10
NUM_REQUESTS: 40
NUM_VEHICLES: 3
VEHICLE_CAPACITY: 8
DISTANCES
0 1 3.4
1 2 6.2
2 3 7.9
3 4 7.1
4 5 5.2
5 6 1.5
6 7 5.2
7 8 1.2
8 9 5.0
9 0 2.1
REQUEST_SECTION
3 7 221.5 403.1 8
4 5 253.4 417.1 5
4 5 260.5 445.0 7
2 9 65.3 171.0 2
4 6 261.9 370.0 6
2 7 59.5 148.4 4
2 4 76.0 210.7 6
5 6 140.6 315.8 4
4 1 265.2 446.0 4
0 7 272.4 378.3 2
6 3 235.2 345.8 5
0 2 129.5 196.3 5
9 3 237.2 342.1 2
7 6 201.7 369.5 7
7 5 59.7 242.4 1
3 7 226.2 282.1 8
4 2 193.1 379.8 5
0 9 209.9 367.6 1
2 3 75.7 199.0 4
2 9 213.2 372.7 5
0 4 98.1 178.8 8
2 10 283.6 377.5 3
2 6 184.9 249.4 3
8 4 287.4 377.1 2
3 7 143.1 307.9 5
0 1 132.9 262.9 1
7 1 256.7 312.4 1
8 4 134.4 180.7 3
0 3 164.2 339.7 3
9 7 221.4 274.7 8
0 4 162.6 324.9 5
7 2 126.5 238.6 8
8 6 290.9 463.8 1
4 10 151.4 218.8 1
9 6 144.8 206.0 7
1 5 173.2 361.0 5
4 2 141.3 250.0 2
3 5 66.9 244.9 6
9 7 30.4 100.9 1
5 7 100.3 270.2 7
EOF
