NUM_STATIONS: 10
NUM_REQUESTS: 160
NUM_VEHICLES: 3
VEHICLE_CAPACITY: 4
DISTANCES
0 1 3.6
1 2 7.3
2 3 7.4
3 4 1.6
4 5 9.1
5 6 1.1
6 7 5.1
7 8 5.3
8 9 9.0
9 0 2.6
REQUEST_SECTION
0 6 940.4 1465.1 2
6 7 321.0 427.5 2
7 6 882.6 946.5 2
0 1 528.6 1267.2 1
4 3 982.8 1522.9 1
6 10 521.0 1449.1 4
5 2 218.2 635.6 2
1 3 421.6 1108.9 4
0 6 19.6 955.5 2
6 1 300.4 758.4 4
4 5 764.8 1321.4 4
6 2 242.0 757.9 3
3 4 561.0 873.3 3
3 4 105.1 359.2 1
7 9 662.3 1418.5 4
9 3 444.4 697.7 2
9 7 433.5 1428.4 3
4 8 313.7 429.5 3
3 7 843.5 1205.8 2
2 3 740.3 937.5 1
0 7 446.3 1121.0 3
1 5 179.9 391.6 2
8 2 741.2 955.5 4
5 3 151.1 906.9 4
5 9 687.1 1070.7 1
1 6 41.6 766.0 2
1 6 400.2 892.9 2
4 2 328.5 1178.0 4
5 3 84.4 663.2 4
4 7 525.0 582.4 2
6 5 628.0 893.7 2
3 7 641.1 746.7 1
5 3 284.1 1299.5 4
4 9 833.0 1847.3 2
2 6 140.0 966.0 1
8 4 711.2 1369.5 1
0 3 245.8 474.0 3
8 9 301.3 1204.7 4
9 5 154.5 425.6 1
5 7 990.0 1183.8 2
1 5 380.2 1273.9 4
6 8 85.4 154.3 1
3 8 753.5 991.4 4
8 5 328.0 614.3 2
3 10 543.6 707.0 4
8 7 795.5 1416.9 4
9 4 510.8 1255.6 3
6 2 994.2 1743.1 2
9 7 254.6 769.4 1
0 8 262.8 855.5 2
3 9 433.7 1348.0 2
7 10 234.2 1147.2 1
7 3 86.4 433.1 4
4 1 845.8 1092.1 1
1 3 715.9 1065.1 4
4 9 778.9 1292.0 3
6 7 54.1 962.5 3
3 9 139.0 815.7 2
1 5 757.7 875.0 2
9 7 572.5 755.2 3
4 8 222.7 516.2 4
7 10 632.0 1602.3 1
2 9 362.9 569.8 1
8 1 406.1 915.4 1
1 7 401.4 1032.3 1
8 5 679.1 882.2 4
7 3 20.7 792.9 4
3 5 180.6 880.7 3
0 5 1012.8 1261.0 3
9 4 238.0 329.1 3
5 8 272.2 1168.1 3
9 8 527.9 1563.7 4
6 9 957.5 1036.3 3
8 1 465.1 1440.7 2
6 7 163.1 259.4 1
6 1 381.3 1132.4 2
3 5 836.2 1105.3 3
4 7 305.2 858.2 2
6 3 8.1 496.1 4
4 5 948.9 1699.9 1
0 1 29.5 603.1 2
8 5 531.3 1108.2 1
3 4 105.0 290.7 2
2 6 408.6 1114.9 4
9 4 181.8 541.5 4
6 8 594.9 1216.6 1
6 2 623.8 1577.6 2
7 2 234.2 1220.4 4
1 8 451.5 761.9 1
9 5 836.1 1699.9 4
6 2 582.1 1408.7 4
1 5 151.8 1212.6 2
5 4 210.5 809.4 2
8 10 641.5 930.1 1
3 6 86.8 1060.6 1
5 2 545.0 1194.1 4
6 3 828.9 1590.7 4
4 6 915.1 1694.1 1
5 7 616.5 1288.7 3
2 3 809.3 1283.5 3
4 9 271.8 498.0 4
4 1 406.5 762.4 3
5 6 205.7 457.3 4
5 10 973.2 1509.3 4
8 9 373.2 908.5 3
3 5 534.6 1198.8 1
3 8 261.8 771.2 1
7 8 314.1 396.9 2
4 8 648.4 1557.7 3
1 6 931.5 1407.2 1
3 9 1010.7 1700.9 1
0 8 286.1 612.6 3
0 5 601.6 1333.7 1
1 8 345.2 644.5 3
3 6 210.7 464.0 2
7 1 260.7 754.9 1
7 1 73.0 674.5 1
4 1 809.6 1136.7 3
1 2 360.9 610.4 4
8 5 716.4 1521.0 1
6 4 762.5 1657.4 4
3 6 444.1 523.0 1
2 8 357.3 480.5 4
6 1 285.4 1157.6 1
6 10 564.3 1554.8 4
0 2 1021.2 1813.0 4
0 1 871.7 1267.1 2
3 9 251.1 1104.7 3
2 8 580.2 764.9 1
4 5 1028.3 1126.0 1
1 5 451.0 1224.2 2
4 2 810.5 923.6 2
1 3 761.1 1072.5 3
1 3 359.7 1307.8 1
6 1 112.3 1115.5 4
8 9 604.4 1326.8 2
7 6 908.1 1556.2 3
1 7 957.8 1238.1 4
6 1 749.4 1036.2 3
4 6 561.3 674.2 2
3 9 758.2 1553.7 2
2 9 266.7 560.3 3
6 9 669.6 1157.4 4
2 4 551.6 617.5 4
9 6 200.3 1274.5 3
1 6 499.0 1012.3 3
3 2 581.1 1161.3 2
4 1 356.4 1027.1 4
8 9 668.8 1105.5 4
4 3 258.6 1224.1 3
7 5 345.7 462.8 4
3 5 765.3 932.0 4
6 7 392.7 655.3 3
9 5 933.5 1708.1 4
6 5 44.6 259.1 2
3 8 624.2 1288.6 4
4 9 232.5 673.7 2
4 10 670.5 1224.3 3
6 8 130.2 1136.4 4
3 1 286.3 1215.1 1
EOF
