NUM_STATIONS: 10
NUM_REQUESTS: 20
NUM_VEHICLES: 3
VEHICLE_CAPACITY: 4
DISTANCES
0 1 6.6
1 2 8.7
2 3 5.9
3 4 9.0
4 5 3.2
5 6 7.2
6 7 4.7
7 8 8.2
8 9 3.5
9 0 6.8
REQUEST_SECTION
3 5 49.0 141.4 2
1 7 40.5 168.3 2
4 5 4.3 211.4 3
0 6 109.3 282.1 1
1 7 70.3 280.8 1
6 7 113.5 288.7 1
0 8 1.1 177.4 2
1 4 148.7 246.2 4
0 5 38.8 226.2 4
6 1 12.6 176.3 2
0 8 100.7 180.0 3
8 2 79.5 251.1 1
8 2 27.7 181.0 3
4 1 53.4 273.1 4
4 7 56.7 153.7 4
5 10 75.3 194.9 3
7 3 128.6 252.1 1
6 2 117.9 232.0 3
0 8 70.4 195.6 4
5 8 68.4 238.6 2
EOF
