NUM_STATIONS: 10
NUM_REQUESTS: 160
NUM_VEHICLES: 3
VEHICLE_CAPACITY: 2
DISTANCES
0 1 3.6
1 2 7.3
2 3 7.4
3 4 1.6
4 5 9.1
5 6 1.1
6 7 5.1
7 8 5.3
8 9 9.0
9 0 2.6
REQUEST_SECTION
0 6 629.7 871.8 2
6 7 424.5 484.0 1
7 6 183.4 663.3 1
0 1 620.3 796.0 2
4 3 874.0 1527.0 1
6 10 466.1 582.1 2
5 2 944.5 1489.5 1
1 3 945.9 1565.6 1
0 6 92.1 426.0 2
6 1 555.8 620.3 1
4 5 1349.1 1647.1 2
6 2 34.4 387.0 1
3 4 1029.7 1328.4 2
3 4 60.6 405.7 1
7 9 418.4 528.4 1
9 3 847.9 1238.2 2
9 7 1080.9 1695.2 2
4 8 719.5 1434.9 1
3 7 744.3 1403.5 2
2 3 1197.2 1698.8 1
0 7 418.8 473.3 1
1 5 353.6 977.5 2
8 2 675.7 1386.9 2
5 3 85.6 233.1 2
5 9 541.1 913.6 2
1 6 691.2 1406.6 2
1 6 618.5 833.6 2
4 2 45.6 598.5 1
5 3 202.5 755.4 2
4 7 33.1 623.1 1
6 5 1146.5 1496.3 1
3 7 1284.6 1528.6 1
5 3 1279.6 1840.3 2
4 9 31.5 515.4 2
2 6 1285.5 1806.3 1
8 4 187.1 270.6 1
0 3 869.3 1516.6 2
8 9 98.4 694.1 2
9 5 1154.8 1826.5 1
5 7 538.6 913.6 1
1 5 290.4 685.1 1
6 8 351.0 504.4 1
3 8 600.2 1146.6 2
8 5 1223.5 1720.1 2
3 10 318.5 605.2 1
8 7 550.0 950.9 2
9 4 789.7 873.5 2
6 2 827.2 1189.3 2
9 7 778.0 1008.1 1
0 8 605.8 959.1 2
3 9 406.6 655.2 2
7 10 1017.1 1245.6 1
7 3 307.5 910.9 1
4 1 1259.8 1914.7 1
1 3 382.4 497.3 1
4 9 340.7 581.3 2
6 7 482.5 737.4 2
3 9 756.6 962.4 1
1 5 438.3 1097.1 2
9 7 743.6 1156.1 1
4 8 353.0 867.4 1
7 10 55.5 250.0 1
2 9 1378.0 2001.1 2
8 1 321.5 668.4 2
1 7 914.9 1491.7 2
8 5 1246.1 1447.4 1
7 3 584.3 1068.3 1
3 5 187.4 274.5 1
0 5 1390.1 1684.4 1
9 4 561.2 875.5 2
5 8 236.1 816.7 1
9 8 359.5 1067.7 2
6 9 1258.1 1871.7 2
8 1 1082.0 1276.6 2
6 7 365.8 742.8 1
6 1 7.0 471.3 1
3 5 1067.4 1335.6 2
4 7 522.8 1193.4 1
6 3 454.6 705.8 2
4 5 657.0 1089.8 2
0 1 632.7 1206.1 2
8 5 102.5 291.4 1
3 4 1202.1 1436.9 1
2 6 1212.1 1350.9 1
9 4 195.0 396.2 1
6 8 1043.0 1109.8 1
6 2 894.6 1475.7 1
7 2 112.1 697.6 1
1 8 361.7 510.7 2
9 5 1241.7 1664.2 1
6 2 311.0 991.0 1
1 5 458.5 511.7 1
5 4 827.0 910.3 1
8 10 483.1 1204.6 2
3 6 833.7 1330.9 1
5 2 1372.3 1464.2 2
6 3 660.1 1355.1 2
4 6 248.1 310.9 1
5 7 1338.9 1698.8 2
2 3 678.4 779.0 1
4 9 162.9 379.3 2
4 1 909.8 1598.6 2
5 6 837.5 1317.6 2
5 10 553.1 1258.8 1
8 9 112.0 548.5 1
3 5 496.9 577.7 1
3 8 1291.2 1507.2 1
7 8 798.4 1404.3 2
4 8 1177.2 1781.1 1
1 6 602.5 821.6 1
3 9 842.6 1401.9 1
0 8 655.8 780.7 2
0 5 723.9 855.7 1
1 8 1314.3 1864.7 2
3 6 1162.3 1247.6 2
7 1 793.6 1114.8 1
7 1 944.2 1285.8 2
4 1 500.9 952.3 1
1 2 1027.8 1429.3 2
8 5 1286.6 1729.6 1
6 4 431.8 803.8 1
3 6 243.3 978.6 2
2 8 1230.5 1412.5 1
6 1 1164.5 1860.4 1
6 10 1267.5 1759.5 2
0 2 893.7 1606.7 1
0 1 1291.6 1384.9 2
3 9 921.7 1491.4 1
2 8 942.8 1216.6 1
4 5 885.0 1455.6 2
1 5 535.2 1022.9 2
4 2 1020.3 1407.2 1
1 3 1187.4 1874.5 2
1 3 896.3 1593.4 2
6 1 729.2 959.0 1
8 9 566.5 1066.2 2
7 6 241.9 596.6 1
1 7 1223.3 1276.0 2
6 1 536.4 677.5 2
4 6 344.1 569.5 2
3 9 639.6 1248.9 1
2 9 715.8 1266.3 1
6 9 1292.1 1898.5 1
2 4 445.3 1147.9 2
9 6 433.6 962.8 1
1 6 72.7 792.9 1
3 2 409.6 723.1 1
4 1 864.5 1380.2 1
8 9 1327.1 1405.4 1
4 3 1128.3 1391.7 2
7 5 294.7 601.7 1
3 5 872.1 991.3 2
6 7 249.1 444.7 1
9 5 737.4 902.6 2
6 5 705.4 819.2 2
3 8 1350.3 1775.6 2
4 9 621.0 1153.7 1
4 10 168.4 621.8 2
6 8 1044.5 1622.7 2
3 1 333.8 764.9 1
EOF
