NUM_STATIONS: 10
NUM_REQUESTS: 40
NUM_VEHICLES: 2
VEHICLE_CAPACITY: 1
DISTANCES
0 1 2.8
1 2 2.9
2 3 8.4
3 4 7.3
4 5 6.1
5 6 1.6
6 7 8.4
7 8 7.7
8 9 3.2
9 0 1.5
REQUEST_SECTION
4 8 24.9 247.8 1
3 10 296.4 359.4 1
6 4 182.2 250.5 1
1 6 226.0 464.2 1
0 4 182.6 424.6 1
5 3 111.0 247.9 1
6 9 53.9 343.9 1
1 10 86.3 199.4 1
1 9 42.4 251.7 1
0 6 275.0 382.7 1
6 9 30.4 217.7 1
5 6 257.6 347.1 1
9 3 330.4 386.4 1
6 2 27.7 176.3 1
9 3 248.2 380.2 1
0 2 180.8 379.9 1
9 5 362.1 570.5 1
7 4 38.0 121.0 1
1 5 332.8 630.0 1
5 4 289.9 586.0 1
8 5 284.8 471.2 1
7 6 214.4 459.0 1
4 1 73.2 222.7 1
4 10 288.3 522.2 1
7 5 6.4 98.2 1
1 10 267.0 340.1 1
3 5 188.1 437.2 1
2 5 194.3 428.8 1
6 8 358.8 477.8 1
4 7 112.3 376.5 1
9 1 227.7 289.0 1
6 3 218.9 324.6 1
8 9 270.8 345.1 1
6 3 15.6 225.8 1
5 2 188.1 241.7 1
8 5 212.4 279.0 1
7 9 355.7 621.7 1
5 4 179.7 466.6 1
0 2 266.3 552.3 1
2 4 350.4 443.8 1
EOF
