NUM_STATIONS: 10
NUM_REQUESTS: 160
NUM_VEHICLES: 1
VEHICLE_CAPACITY: 4
DISTANCES
0 1 6.3
1 2 1.5
2 3 7.8
3 4 9.8
4 5 9.9
5 6 6.9
6 7 1.6
7 8 5.2
8 9 2.2
9 0 6.8
REQUEST_SECTION
3 7 2919.6 5047.8 3
2 4 1407.7 1468.9 1
2 7 62.3 1170.6 4
7 4 3833.4 5709.8 2
4 10 3379.1 5273.6 1
1 4 1690.1 2907.9 2
2 1 2804.9 2944.8 4
5 9 798.5 3135.6 4
7 3 4005.7 6083.6 2
0 7 3005.6 3458.1 4
0 3 3649.2 5216.1 2
0 5 2927.0 3776.4 2
0 3 3011.8 4754.6 3
8 4 180.6 1000.9 3
3 4 3211.4 4784.7 3
0 7 4051.9 5575.1 2
5 4 1935.0 2992.4 4
9 8 564.0 2532.1 2
8 6 4571.9 5631.5 1
9 7 2777.8 3219.5 4
9 4 4641.3 5110.2 1
2 4 1127.6 3120.2 1
9 3 2124.4 3606.0 4
9 5 4238.8 5827.5 1
1 6 662.5 831.3 2
9 4 958.1 2868.3 3
9 2 1176.1 2156.1 2
7 2 1551.4 2128.2 4
3 9 2491.0 4660.0 3
1 2 2726.0 3858.7 2
5 6 3315.2 3397.2 3
0 8 1940.5 3094.8 1
1 4 2229.9 3293.4 3
8 3 3130.5 3327.1 1
0 1 3964.1 4695.9 4
3 2 69.4 1904.4 3
9 8 765.0 1374.4 3
0 9 170.3 1630.6 1
7 6 2115.2 3084.0 3
6 2 684.9 2067.3 1
2 3 2705.7 3134.1 2
2 3 3313.8 4124.3 3
2 8 3685.1 5185.2 4
7 3 2390.0 4653.4 2
5 1 304.3 1867.6 3
9 6 158.6 701.6 2
0 2 4562.3 5522.0 4
5 2 2884.5 3352.1 2
0 4 2046.8 2768.4 3
0 1 251.4 1899.7 1
8 5 4404.8 5144.4 3
1 9 2463.2 3609.1 4
9 10 3808.0 4862.3 3
9 10 2907.7 3936.8 3
3 10 131.4 961.2 2
0 5 1134.2 3181.7 4
9 3 37.8 2375.9 4
1 7 419.6 1029.9 1
2 9 879.2 1466.6 1
2 9 3277.3 3732.1 3
2 7 2490.0 3220.8 1
5 1 2732.5 3227.8 2
6 4 4089.0 6208.8 1
1 4 1998.5 2407.4 1
5 3 1513.3 1933.3 2
2 5 41.4 1735.1 1
4 10 2341.3 4692.0 2
0 6 3514.7 5173.6 3
3 2 4506.9 6861.7 3
6 1 2551.0 4730.3 4
6 1 2374.8 3999.7 4
7 1 3384.8 3889.2 3
9 10 3012.7 3243.1 3
3 4 4233.4 4430.8 1
3 6 591.8 1587.8 3
1 4 2773.1 2985.5 4
2 4 3048.5 5338.2 2
6 9 540.4 726.0 2
3 7 3238.3 5366.3 3
9 4 4405.8 5241.8 1
5 4 2643.5 5003.2 4
0 3 4378.0 4795.4 4
1 3 3069.0 3592.0 4
9 1 2146.2 3075.3 1
4 3 124.9 2358.7 3
9 10 4640.6 6463.0 4
8 7 687.7 2934.2 2
1 7 1318.9 3187.8 3
7 6 662.2 2516.6 3
2 5 1910.9 2763.6 4
0 2 938.8 2430.1 1
5 7 162.2 1030.1 3
3 7 2506.3 3894.4 4
4 10 645.3 1848.6 4
5 10 2917.9 3121.2 4
7 5 2030.4 2549.2 1
1 6 53.7 1325.6 3
7 1 4260.4 4557.2 1
1 5 2165.2 2315.1 3
6 8 2646.9 2712.2 4
3 5 3735.6 3962.9 1
9 7 3837.8 5421.9 1
4 9 401.6 2641.2 1
7 4 3468.1 4354.1 2
4 9 2470.0 2997.2 1
8 2 2219.6 3828.6 1
4 9 4241.7 5733.1 2
2 1 96.5 762.2 2
8 10 3276.1 5226.0 1
5 1 3873.4 4442.1 3
9 1 3600.2 4458.5 2
0 4 1445.5 3226.4 3
0 2 4169.8 4833.3 4
6 1 3016.9 4578.4 3
5 4 4054.8 6191.1 3
5 1 748.2 2157.5 4
0 9 2449.1 4774.8 1
6 9 2491.8 3333.5 4
6 5 1771.6 3573.6 4
7 9 523.4 1019.0 3
8 6 1239.3 1901.3 2
1 6 3048.2 4620.1 2
2 8 3104.6 4171.6 1
1 9 3311.3 4714.8 2
0 8 373.1 801.8 2
7 1 172.2 2509.0 2
3 9 681.3 2977.8 1
7 10 667.0 1883.5 3
2 4 4096.7 5309.3 4
8 7 2380.1 4572.7 1
7 1 3444.7 4522.3 2
3 7 2189.3 3762.7 3
9 5 3826.8 3914.5 1
0 8 1356.1 2721.8 2
9 3 4617.4 6401.5 4
5 8 2466.9 2696.1 1
1 3 941.7 2464.7 4
1 9 690.1 2930.0 3
5 9 3620.3 4562.2 1
2 5 1984.2 3454.8 4
8 3 4622.3 6675.9 4
1 8 1101.4 2453.6 1
6 9 3046.1 4099.4 4
0 9 3077.7 4371.8 3
4 7 107.4 876.4 2
2 8 2487.0 2731.2 2
1 6 3889.9 5394.7 4
1 10 4152.2 4875.9 4
0 5 3392.0 4200.9 1
3 9 4230.1 4587.9 3
5 9 3682.2 5050.6 2
4 5 1440.0 2291.1 4
7 1 2793.1 4659.3 2
9 1 3767.6 4310.2 2
4 10 2164.1 2335.5 2
6 1 2942.7 3431.6 4
7 3 886.0 3148.9 4
3 8 2700.3 4515.4 2
0 9 579.0 1857.8 2
5 3 3502.1 4576.0 3
EOF
