NUM_STATIONS: 10
NUM_REQUESTS: 20
NUM_VEHICLES: 3
VEHICLE_CAPACITY: 2
DISTANCES
0 1 10.0
1 2 3.1
2 3 7.4
3 4 2.1
4 5 5.5
5 6 6.0
6 7 3.5
7 8 7.1
8 9 7.6
9 0 5.4
REQUEST_SECTION
4 9 116.8 289.2 1
8 3 60.2 235.8 2
4 3 44.2 216.0 1
5 2 135.4 311.9 2
7 5 46.8 164.6 1
3 6 92.7 160.6 1
9 4 19.7 132.3 2
5 4 47.9 236.6 2
7 6 137.9 311.4 2
5 4 127.2 257.8 1
6 8 55.8 252.4 2
3 1 90.7 263.1 1
3 10 41.1 226.8 1
8 9 35.9 237.4 2
8 3 109.3 230.1 2
3 2 15.1 170.9 2
0 3 90.2 156.3 1
1 3 91.0 255.6 1
7 5 16.1 195.4 2
8 7 110.6 199.0 1
EOF
