NUM_STATIONS: 10
NUM_REQUESTS: 160
NUM_VEHICLES: 2
VEHICLE_CAPACITY: 2
DISTANCES
0 1 7.9
1 2 8.7
2 3 5.6
3 4 8.4
4 5 6.3
5 6 1.2
6 7 4.8
7 8 8.8
8 9 1.4
9 0 2.6
REQUEST_SECTION
0 1 77.2 1222.3 1
7 1 1747.3 2823.6 1
6 4 2222.6 2758.9 2
1 3 596.9 1011.5 2
3 4 61.5 257.4 1
6 5 506.3 688.4 1
7 4 553.7 1576.4 1
2 1 489.4 752.8 2
6 2 1702.8 2275.3 2
1 2 2154.1 2714.7 2
1 6 239.5 300.1 2
5 4 1393.8 2174.6 1
4 2 2093.3 2587.7 2
8 6 734.2 1176.4 2
6 7 344.0 1126.1 2
7 1 893.8 1979.7 1
6 5 120.6 205.3 2
0 8 324.2 1300.0 2
9 7 1644.7 2190.0 1
7 3 1405.6 2394.6 2
5 6 830.6 1229.0 2
1 10 801.5 1636.4 1
9 4 1103.3 1445.6 1
0 1 539.4 1501.4 1
3 5 7.7 927.3 2
8 7 1717.0 2153.2 1
3 8 2218.6 2632.9 1
0 1 1800.2 2375.7 1
7 2 238.8 1337.5 2
4 6 1990.6 2158.5 1
1 9 1139.0 2162.2 1
1 7 1049.1 2023.9 2
7 10 508.5 864.2 1
4 6 2114.4 2542.6 2
7 5 2029.7 2604.6 2
8 1 2217.9 2472.0 2
2 8 1676.0 2686.9 2
3 10 2175.4 2308.4 1
7 8 1514.2 2640.0 1
7 10 2100.0 2768.2 2
3 7 1085.2 1851.9 1
9 10 158.7 535.1 1
5 2 140.7 240.3 1
7 1 2163.9 3105.3 2
1 10 827.9 1200.8 1
9 10 1671.8 2659.4 2
3 4 754.1 1283.2 1
9 10 587.5 1003.1 1
5 6 682.0 1527.9 1
1 4 973.8 2101.0 1
1 3 459.5 1282.6 2
8 2 172.3 724.5 1
2 7 245.3 514.0 1
8 1 173.0 752.8 1
3 6 696.4 1525.8 2
6 7 933.8 1378.1 1
4 9 1346.8 1549.7 2
3 5 1957.0 2586.5 2
5 6 1987.8 2782.8 1
9 5 1886.5 2712.2 2
4 10 1821.7 2361.4 1
0 4 372.2 431.4 1
9 10 1198.5 2220.3 2
1 7 878.7 1854.3 1
8 6 709.2 1326.7 1
2 8 857.9 1619.4 2
5 1 214.6 1320.0 2
9 1 1391.9 2170.0 1
8 4 1499.7 2538.0 2
6 4 438.9 1112.6 2
3 5 1529.9 2513.3 2
7 1 1788.5 1922.6 1
0 7 59.5 666.1 1
5 9 1629.6 2411.9 1
1 9 1881.5 2334.1 2
4 1 439.9 625.0 1
9 3 1808.2 2460.7 2
8 5 2099.6 2664.6 2
6 10 1765.6 2262.5 1
7 1 1133.2 1907.7 1
3 10 1284.8 2420.5 1
6 8 219.6 1035.4 2
5 8 1859.3 2713.2 2
9 8 925.6 1761.5 2
7 4 2111.6 2900.4 2
0 4 886.1 1366.4 1
2 9 1949.8 2455.9 1
0 7 566.3 1157.0 1
0 4 1574.8 1761.3 1
1 6 1564.8 2439.1 2
0 6 142.2 1241.2 1
0 5 1823.0 2923.4 1
7 1 2.1 1055.6 2
1 3 901.6 1469.8 1
3 8 1260.9 2285.6 1
7 2 631.0 687.4 2
6 2 1501.8 2198.3 1
8 9 924.9 1923.6 1
0 3 1012.7 1244.8 2
2 7 578.3 1104.2 1
6 1 1609.1 2115.6 2
8 9 612.0 1129.9 1
6 4 1632.4 1794.4 2
0 4 2153.9 2488.6 1
7 3 1955.9 2624.9 1
6 4 877.3 1160.4 2
3 8 1060.7 2095.4 1
9 7 1189.1 2280.0 2
3 1 702.8 1847.0 2
2 8 925.1 1738.5 2
3 2 231.3 1180.3 1
1 10 950.7 1025.9 1
8 5 1080.1 2193.3 2
1 8 1566.0 1923.2 2
1 10 1721.6 1856.6 2
8 10 2224.5 2882.6 2
6 8 147.5 384.7 1
3 6 2126.6 2769.8 1
8 9 1995.1 2327.4 2
2 7 364.0 1488.7 1
0 7 121.4 732.7 2
6 2 2094.6 3162.8 1
3 1 1753.4 2159.2 1
5 8 447.5 1361.6 2
4 6 2149.9 2650.3 2
5 3 814.7 1083.8 1
6 1 965.0 1424.3 2
2 9 1511.7 2377.8 1
1 10 366.1 1396.3 2
0 5 1919.3 2539.2 1
1 5 858.8 1933.0 2
7 6 1122.2 1945.4 1
1 6 737.5 938.7 1
5 10 208.9 1374.3 2
4 10 1739.0 2754.0 2
7 8 222.8 380.7 2
5 7 74.8 1048.4 2
5 8 13.1 182.6 2
3 8 1078.2 1167.8 1
6 8 1577.3 1686.3 1
7 1 981.2 2082.3 2
9 6 398.9 984.5 1
1 10 804.9 1281.6 1
1 5 1803.0 1933.8 1
1 9 333.4 713.5 1
4 6 716.4 1340.8 1
7 6 1496.1 2445.7 2
6 9 1513.9 2022.2 1
7 2 330.1 1122.9 1
5 7 1966.0 2583.9 1
7 10 1306.6 2017.3 1
3 8 139.8 238.2 1
1 3 1988.5 2649.7 1
2 8 1757.2 2309.0 1
4 2 1863.0 2443.6 2
5 8 2169.7 2508.4 2
4 2 1147.7 1789.1 2
4 2 690.3 1212.8 2
9 8 1063.9 1488.8 1
0 9 1383.4 2422.2 2
EOF
