NUM_STATIONS: 10
NUM_REQUESTS: 80
NUM_VEHICLES: 3
VEHICLE_CAPACITY: 1
DISTANCES
0 1 7.9
1 2 8.1
2 3 2.5
3 4 7.9
4 5 2.3
5 6 7.4
6 7 8.2
7 8 1.4
8 9 7.4
9 0 3.5
REQUEST_SECTION
9 4 450.8 938.3 1
8 6 120.3 523.1 1
1 2 662.8 733.6 1
8 4 581.9 870.8 1
2 7 46.3 267.3 1
1 8 692.3 753.9 1
5 7 413.4 927.7 1
1 9 717.9 1075.6 1
1 4 675.7 1075.7 1
4 6 168.1 317.4 1
0 8 288.1 852.1 1
7 6 344.6 463.6 1
7 6 533.5 642.5 1
4 10 270.4 859.1 1
8 2 470.0 562.8 1
1 4 337.5 502.5 1
2 8 561.7 1077.3 1
0 3 510.7 925.7 1
8 6 264.9 435.4 1
8 1 646.0 781.5 1
9 8 331.6 904.7 1
6 3 311.0 659.1 1
2 4 623.1 838.1 1
3 10 389.5 584.3 1
5 6 425.6 564.8 1
5 6 90.4 438.3 1
2 9 352.5 649.7 1
6 8 686.6 1005.1 1
9 10 14.3 354.7 1
5 8 561.0 629.2 1
0 5 335.4 464.9 1
2 4 419.4 635.7 1
3 9 179.7 796.0 1
0 3 235.3 744.6 1
5 6 682.8 1065.3 1
5 10 3.9 459.1 1
4 8 174.2 529.5 1
9 4 185.6 276.4 1
1 9 619.4 738.2 1
0 9 356.8 620.8 1
6 3 178.7 779.5 1
0 1 232.2 634.6 1
8 1 347.0 858.0 1
3 9 73.2 565.8 1
4 2 10.4 187.6 1
5 10 123.8 281.5 1
9 2 364.2 521.4 1
2 5 609.4 1036.5 1
3 4 561.6 924.9 1
3 1 434.9 955.3 1
3 2 504.1 574.7 1
4 3 635.0 961.0 1
1 4 436.4 1030.2 1
2 7 167.7 497.8 1
1 9 196.6 461.4 1
0 6 650.7 722.3 1
5 2 591.5 1040.5 1
8 2 97.8 537.2 1
8 4 707.5 1073.6 1
2 4 542.5 694.5 1
6 8 407.2 990.9 1
2 9 564.5 775.5 1
2 8 315.2 610.0 1
1 8 620.7 1074.7 1
9 7 256.9 593.3 1
6 2 484.2 785.6 1
2 8 506.0 958.6 1
0 4 115.9 372.3 1
7 10 26.7 522.3 1
2 4 603.2 1032.0 1
6 1 584.9 871.5 1
5 2 666.7 1220.8 1
6 8 366.1 850.9 1
7 5 439.4 1042.4 1
8 10 292.0 604.7 1
5 2 483.4 721.0 1
9 7 642.7 782.8 1
7 6 216.0 380.9 1
4 9 630.2 884.9 1
3 10 284.3 537.6 1
EOF
