NUM_STATIONS: 10
NUM_REQUESTS: 160
NUM_VEHICLES: 2
VEHICLE_CAPACITY: 1
DISTANCES
0 1 6.3
1 2 1.5
2 3 7.8
3 4 9.8
4 5 9.9
5 6 6.9
6 7 1.6
7 8 5.2
8 9 2.2
9 0 6.8
REQUEST_SECTION
3 7 1231.8 1892.1 1
2 4 509.8 1807.6 1
2 7 1110.8 2760.8 1
7 4 1048.9 1889.1 1
4 10 504.3 1933.9 1
1 4 436.1 1269.6 1
2 1 432.8 1824.4 1
5 9 1147.3 2015.2 1
7 3 1090.1 2542.1 1
0 7 1073.0 2376.2 1
0 3 1027.5 2001.6 1
0 5 537.1 2113.4 1
0 3 1576.9 2958.5 1
8 4 765.3 2298.3 1
3 4 466.7 1628.4 1
0 7 821.0 1214.9 1
5 4 1228.3 2160.6 1
9 8 894.3 1924.0 1
8 6 1461.6 2033.9 1
9 7 1556.4 1788.9 1
9 4 480.2 1350.4 1
2 4 1642.9 2146.1 1
9 3 1589.6 1978.3 1
9 5 44.5 1461.9 1
1 6 784.0 2526.9 1
9 4 586.9 1454.8 1
9 2 1514.1 2099.6 1
7 2 910.0 1706.3 1
3 9 317.1 1401.2 1
1 2 1079.7 1799.4 1
5 6 368.0 1962.9 1
0 8 660.7 2170.6 1
1 4 1223.2 2503.9 1
8 3 835.5 1829.3 1
0 1 928.2 1895.9 1
3 2 1183.7 1535.3 1
9 8 536.1 787.2 1
0 9 748.1 1884.7 1
7 6 211.8 908.8 1
6 2 1701.5 3156.6 1
2 3 1336.5 2824.0 1
2 3 872.9 1589.9 1
2 8 307.5 1140.6 1
7 3 520.1 1128.5 1
5 1 629.9 2318.0 1
9 6 977.4 2232.7 1
0 2 1148.1 1427.1 1
5 2 1344.9 2460.8 1
0 4 938.0 2173.2 1
0 1 438.9 1747.0 1
8 5 1333.1 2617.8 1
1 9 1539.1 1827.8 1
9 10 352.9 1317.5 1
9 10 971.7 1443.7 1
3 10 39.3 274.2 1
0 5 614.9 1136.0 1
9 3 1082.4 1977.5 1
1 7 1737.6 1862.9 1
2 9 19.1 1299.5 1
2 9 1111.8 2547.8 1
2 7 1679.4 2594.2 1
5 1 768.0 1673.4 1
6 4 1243.6 1842.4 1
1 4 117.0 1071.3 1
5 3 801.6 2486.6 1
2 5 952.8 1356.9 1
4 10 854.6 1316.0 1
0 6 1021.8 1081.4 1
3 2 318.5 860.0 1
6 1 1453.8 2977.2 1
6 1 1167.7 2058.7 1
7 1 256.2 1076.2 1
9 10 803.8 2339.1 1
3 4 648.8 811.1 1
3 6 1356.4 1596.4 1
1 4 1220.4 2366.9 1
2 4 1596.4 2922.3 1
6 9 163.0 1133.5 1
3 7 668.4 1875.3 1
9 4 1454.6 1666.2 1
5 4 209.2 1607.7 1
0 3 1286.1 1534.9 1
1 3 989.0 2395.4 1
9 1 43.8 648.1 1
4 3 1528.0 2881.2 1
9 10 736.6 1133.6 1
8 7 48.3 1611.2 1
1 7 887.5 1147.6 1
7 6 249.6 1365.0 1
2 5 1438.1 1649.4 1
0 2 1382.6 3118.2 1
5 7 1393.5 1665.8 1
3 7 959.1 2581.0 1
4 10 16.1 1081.3 1
5 10 1014.1 2259.2 1
7 5 1404.4 2143.6 1
1 6 1003.9 1507.2 1
7 1 1490.5 2613.6 1
1 5 1328.7 1884.6 1
6 8 1029.1 1336.3 1
3 5 562.0 731.2 1
9 7 244.9 460.6 1
4 9 1672.2 3309.3 1
7 4 1302.4 2457.4 1
4 9 1616.4 2059.7 1
8 2 376.9 1827.6 1
4 9 478.9 2056.7 1
2 1 710.3 980.9 1
8 10 1053.2 1174.9 1
5 1 582.8 1441.2 1
9 1 227.7 573.0 1
0 4 1506.8 1598.4 1
0 2 514.0 1001.3 1
6 1 1018.8 2640.6 1
5 4 1303.0 3100.6 1
5 1 1452.4 1669.7 1
0 9 1670.3 2010.1 1
6 9 805.2 1481.0 1
6 5 423.6 1413.7 1
7 9 566.4 2088.1 1
8 6 845.5 2532.1 1
1 6 99.9 1732.2 1
2 8 603.8 1892.0 1
1 9 262.6 2045.1 1
0 8 389.8 2116.4 1
7 1 1520.1 1593.7 1
3 9 1314.8 1683.8 1
7 10 93.1 322.1 1
2 4 256.1 973.0 1
8 7 466.7 860.6 1
7 1 178.0 984.1 1
3 7 800.9 1368.6 1
9 5 1106.9 2460.9 1
0 8 905.1 2432.8 1
9 3 967.2 2695.4 1
5 8 1498.2 1799.8 1
1 3 1547.7 2958.1 1
1 9 903.5 1206.1 1
5 9 71.6 1209.3 1
2 5 1413.9 2566.3 1
8 3 1668.8 2181.8 1
1 8 146.1 375.2 1
6 9 155.7 341.9 1
0 9 988.2 1543.4 1
4 7 713.4 891.1 1
2 8 1571.5 2936.0 1
1 6 537.9 1245.3 1
1 10 574.1 1350.3 1
0 5 1054.9 1634.2 1
3 9 174.4 1010.5 1
5 9 842.0 2068.0 1
4 5 226.1 1068.1 1
7 1 1078.6 2099.5 1
9 1 745.0 1288.5 1
4 10 514.5 660.3 1
6 1 578.2 1448.9 1
7 3 1334.6 1955.1 1
3 8 143.1 1300.1 1
0 9 1170.1 2067.3 1
5 3 1326.8 2725.4 1
EOF
