NUM_STATIONS: 10
NUM_REQUESTS: 80
NUM_VEHICLES: 3
VEHICLE_CAPACITY: 8
DISTANCES
0 1 9.9
1 2 5.8
2 3 2.8
3 4 4.2
4 5 8.2
5 6 9.6
6 7 7.3
7 8 4.0
8 9 8.9
9 0 4.1
REQUEST_SECTION
8 2 355.6 685.4 3
3 8 431.3 969.1 7
0 4 691.9 766.4 6
4 8 389.2 644.1 6
7 10 554.5 952.7 5
4 1 5.8 139.7 1
1 9 704.3 1375.6 1
3 6 500.7 1178.7 8
5 9 432.9 963.3 4
9 5 329.6 417.2 5
1 7 749.1 1009.3 6
7 3 696.2 1151.0 7
9 7 502.9 678.7 6
1 6 333.8 754.9 2
5 3 740.2 1066.7 4
0 4 263.3 733.3 1
7 1 98.5 314.8 8
0 4 688.7 1261.5 1
2 9 4.1 514.4 8
0 6 345.5 457.8 6
0 9 748.5 1322.8 2
4 10 383.0 980.5 4
2 5 273.6 589.4 5
1 10 575.9 877.2 2
7 10 130.9 304.3 7
2 10 341.0 515.3 5
3 8 129.2 703.5 5
5 8 149.2 574.2 4
6 8 859.4 1415.0 8
6 5 218.2 837.0 2
5 10 808.4 926.3 1
2 8 735.7 966.0 7
8 9 322.5 481.0 2
2 7 502.5 658.0 7
4 6 863.0 1517.6 6
5 8 840.2 1010.7 8
9 8 554.1 1246.1 5
3 1 393.1 1032.9 3
3 4 453.0 808.0 1
2 6 664.4 874.8 1
4 9 20.6 300.4 7
7 5 117.4 512.4 7
6 4 551.6 740.5 5
7 3 148.0 483.9 4
5 10 243.2 891.4 8
3 8 759.4 1205.6 4
9 6 525.4 799.8 3
5 1 582.7 753.7 3
8 4 401.2 830.1 7
0 5 729.9 848.3 4
5 10 155.0 684.2 1
7 5 270.5 570.8 7
6 10 704.6 1267.1 6
6 1 141.9 327.1 3
2 6 30.7 460.5 6
4 5 686.1 784.6 7
7 3 679.7 1041.1 2
0 4 96.4 673.8 6
0 9 323.8 799.7 5
4 10 619.1 1134.2 3
2 1 159.7 637.4 6
1 10 344.5 791.2 3
0 7 533.6 696.4 8
0 4 820.1 937.6 8
2 6 384.5 812.5 8
6 8 522.5 1106.2 3
7 9 207.6 464.7 8
0 1 92.5 728.7 6
3 6 12.0 435.1 3
5 1 628.7 1024.5 5
1 8 636.7 919.7 2
7 5 154.9 727.1 8
3 2 764.5 1120.7 7
2 5 742.6 1230.7 4
4 2 595.6 905.7 4
7 10 217.0 471.6 3
3 7 191.8 686.6 7
4 6 852.6 1305.4 3
1 2 852.6 1403.4 8
1 8 325.9 484.3 1
EOF
