NUM_STATIONS: 10
NUM_REQUESTS: 40
NUM_VEHICLES: 2
VEHICLE_CAPACITY: 4
DISTANCES
0 1 5.8
1 2 5.9
2 3 5.5
3 4 4.6
4 5 6.6
5 6 8.5
6 7 2.2
7 8 4.0
8 9 2.7
9 0 5.9
REQUEST_SECTION
5 3 52.9 228.5 1
6 3 186.8 488.0 1
4 5 303.6 463.6 3
3 7 61.3 131.6 2
8 3 167.8 225.0 3
2 5 68.7 136.2 1
2 8 141.8 289.9 1
4 7 253.7 505.0 4
9 1 118.1 387.5 3
2 4 224.9 435.6 1
1 10 16.8 301.2 4
7 2 43.4 194.8 2
5 4 159.0 302.5 3
2 8 338.6 416.4 2
2 5 349.0 589.9 3
8 3 133.8 275.2 4
6 2 19.4 158.0 1
9 5 288.2 513.8 1
5 8 272.3 398.1 1
6 9 173.0 391.8 1
3 2 156.6 359.7 4
7 2 13.4 86.6 3
3 5 321.2 434.7 2
9 2 247.7 334.8 2
9 5 25.0 260.0 4
5 3 212.1 304.7 4
5 9 139.7 355.7 4
1 9 28.2 86.5 4
0 4 76.8 386.5 1
3 5 270.8 503.0 3
8 7 353.1 606.1 4
3 4 203.7 420.7 4
7 2 75.3 352.1 2
9 8 100.6 187.8 1
4 6 114.0 319.9 1
2 3 188.5 256.0 4
2 9 49.3 320.8 4
3 1 346.3 604.5 2
4 2 241.6 478.8 1
3 8 223.9 463.0 4
EOF
