NUM_STATIONS: 10
NUM_REQUESTS: 80
NUM_VEHICLES: 2
VEHICLE_CAPACITY: 4
DISTANCES
0 1 8.0
1 2 8.3
2 3 3.5
3 4 6.0
4 5 1.1
5 6 2.5
6 7 5.2
7 8 7.5
8 9 5.8
9 0 8.4
REQUEST_SECTION
9 3 100.4 472.8 2
9 7 122.8 760.9 1
9 1 493.0 1006.4 4
2 6 505.1 1042.1 3
5 4 797.2 1123.2 1
6 5 89.2 372.9 4
3 2 773.0 1638.0 3
6 2 197.6 818.5 1
0 9 542.3 747.8 4
3 8 718.9 1243.4 2
1 2 69.0 669.4 1
9 2 715.7 850.4 3
4 3 609.2 1042.1 3
3 8 696.8 1080.2 2
8 3 21.6 382.9 3
8 5 349.0 534.1 4
8 5 454.0 680.4 1
0 3 311.4 405.5 3
7 10 12.9 75.7 4
2 10 95.1 716.9 3
7 9 452.6 829.5 2
6 5 732.3 1466.0 1
4 8 802.3 1468.3 4
6 10 31.7 811.1 3
3 4 516.7 1153.6 3
9 5 11.6 171.4 2
7 6 659.6 1223.1 1
9 7 19.3 768.8 4
5 9 507.4 679.7 3
5 7 178.9 639.9 2
6 1 57.0 155.6 2
7 4 510.2 1154.3 4
2 8 752.7 986.7 4
9 1 74.1 797.9 3
4 1 549.5 1246.7 1
5 6 82.7 469.8 3
0 9 136.5 731.2 3
8 2 117.4 587.0 4
6 3 381.0 682.8 3
6 9 686.7 1567.2 4
9 7 208.8 950.3 1
2 8 424.8 663.3 3
6 8 337.6 658.7 2
5 2 317.6 944.3 4
4 6 104.5 855.0 2
4 9 718.8 885.6 4
4 9 409.9 840.1 3
9 8 164.8 650.1 3
6 4 20.1 174.4 2
8 6 344.5 1127.2 4
4 3 786.4 1447.1 1
9 10 31.4 539.9 4
8 7 569.9 1288.5 2
7 1 82.7 186.6 2
1 3 418.1 1055.6 1
6 3 623.3 1305.3 1
8 3 557.3 1007.5 1
4 6 686.9 1247.9 2
6 9 758.2 948.3 3
9 4 25.4 532.9 1
7 8 768.5 1579.1 4
6 3 681.4 1072.5 4
7 5 312.1 803.3 1
9 3 427.8 1228.4 1
1 9 264.7 354.5 2
8 1 181.2 952.2 2
9 8 279.1 932.4 2
9 7 587.7 690.6 1
6 7 386.8 1218.2 3
5 9 591.3 1395.1 4
1 5 158.4 927.3 4
8 6 230.5 304.0 2
2 1 414.2 1296.8 2
1 7 186.4 823.9 3
4 6 222.0 630.7 2
0 3 330.6 750.8 3
1 10 90.2 274.9 2
7 8 782.6 1670.5 4
9 6 712.1 895.0 4
3 10 116.9 394.3 1
EOF
