NUM_STATIONS: 10
NUM_REQUESTS: 40
NUM_VEHICLES: 3
VEHICLE_CAPACITY: 1
DISTANCES
0 1 3.4
1 2 6.2
2 3 7.9
3 4 7.1
4 5 5.2
5 6 1.5
6 7 5.2
7 8 1.2
8 9 5.0
9 0 2.1
REQUEST_SECTION
3 7 17.4 132.0 1
4 5 275.3 433.0 1
4 5 115.2 222.9 1
2 9 30.1 156.7 1
4 6 215.5 295.4 1
2 7 97.6 212.0 1
2 4 116.3 210.3 1
5 6 199.3 365.8 1
4 1 139.4 331.8 1
0 7 62.6 113.1 1
6 3 10.5 93.3 1
0 2 146.3 196.2 1
9 3 101.2 153.1 1
7 6 75.9 200.7 1
7 5 235.7 401.1 1
3 7 199.4 255.5 1
4 2 58.1 165.8 1
0 9 200.6 329.5 1
2 3 39.0 190.1 1
2 9 181.2 229.9 1
0 4 260.5 349.9 1
2 10 234.7 356.6 1
2 6 230.9 287.7 1
8 4 48.1 204.8 1
3 7 149.6 214.5 1
0 1 219.6 334.1 1
7 1 14.6 107.8 1
8 4 268.3 326.1 1
0 3 273.2 373.7 1
9 7 92.5 235.7 1
0 4 112.0 261.2 1
7 2 151.5 294.6 1
8 6 64.4 228.8 1
4 10 269.6 410.6 1
9 6 264.3 377.1 1
1 5 89.7 182.6 1
4 2 130.2 252.5 1
3 5 179.6 229.6 1
9 7 47.8 185.9 1
5 7 259.6 337.9 1
EOF
