NUM_STATIONS: 10
NUM_REQUESTS: 40
NUM_VEHICLES: 2
VEHICLE_CAPACITY: 8
DISTANCES
0 1 5.5
1 2 7.8
2 3 7.1
3 4 4.8
4 5 4.5
5 6 3.9
6 7 2.7
7 8 6.4
8 9 8.5
9 0 7.6
REQUEST_SECTION
8 7 358.6 668.6 2
8 6 346.7 719.3 1
7 5 271.0 395.4 7
5 10 220.8 314.3 6
6 9 206.1 425.2 8
3 4 309.5 557.6 5
4 2 15.6 213.2 6
5 3 152.7 506.1 7
5 10 366.8 552.3 3
2 9 240.8 313.2 8
2 8 406.3 611.9 8
0 7 427.8 721.2 1
4 5 291.7 618.6 4
3 9 420.3 602.1 1
5 7 422.2 593.5 4
8 4 430.5 757.8 8
9 8 402.3 503.4 8
2 10 307.2 661.2 2
4 7 113.6 587.8 8
4 10 67.3 303.2 5
7 2 218.4 626.8 5
3 5 140.9 418.0 7
1 9 75.0 430.5 5
9 8 297.5 509.6 6
5 1 55.4 311.7 4
5 3 401.0 693.6 1
5 8 94.1 307.8 8
5 6 203.0 626.6 5
0 1 140.1 431.0 8
5 2 3.0 218.9 3
5 3 53.0 271.3 2
1 10 265.1 674.9 4
2 4 221.6 671.2 6
8 3 261.5 451.3 4
5 7 5.8 84.6 3
1 10 423.3 496.0 8
5 1 115.0 202.4 6
2 6 120.5 614.4 6
7 5 310.3 715.9 3
8 7 385.7 448.7 5
EOF
