NUM_STATIONS: 10
NUM_REQUESTS: 40
NUM_VEHICLES: 3
VEHICLE_CAPACITY: 4
DISTANCES
0 1 4.3
1 2 4.7
2 3 7.7
3 4 5.3
4 5 3.2
5 6 1.5
6 7 9.1
7 8 3.7
8 9 3.4
9 0 3.5
REQUEST_SECTION
2 7 34.6 124.7 1
8 10 211.9 270.9 2
4 9 236.6 396.3 2
1 7 99.8 288.5 3
9 5 134.1 219.8 1
8 6 15.2 201.2 3
2 6 155.2 258.3 2
6 5 265.3 421.7 2
4 9 253.8 303.0 3
6 9 242.6 475.0 1
1 5 37.2 188.6 1
3 8 269.7 322.1 2
9 10 268.6 382.6 4
4 5 23.3 152.8 1
5 6 217.7 332.1 4
3 9 166.7 347.9 3
5 7 45.5 273.7 4
0 5 39.5 99.4 1
5 10 217.9 485.8 4
0 2 201.2 415.2 2
0 4 10.5 283.0 4
1 7 199.6 317.8 1
0 3 107.4 255.4 2
9 3 50.9 249.3 3
3 6 206.8 295.9 4
9 7 138.3 253.0 2
4 7 44.5 93.4 1
2 5 274.1 361.8 4
2 5 9.9 132.2 3
0 4 64.0 287.7 1
0 9 167.1 274.8 3
7 1 80.3 191.8 4
7 2 50.1 162.4 4
1 9 97.8 246.1 2
2 7 210.9 444.9 3
9 8 94.4 225.7 3
7 6 147.8 405.4 3
4 2 269.2 328.0 2
1 6 96.6 279.2 3
4 1 204.8 274.0 4
EOF
