NUM_STATIONS: 10
NUM_REQUESTS: 40
NUM_VEHICLES: 3
VEHICLE_CAPACITY: 8
DISTANCES
0 1 5.5
1 2 7.8
2 3 7.1
3 4 4.8
4 5 4.5
5 6 3.9
6 7 2.7
7 8 6.4
8 9 8.5
9 0 7.6
REQUEST_SECTION
8 7 159.4 402.3 2
8 6 86.5 176.2 2
7 5 163.9 236.8 4
5 10 99.2 185.9 6
6 9 78.5 236.9 3
3 4 117.6 332.6 8
4 2 231.7 471.0 2
5 3 44.4 109.1 2
5 10 246.7 464.9 3
2 9 65.4 304.3 1
2 8 251.4 443.9 8
0 7 206.3 305.6 8
4 5 191.6 303.6 4
3 9 75.1 153.3 1
5 7 158.1 381.4 1
8 4 223.5 395.8 6
9 8 23.1 213.7 1
2 10 234.2 294.0 7
4 7 191.8 261.4 6
4 10 238.3 315.9 6
7 2 100.6 353.4 1
3 5 222.9 451.1 6
1 9 267.0 516.7 3
9 8 77.2 136.4 8
5 1 204.5 308.0 2
5 3 54.0 262.4 3
5 8 87.1 236.8 3
5 6 10.7 254.2 8
0 1 288.7 363.3 1
5 2 283.4 410.6 8
5 3 103.5 187.0 8
1 10 81.3 282.7 8
2 4 60.6 241.6 1
8 3 215.4 293.1 7
5 7 52.3 244.9 6
1 10 114.1 188.3 8
5 1 50.8 253.3 2
2 6 100.4 291.0 2
7 5 147.6 232.4 1
8 7 34.6 143.9 5
EOF
