NUM_STATIONS: 10
NUM_REQUESTS: 20
NUM_VEHICLES: 3
VEHICLE_CAPACITY: 1
DISTANCES
0 1 10.0
1 2 3.1
2 3 7.4
3 4 2.1
4 5 5.5
5 6 6.0
6 7 3.5
7 8 7.1
8 9 7.6
9 0 5.4
REQUEST_SECTION
4 9 129.7 270.9 1
8 3 173.0 248.5 1
4 3 7.5 88.9 1
5 2 15.7 113.7 1
7 5 144.4 257.2 1
3 6 122.9 220.9 1
9 4 178.0 237.9 1
5 4 178.9 325.1 1
7 6 73.5 181.8 1
5 4 98.7 226.7 1
6 8 144.1 256.6 1
3 1 63.6 150.4 1
3 10 66.9 186.9 1
8 9 1.2 150.5 1
8 3 32.6 136.5 1
3 2 154.3 223.8 1
0 3 133.2 256.4 1
1 3 46.7 164.3 1
7 5 160.1 219.3 1
8 7 188.4 264.4 1
EOF
