NUM_STATIONS: 10
NUM_REQUESTS: 160
NUM_VEHICLES: 1
VEHICLE_CAPACITY: 8
DISTANCES
0 1 3.3
1 2 8.6
2 3 9.8
3 4 4.8
4 5 3.7
5 6 5.0
6 7 1.8
7 8 2.0
8 9 1.3
9 0 2.7
REQUEST_SECTION
9 3 869.1 3454.4 1
8 4 2330.8 3073.3 4
4 8 314.6 1236.7 7
6 3 147.8 787.3 7
8 2 2343.4 3061.5 1
7 2 1358.9 3476.4 3
8 1 380.3 2670.2 6
6 4 309.5 1887.1 3
7 2 1410.5 3949.0 2
2 6 247.2 1249.8 6
3 7 1553.6 2032.2 8
8 4 2193.5 4042.7 5
0 8 2139.8 4128.7 5
8 10 1285.7 3502.2 4
8 2 545.4 652.5 3
4 2 2548.9 5056.5 6
3 5 1783.3 2725.3 4
5 7 2558.4 2958.9 2
3 7 519.0 2690.2 2
7 4 325.3 1220.2 5
6 7 56.4 1963.2 4
3 7 1845.9 3546.7 4
5 2 2550.9 3955.4 4
4 7 2020.2 2305.1 7
3 5 1034.6 3374.3 2
1 3 849.8 1671.9 1
9 10 2550.5 3207.6 4
3 6 1662.0 2243.7 4
3 7 2527.7 3362.2 1
7 10 2032.2 2815.3 2
8 9 1344.1 2536.8 2
3 9 2212.1 3110.2 3
4 7 1186.7 3537.4 2
4 6 638.5 1525.5 2
6 10 2236.4 4534.2 2
1 3 1326.9 2498.1 1
8 7 501.2 2429.8 5
8 10 159.9 1867.6 4
2 1 1188.3 3683.0 3
5 1 558.6 804.9 5
2 4 1136.3 1969.8 7
5 10 2429.7 3837.2 8
8 6 431.4 2793.6 3
5 2 2034.0 2736.5 7
6 2 1866.4 3053.6 5
5 4 609.8 1976.1 7
0 9 1857.0 3111.1 1
3 4 317.6 2759.3 1
0 2 828.6 3035.1 1
9 7 753.4 1325.6 8
8 3 724.1 1484.6 4
1 4 281.3 731.8 5
3 1 2236.2 2849.6 3
2 7 21.5 1914.4 3
3 10 238.9 2308.1 3
2 4 1903.0 4052.4 1
5 8 294.0 652.4 2
8 1 1181.9 3154.1 6
2 3 768.2 3132.1 4
6 8 799.3 909.3 8
8 10 1965.0 2795.5 2
6 8 1742.4 2453.3 6
2 6 2217.9 2750.5 1
6 7 1920.5 2241.5 1
7 2 1253.8 3339.2 1
0 7 1386.0 3466.4 8
3 5 1594.0 3508.7 8
4 5 176.4 861.4 5
5 2 47.0 1450.4 5
5 4 2020.9 3149.1 7
5 3 1160.7 2694.2 2
3 10 2479.5 4425.8 5
6 7 1019.2 2747.0 8
2 9 446.0 1291.8 7
1 8 1507.2 3835.3 6
0 1 1307.1 3548.7 2
2 9 860.0 2019.5 7
9 5 1886.3 4270.9 2
6 5 71.8 1669.5 7
3 7 2523.8 3487.1 8
7 1 1803.1 3841.4 7
3 2 457.5 2473.3 3
2 7 263.7 2432.8 4
1 8 2154.3 3814.0 4
1 10 358.2 1436.7 2
9 8 1048.9 3588.9 8
7 8 354.9 2406.9 7
2 7 2005.3 3133.1 4
6 1 2050.7 3712.0 1
7 3 430.7 1043.6 5
8 2 674.6 1786.3 1
2 6 2492.0 3153.1 8
8 6 521.3 2565.8 2
1 3 2073.2 3438.9 6
9 5 850.2 2490.4 3
0 3 921.5 1844.3 7
5 10 613.5 1204.1 4
7 3 464.4 1701.4 4
5 10 2505.9 2765.7 8
6 2 373.4 1365.6 4
6 8 684.7 3283.9 1
8 5 1709.3 2374.4 4
0 2 2008.5 3988.5 2
9 5 920.1 2505.8 2
8 3 923.5 1414.1 4
4 9 782.9 1189.0 3
4 9 1514.8 3982.8 2
1 6 1442.4 3619.5 5
9 4 1714.4 3545.0 3
9 6 204.0 2229.2 6
0 2 2358.9 2538.2 5
6 8 1767.5 4059.5 3
6 2 2323.8 4772.6 6
2 6 772.8 3061.0 8
6 3 1330.2 3718.6 3
7 3 2558.0 4396.6 1
3 9 2474.5 4738.1 1
6 10 337.6 2339.0 4
3 2 114.5 2114.7 1
9 1 385.7 861.8 2
6 9 1674.2 3833.9 7
4 9 587.8 1631.4 5
3 9 2214.6 4418.0 2
8 5 1106.3 2262.6 5
4 5 1432.6 3907.3 8
0 4 1323.8 1467.8 3
5 8 2483.8 4114.4 2
9 10 163.4 2590.9 5
0 2 93.9 613.9 5
1 3 186.6 1880.0 8
4 2 101.0 1773.4 3
4 3 1742.7 1793.3 6
0 1 834.1 3384.9 1
9 3 414.0 2302.4 4
5 6 1589.4 4144.3 4
4 9 2286.7 2780.5 6
5 2 1998.2 3379.6 2
0 6 937.1 3398.2 5
1 9 1041.3 2062.4 7
9 3 16.9 89.5 1
4 10 601.9 2442.5 1
2 7 2209.9 3105.2 2
5 1 1759.9 4222.6 1
3 10 2207.7 3864.1 2
3 6 1291.9 2889.2 7
2 4 2085.5 2316.2 1
0 4 2262.9 3525.9 8
0 8 1959.0 4115.0 6
3 5 2509.5 4355.4 8
0 3 2287.5 4777.1 6
3 8 586.5 1863.0 1
4 9 1524.1 3690.2 1
3 10 955.5 2573.4 4
6 3 2360.8 3503.0 6
7 3 1479.8 3431.6 7
6 10 2567.1 4368.4 6
9 7 1513.1 2916.9 4
0 6 1646.4 2509.8 4
6 5 802.4 2274.5 3
7 4 1878.5 2585.0 3
EOF
