NUM_STATIONS: 10
NUM_REQUESTS: 20
NUM_VEHICLES: 3
VEHICLE_CAPACITY: 8
DISTANCES
0 1 5.2
1 2 3.6
2 3 9.0
3 4 5.2
4 5 4.6
5 6 6.8
6 7 9.5
7 8 9.5
8 9 7.9
9 0 8.3
REQUEST_SECTION
3 5 64.1 201.6 2
5 3 227.5 467.3 2
0 4 111.4 285.9 3
0 7 119.0 353.5 8
0 5 151.6 305.6 1
3 5 164.7 352.6 4
2 7 215.2 446.8 6
4 5 121.1 352.2 8
7 10 168.2 260.0 1
4 5 122.2 199.3 5
9 5 56.8 164.6 2
5 8 131.0 233.2 7
0 8 103.5 257.8 1
4 5 190.9 297.0 6
1 9 12.3 160.5 5
7 8 34.6 248.4 8
1 3 144.1 354.7 1
1 8 202.7 323.5 4
6 3 42.8 217.8 2
6 7 213.7 313.1 5
EOF
