NUM_STATIONS: 10
NUM_REQUESTS: 20
NUM_VEHICLES: 1
VEHICLE_CAPACITY: 8
DISTANCES
0 1 5.2
1 2 3.6
2 3 9.0
3 4 5.2
4 5 4.6
5 6 6.8
6 7 9.5
7 8 9.5
8 9 7.9
9 0 8.3
REQUEST_SECTION
3 5 162.2 540.5 4
5 3 517.9 859.2 8
0 4 452.9 603.2 2
0 7 224.5 467.6 7
0 5 273.9 601.0 1
3 5 376.0 881.5 3
2 7 12.4 392.0 1
4 5 400.9 582.8 2
7 10 311.7 843.0 7
4 5 215.9 327.8 3
9 5 276.8 697.9 1
5 8 384.5 806.6 6
0 8 80.3 304.7 6
4 5 128.3 421.8 3
1 9 418.5 681.9 7
7 8 383.4 725.0 3
1 3 396.4 503.8 7
1 8 43.5 423.6 7
6 3 386.5 889.0 4
6 7 413.7 633.7 5
EOF
