NUM_STATIONS: 10
NUM_REQUESTS: 80
NUM_VEHICLES: 1
VEHICLE_CAPACITY: 4
DISTANCES
0 1 9.9
1 2 5.8
2 3 2.8
3 4 4.2
4 5 8.2
5 6 9.6
6 7 7.3
7 8 4.0
8 9 8.9
9 0 4.1
REQUEST_SECTION
8 2 639.2 2312.4 3
3 8 1114.0 1218.3 4
0 4 1764.0 2170.0 4
4 8 470.2 2416.0 4
7 10 1705.9 3431.5 4
4 1 860.3 2266.3 3
1 9 1330.2 2680.7 2
3 6 1669.2 2423.8 2
5 9 1327.5 2347.9 3
9 5 860.9 2282.6 2
1 7 720.6 1270.7 4
7 3 1520.4 2704.7 2
9 7 1649.1 1935.3 4
1 6 826.5 2005.6 2
5 3 270.4 657.3 1
0 4 255.2 2103.1 1
7 1 1114.3 2969.2 4
0 4 772.6 1807.8 2
2 9 1596.3 3188.0 4
0 6 377.7 1008.2 3
0 9 1568.2 3563.9 3
4 10 631.2 2472.2 1
2 5 203.3 288.7 1
1 10 551.5 1887.4 3
7 10 12.0 2020.0 3
2 10 106.2 1584.2 2
3 8 1724.4 2353.2 4
5 8 1423.7 1535.7 2
6 8 91.7 1132.8 2
6 5 721.1 1128.6 4
5 10 1372.2 1879.9 3
2 8 1947.6 2328.1 2
8 9 442.2 2270.0 4
2 7 315.1 958.4 4
4 6 665.1 2386.8 1
5 8 1796.2 3494.9 4
9 8 815.7 909.8 4
3 1 1424.8 1519.9 2
3 4 1009.6 2012.8 4
2 6 121.4 1654.7 3
4 9 658.5 1182.5 3
7 5 420.4 2192.9 4
6 4 1423.5 1968.3 3
7 3 403.1 604.5 3
5 10 1828.2 2638.4 1
3 8 272.9 1093.1 3
9 6 401.8 855.4 1
5 1 1900.1 3082.9 3
8 4 1811.2 2121.0 3
0 5 177.8 2182.8 3
5 10 1923.0 2144.8 1
7 5 1089.1 2045.1 4
6 10 825.1 999.2 2
6 1 1012.7 2404.0 2
2 6 260.7 1674.1 3
4 5 1142.4 2634.5 2
7 3 1369.8 2168.0 2
0 4 1295.7 1713.4 4
0 9 121.0 1945.9 1
4 10 211.8 789.5 2
2 1 226.2 714.6 1
1 10 1182.2 2884.1 2
0 7 1941.1 2550.5 1
0 4 1394.1 2292.0 4
2 6 187.8 1383.0 1
6 8 857.8 1075.6 4
7 9 1074.6 1794.7 2
0 1 1501.9 2348.8 2
3 6 597.6 2418.8 3
5 1 1125.4 2150.6 3
1 8 863.5 1741.9 3
7 5 1515.7 1716.0 2
3 2 1771.6 2314.7 2
2 5 336.6 1526.7 3
4 2 617.1 1070.9 4
7 10 1689.7 2847.2 2
3 7 1869.6 2170.5 3
4 6 1311.9 1517.9 4
1 2 1374.9 3039.6 3
1 8 797.4 1655.9 4
EOF
