NUM_STATIONS: 10
NUM_REQUESTS: 20
NUM_VEHICLES: 1
VEHICLE_CAPACITY: 2
DISTANCES
0 1 8.9
1 2 4.6
2 3 7.4
3 4 8.4
4 5 9.1
5 6 4.1
6 7 8.9
7 8 3.5
8 9 7.1
9 0 5.5
REQUEST_SECTION
2 3 56.4 531.2 1
4 1 170.0 510.9 1
1 10 606.8 831.5 1
5 4 423.4 733.1 2
6 5 443.4 519.5 1
0 8 321.6 541.8 2
2 9 168.6 505.2 1
9 1 417.5 547.0 2
2 3 85.1 479.3 2
5 9 520.1 600.0 2
6 4 561.7 1050.5 1
5 1 451.2 935.8 1
8 4 232.9 492.5 2
8 1 206.0 516.9 1
9 2 320.0 538.4 2
5 8 554.1 899.9 1
3 5 82.4 491.4 1
8 1 51.1 419.5 2
4 9 455.8 836.6 1
6 4 290.9 843.1 2
EOF
