NUM_STATIONS: 10
NUM_REQUESTS: 80
NUM_VEHICLES: 1
VEHICLE_CAPACITY: 4
DISTANCES
0 1 8.0
1 2 8.3
2 3 3.5
3 4 6.0
4 5 1.1
5 6 2.5
6 7 5.2
7 8 7.5
8 9 5.8
9 0 8.4
REQUEST_SECTION
9 3 1537.4 2621.6 3
9 7 1395.6 2220.3 4
9 1 717.3 1119.1 2
2 6 84.6 245.4 3
5 4 1524.0 2366.7 3
6 5 1711.0 2181.5 1
3 2 341.6 978.1 4
6 2 340.1 1464.2 1
0 9 667.2 1823.7 2
3 8 981.7 1067.4 4
1 2 1002.1 1997.6 2
9 2 1330.4 1926.4 2
4 3 109.0 1289.1 1
3 8 1330.1 2240.7 3
8 3 267.1 1259.8 3
8 5 1473.8 2409.2 4
8 5 1550.2 2047.1 2
0 3 1460.8 1898.6 2
7 10 1568.8 2071.1 2
2 10 688.0 828.0 4
7 9 463.2 749.1 4
6 5 930.7 1587.7 4
4 8 794.8 1509.2 2
6 10 1419.7 1862.2 3
3 4 2124.2 2808.4 2
9 5 192.5 293.7 2
7 6 207.0 366.9 3
9 7 941.5 1650.5 1
5 9 1865.2 2974.2 1
5 7 920.9 1039.7 1
6 1 104.1 559.3 1
7 4 1960.2 2770.3 4
2 8 1670.1 1826.2 2
9 1 2112.3 2694.6 2
4 1 2035.4 2390.2 3
5 6 970.1 2031.3 4
0 9 5.6 716.3 4
8 2 973.8 1781.7 3
6 3 1026.7 1677.7 2
6 9 1677.9 1792.6 1
9 7 2219.5 3331.6 1
2 8 855.8 2035.7 4
6 8 626.3 1388.6 3
5 2 1665.3 1982.5 1
4 6 1919.2 2466.5 3
4 9 1435.7 2407.6 2
4 9 1187.0 1720.8 2
9 8 1871.0 2118.4 4
6 4 949.0 1587.6 1
8 6 451.8 704.6 2
4 3 1952.5 2440.3 3
9 10 577.1 933.1 4
8 7 347.6 1324.7 2
7 1 227.7 470.8 1
1 3 1172.0 1698.0 2
6 3 1201.1 1494.1 4
8 3 603.7 1595.9 1
4 6 954.1 1949.6 3
6 9 1003.8 1465.0 2
9 4 84.5 405.3 3
7 8 2193.2 2467.3 2
6 3 1015.1 1921.0 2
7 5 1432.0 1560.2 2
9 3 1609.3 2787.5 4
1 9 1890.2 2615.6 4
8 1 2103.5 2413.5 2
9 8 1226.1 1423.5 1
9 7 2042.8 2182.9 1
6 7 629.1 1032.3 4
5 9 1094.1 1243.5 1
1 5 1435.9 1749.2 3
8 6 709.6 888.1 2
2 1 378.5 839.9 2
1 7 230.1 445.5 3
4 6 153.7 343.9 3
0 3 176.7 846.2 4
1 10 1298.7 1698.7 1
7 8 1814.6 2165.0 3
9 6 1079.6 1366.1 2
3 10 2212.5 2286.8 1
EOF
