NUM_STATIONS: 10
NUM_REQUESTS: 80
NUM_VEHICLES: 1
VEHICLE_CAPACITY: 1
DISTANCES
0 1 2.4
1 2 8.8
2 3 9.2
3 4 4.4
4 5 2.3
5 6 10.0
6 7 6.1
7 8 3.9
8 9 6.9
9 0 4.1
REQUEST_SECTION
4 2 1718.8 2210.6 1
1 6 164.8 515.5 1
9 8 495.1 1050.6 1
7 1 1296.5 1951.1 1
1 5 485.8 660.2 1
5 9 1390.2 1524.2 1
1 5 10.5 1135.4 1
5 6 956.7 1729.1 1
2 8 1087.1 1989.6 1
6 1 1534.5 1924.2 1
5 3 1668.9 2641.6 1
2 7 906.7 1784.4 1
5 9 1075.8 1522.8 1
0 2 648.5 1473.3 1
1 8 702.7 964.0 1
7 10 671.2 1478.5 1
1 3 454.0 831.3 1
5 3 472.9 720.4 1
2 5 96.4 513.1 1
4 8 172.3 729.8 1
2 4 968.5 1896.3 1
4 2 1002.4 1969.6 1
7 10 1486.4 2149.2 1
5 6 1373.7 1713.6 1
5 9 1196.5 1989.0 1
7 6 761.2 1879.3 1
1 5 548.0 1251.0 1
1 2 412.9 1462.2 1
9 1 674.0 1611.4 1
3 7 736.6 1343.1 1
7 2 559.1 1344.9 1
1 7 266.8 1155.6 1
3 8 1013.6 1488.3 1
1 5 570.9 1008.7 1
1 8 1114.9 1397.1 1
3 9 1582.9 2350.1 1
1 10 1560.5 2694.3 1
7 2 920.4 1100.9 1
3 6 110.0 1246.9 1
8 7 1718.6 1975.3 1
1 2 217.6 448.4 1
0 7 581.9 659.4 1
0 3 864.3 1897.9 1
0 4 1502.0 1715.9 1
6 5 476.8 784.9 1
5 8 548.0 1481.1 1
1 10 1433.2 1519.8 1
5 6 897.4 1729.4 1
4 7 391.4 608.1 1
8 9 104.6 244.2 1
5 8 1604.5 1685.7 1
6 7 537.7 1296.2 1
0 8 1168.5 1639.2 1
1 9 620.8 859.4 1
0 5 1130.8 1431.1 1
0 4 778.0 1946.4 1
4 9 646.4 1088.3 1
3 1 398.8 861.7 1
7 2 271.3 639.4 1
5 8 1271.2 1922.4 1
2 10 612.6 1059.6 1
7 9 1469.3 1918.4 1
8 5 621.7 811.3 1
5 6 1446.8 2535.1 1
8 2 205.9 461.8 1
5 2 1231.8 1758.4 1
5 1 1599.4 2035.6 1
8 7 1401.8 2473.5 1
3 7 869.9 961.5 1
4 7 292.1 1311.0 1
6 4 1036.0 1670.3 1
9 7 95.6 628.2 1
9 3 333.9 640.9 1
9 5 1144.2 1226.5 1
9 10 475.1 1113.6 1
8 10 828.9 936.9 1
9 6 1090.4 2244.7 1
3 9 1128.1 1792.0 1
2 9 945.6 1160.3 1
2 4 1701.9 2004.2 1
EOF
