NUM_STATIONS: 10
NUM_REQUESTS: 20
NUM_VEHICLES: 3
VEHICLE_CAPACITY: 1
DISTANCES
0 1 6.6
1 2 8.7
2 3 5.9
3 4 9.0
4 5 3.2
5 6 7.2
6 7 4.7
7 8 8.2
8 9 3.5
9 0 6.8
REQUEST_SECTION
3 5 149.9 277.3 1
1 7 55.4 210.2 1
4 5 7.9 167.6 1
0 6 28.0 200.5 1
1 7 36.1 202.6 1
6 7 2.3 96.9 1
0 8 129.2 341.0 1
1 4 145.0 326.9 1
0 5 15.0 152.6 1
6 1 102.1 170.6 1
0 8 47.0 126.8 1
8 2 106.1 195.4 1
8 2 33.3 204.3 1
4 1 52.0 134.1 1
4 7 57.2 230.4 1
5 10 58.2 176.5 1
7 3 141.8 326.9 1
6 2 44.4 237.1 1
0 8 1.3 131.5 1
5 8 86.9 223.8 1
EOF
