NUM_STATIONS: 10
NUM_REQUESTS: 160
NUM_VEHICLES: 3
VEHICLE_CAPACITY: 2
DISTANCES
0 1 6.3
1 2 1.5
2 3 7.8
3 4 9.8
4 5 9.9
5 6 6.9
6 7 1.6
7 8 5.2
8 9 2.2
9 0 6.8
REQUEST_SECTION
3 7 1106.1 1670.5 2
2 4 409.7 583.0 1
2 7 100.7 1090.6 2
7 4 54.7 516.9 1
4 10 240.6 594.2 2
1 4 5.0 394.0 1
2 1 857.9 1295.5 2
5 9 800.6 1781.2 2
7 3 792.7 1494.8 2
0 7 455.6 1480.8 1
0 3 241.9 1247.1 1
0 5 949.2 1898.6 1
0 3 300.0 1106.4 1
8 4 896.1 1481.6 1
3 4 1096.1 1354.7 1
0 7 1117.9 2285.6 1
5 4 14.6 1063.6 2
9 8 527.2 947.5 1
8 6 190.0 976.7 2
9 7 923.5 1284.1 2
9 4 591.8 1438.0 2
2 4 434.0 868.0 2
9 3 1096.2 1675.3 2
9 5 1.1 244.5 2
1 6 825.8 946.8 1
9 4 326.3 1066.3 2
9 2 1104.4 2058.2 2
7 2 910.5 1195.4 2
3 9 591.7 1512.8 2
1 2 646.9 1785.6 1
5 6 908.2 1613.5 1
0 8 2.3 743.1 2
1 4 1030.8 2090.6 2
8 3 762.6 1504.5 1
0 1 1091.6 1932.9 2
3 2 1056.9 2246.0 2
9 8 820.6 1486.1 1
0 9 202.0 264.1 1
7 6 502.5 684.2 2
6 2 639.2 1011.2 1
2 3 131.6 885.8 1
2 3 617.7 1544.2 2
2 8 1152.1 1536.9 1
7 3 867.6 1690.6 1
5 1 668.3 1454.1 2
9 6 352.2 1086.0 2
0 2 1076.0 1752.1 2
5 2 860.5 1737.1 1
0 4 633.1 1641.6 2
0 1 171.2 952.5 2
8 5 684.4 1529.3 2
1 9 511.9 1257.9 1
9 10 859.4 1164.1 2
9 10 440.1 1251.3 1
3 10 554.9 1458.4 1
0 5 351.4 975.7 1
9 3 65.6 1211.3 1
1 7 185.5 851.6 1
2 9 1110.5 2003.3 2
2 9 968.0 1058.4 1
2 7 117.6 884.5 2
5 1 363.4 1290.7 2
6 4 702.5 1534.5 1
1 4 839.3 1980.8 2
5 3 412.8 1465.7 1
2 5 890.4 1108.5 2
4 10 219.8 1034.4 2
0 6 687.2 1614.7 2
3 2 1112.0 2275.4 1
6 1 720.3 1494.9 2
6 1 301.7 389.3 1
7 1 436.7 1311.5 2
9 10 134.1 880.6 2
3 4 967.7 1204.5 2
3 6 436.0 1353.7 1
1 4 380.4 1251.6 2
2 4 159.2 1136.0 2
6 9 633.4 1624.0 1
3 7 1102.3 2102.2 2
9 4 748.3 1305.9 2
5 4 111.7 1208.8 2
0 3 17.3 1106.2 2
1 3 840.1 1934.3 2
9 1 842.0 1606.9 2
4 3 132.5 1039.2 1
9 10 215.7 617.9 2
8 7 1003.3 2208.4 2
1 7 54.4 508.6 2
7 6 314.6 1388.6 2
2 5 1022.4 2135.4 1
0 2 796.7 1183.0 1
5 7 775.1 1540.0 2
3 7 163.4 277.1 2
4 10 715.8 947.6 2
5 10 0.4 173.0 2
7 5 417.6 1502.3 2
1 6 1103.6 1894.6 1
7 1 51.9 877.1 2
1 5 98.3 1291.4 2
6 8 416.7 1483.2 2
3 5 428.0 854.3 2
9 7 21.2 201.9 2
4 9 330.2 1421.5 1
7 4 866.1 1335.9 2
4 9 1056.1 2127.4 2
8 2 329.5 493.4 1
4 9 271.2 983.2 2
2 1 523.1 830.7 2
8 10 1132.1 1235.3 1
5 1 926.0 1241.6 2
9 1 814.6 1965.1 1
0 4 1019.4 1676.6 2
0 2 592.1 1283.5 2
6 1 774.8 1150.4 1
5 4 79.4 1026.7 1
5 1 193.6 1129.8 1
0 9 335.2 696.0 1
6 9 832.8 1465.4 1
6 5 485.6 874.6 2
7 9 73.2 397.9 2
8 6 958.5 1546.4 1
1 6 790.6 888.0 2
2 8 310.2 463.3 1
1 9 497.1 1149.2 2
0 8 1057.7 1354.0 1
7 1 20.1 642.6 1
3 9 1052.3 1150.5 2
7 10 425.7 572.4 2
2 4 893.6 1994.8 1
8 7 407.2 1132.2 2
7 1 439.3 958.7 1
3 7 1136.0 1230.5 2
9 5 982.9 2077.5 1
0 8 627.0 1783.5 1
9 3 82.8 150.2 1
5 8 860.1 2059.0 2
1 3 253.0 633.1 1
1 9 427.6 603.2 1
5 9 1095.3 1871.2 1
2 5 591.0 677.3 2
8 3 724.6 1675.2 1
1 8 996.7 1566.0 1
6 9 432.7 901.4 2
0 9 171.1 1212.6 2
4 7 154.6 1063.6 1
2 8 252.3 826.6 2
1 6 725.0 1122.8 2
1 10 907.8 2106.6 1
0 5 490.5 927.8 2
3 9 462.5 1649.7 1
5 9 1107.2 1368.9 2
4 5 790.9 1038.0 1
7 1 803.0 1752.9 2
9 1 344.5 1202.3 2
4 10 378.7 709.8 2
6 1 879.8 1875.8 1
7 3 228.2 1137.4 2
3 8 653.7 1423.0 1
0 9 887.1 1126.6 2
5 3 811.3 1615.9 2
EOF
