NUM_STATIONS: 10
NUM_REQUESTS: 20
NUM_VEHICLES: 1
VEHICLE_CAPACITY: 2
DISTANCES
0 1 6.6
1 2 8.7
2 3 5.9
3 4 9.0
4 5 3.2
5 6 7.2
6 7 4.7
7 8 8.2
8 9 3.5
9 0 6.8
REQUEST_SECTION
3 5 341.5 718.2 2
1 7 57.0 397.4 1
4 5 123.5 432.5 1
0 6 338.2 407.8 1
1 7 428.0 723.8 2
6 7 358.0 434.0 1
0 8 183.8 315.6 2
1 4 437.5 502.4 2
0 5 42.0 281.6 2
6 1 316.6 624.4 2
0 8 95.9 322.5 1
8 2 62.7 404.7 2
8 2 120.7 196.8 2
4 1 413.4 543.2 2
4 7 380.7 513.2 2
5 10 294.9 427.0 1
7 3 372.0 650.1 1
6 2 435.2 691.1 1
0 8 472.3 560.5 1
5 8 117.7 318.1 1
EOF
