NUM_STATIONS: 10
NUM_REQUESTS: 40
NUM_VEHICLES: 1
VEHICLE_CAPACITY: 8
DISTANCES
0 1 5.8
1 2 5.9
2 3 5.5
3 4 4.6
4 5 6.6
5 6 8.5
6 7 2.2
7 8 4.0
8 9 2.7
9 0 5.9
REQUEST_SECTION
5 3 485.2 664.5 7
6 3 128.4 677.5 4
4 5 372.3 649.5 6
3 7 648.7 889.0 1
8 3 136.0 376.7 1
2 5 557.4 895.5 5
2 8 728.3 1019.4 8
4 7 218.9 451.3 6
9 1 63.6 207.0 6
2 4 285.2 817.0 7
1 10 125.1 657.6 2
7 2 101.5 387.1 5
5 4 520.5 1056.4 3
2 8 65.4 328.1 2
2 5 630.2 1154.5 7
8 3 774.1 916.9 1
6 2 217.0 608.7 3
9 5 669.7 1205.6 8
5 8 543.8 751.3 7
6 9 676.7 1138.4 2
3 2 61.3 117.9 2
7 2 435.3 722.8 3
3 5 664.0 1185.7 2
9 2 742.7 1146.9 2
9 5 634.4 927.3 2
5 3 768.4 1063.2 8
5 9 303.1 502.3 6
1 9 456.5 747.6 8
0 4 640.7 1045.4 2
3 5 14.3 404.4 2
8 7 565.0 818.9 6
3 4 135.5 208.0 5
7 2 89.7 425.3 4
9 8 658.8 1149.9 1
4 6 231.3 751.2 4
2 3 502.0 622.0 5
2 9 723.5 1246.8 6
3 1 197.8 397.3 4
4 2 216.2 451.3 8
3 8 294.2 550.8 7
EOF
