NUM_STATIONS: 10
NUM_REQUESTS: 20
NUM_VEHICLES: 2
VEHICLE_CAPACITY: 8
DISTANCES
0 1 6.6
1 2 8.7
2 3 5.9
3 4 9.0
4 5 3.2
5 6 7.2
6 7 4.7
7 8 8.2
8 9 3.5
9 0 6.8
REQUEST_SECTION
3 5 154.5 271.9 3
1 7 46.8 200.3 4
4 5 297.5 444.4 2
0 6 290.4 375.4 3
1 7 184.8 401.9 4
6 7 164.7 287.1 3
0 8 284.1 408.5 6
1 4 122.9 300.6 7
0 5 253.6 417.3 5
6 1 84.3 320.6 1
0 8 138.3 281.2 3
8 2 61.7 233.8 6
8 2 32.7 205.0 5
4 1 78.8 281.8 2
4 7 55.9 327.2 8
5 10 26.4 313.5 6
7 3 90.2 358.2 7
6 2 263.8 498.8 8
0 8 171.6 319.4 6
5 8 104.3 379.3 6
EOF
