NUM_STATIONS: 10
NUM_REQUESTS: 40
NUM_VEHICLES: 3
VEHICLE_CAPACITY: 8
DISTANCES
0 1 3.4
1 2 6.2
2 3 7.9
3 4 7.1
4 5 5.2
5 6 1.5
6 7 5.2
7 8 1.2
8 9 5.0
9 0 2.1
REQUEST_SECTION
3 7 148.1 372.4 8
4 5 55.5 210.0 5
4 5 221.7 360.1 7
2 9 2.0 77.9 2
4 6 223.5 335.6 6
2 7 75.7 148.2 4
2 4 88.9 183.3 6
5 6 158.8 241.7 4
4 1 18.1 237.8 4
0 7 214.3 340.1 2
6 3 119.2 349.0 5
0 2 35.0 110.7 5
9 3 215.3 407.5 2
7 6 27.0 162.2 7
7 5 19.9 133.6 1
3 7 155.6 267.6 8
4 2 216.4 411.7 5
0 9 107.7 297.1 1
2 3 174.7 395.0 4
2 9 34.6 214.1 5
0 4 219.9 486.4 8
2 10 9.8 181.6 3
2 6 159.8 280.3 3
8 4 24.5 262.9 2
3 7 199.2 451.6 5
0 1 221.9 317.3 1
7 1 194.8 360.8 1
8 4 62.6 243.3 3
0 3 25.4 136.3 3
9 7 145.4 278.0 8
0 4 161.6 345.9 5
7 2 11.0 162.9 8
8 6 66.0 193.5 1
4 10 125.0 237.7 1
9 6 217.1 317.9 7
1 5 24.2 143.5 5
4 2 21.7 177.8 2
3 5 153.8 207.8 6
9 7 91.2 345.8 1
5 7 50.2 300.1 7
EOF
