NUM_STATIONS: 10
NUM_REQUESTS: 40
NUM_VEHICLES: 2
VEHICLE_CAPACITY: 8
DISTANCES
0 1 2.8
1 2 2.9
2 3 8.4
3 4 7.3
4 5 6.1
5 6 1.6
6 7 8.4
7 8 7.7
8 9 3.2
9 0 1.5
REQUEST_SECTION
4 8 178.8 477.4 4
3 10 267.2 389.3 1
6 4 259.6 384.5 6
1 6 71.0 196.0 4
0 4 283.1 340.4 8
5 3 224.1 346.1 2
6 9 172.3 307.3 5
1 10 232.7 526.2 8
1 9 304.9 420.2 1
0 6 219.5 432.2 5
6 9 223.4 320.9 7
5 6 272.4 392.3 2
9 3 139.0 410.5 6
6 2 72.8 348.2 1
9 3 235.8 480.0 5
0 2 204.7 464.2 4
9 5 33.3 129.1 7
7 4 47.6 177.7 8
1 5 244.6 465.6 7
5 4 107.1 230.7 3
8 5 312.3 385.8 5
7 6 132.3 328.4 5
4 1 346.7 576.3 3
4 10 110.9 218.0 8
7 5 333.7 630.7 8
1 10 226.2 318.0 2
3 5 11.6 268.7 5
2 5 9.2 109.3 7
6 8 357.4 418.8 1
4 7 192.7 433.6 5
9 1 250.0 317.2 8
6 3 149.4 312.4 6
8 9 99.9 200.0 1
6 3 47.1 267.8 3
5 2 269.7 521.8 4
8 5 235.8 385.2 7
7 9 272.2 374.4 2
5 4 361.3 524.4 4
0 2 235.6 529.0 8
2 4 328.9 496.5 1
EOF
