NUM_STATIONS: 10
NUM_REQUESTS: 80
NUM_VEHICLES: 1
VEHICLE_CAPACITY: 1
DISTANCES
0 1 5.3
1 2 5.1
2 3 4.1
3 4 5.8
4 5 8.8
5 6 4.0
6 7 7.4
7 8 2.6
8 9 6.4
9 0 5.7
REQUEST_SECTION
7 4 258.5 648.8 1
7 1 300.6 1880.5 1
9 2 1825.2 3095.5 1
2 9 847.6 1070.9 1
6 10 291.0 1124.6 1
0 9 1633.4 3067.4 1
6 8 92.1 1575.2 1
2 3 1879.3 3010.5 1
4 7 133.5 1228.9 1
1 4 895.6 1775.9 1
5 9 1808.4 3423.6 1
7 1 321.6 1729.8 1
5 3 1069.4 1738.9 1
4 10 1601.7 1828.5 1
0 1 1516.6 1839.7 1
8 9 972.4 2440.7 1
8 2 660.0 856.7 1
8 4 749.0 1357.1 1
1 5 1743.3 2551.2 1
5 3 1738.9 1828.6 1
8 2 1081.9 1959.6 1
3 6 2181.5 2533.1 1
5 4 1099.4 2345.1 1
7 9 1080.4 1877.6 1
3 5 1219.8 2008.5 1
7 8 490.4 1953.5 1
0 8 1378.4 1670.3 1
9 2 219.4 497.9 1
1 6 1149.1 2464.3 1
4 7 1535.5 2986.5 1
0 7 613.2 1753.4 1
5 7 121.7 257.6 1
4 7 1388.0 1963.2 1
1 6 289.2 513.7 1
0 9 724.6 1645.1 1
8 9 2055.6 2726.9 1
2 5 1321.8 1589.4 1
1 10 1908.8 2498.9 1
3 2 1129.2 1255.3 1
9 6 717.0 2203.9 1
7 8 1208.8 2369.0 1
6 8 130.2 826.0 1
6 3 330.5 1015.5 1
0 6 758.3 1397.7 1
1 6 1155.7 1593.7 1
0 7 1094.0 2642.2 1
6 3 1090.2 2022.9 1
3 2 1653.6 2262.8 1
8 10 1470.6 2292.1 1
6 3 87.9 1609.3 1
9 8 1557.6 2261.0 1
1 6 1561.6 2822.1 1
3 2 2189.9 2256.9 1
2 5 1517.0 2500.6 1
6 1 991.0 2663.4 1
9 4 363.7 1630.5 1
7 9 1778.8 2277.4 1
1 2 602.9 1125.7 1
8 4 248.2 1544.6 1
3 7 1874.2 3270.2 1
1 8 1614.2 2187.5 1
3 5 1701.8 2731.9 1
6 4 1451.1 1627.8 1
5 9 2010.4 3403.8 1
4 3 831.0 2352.5 1
1 8 554.0 1241.2 1
0 9 216.0 1584.5 1
9 5 365.1 740.1 1
2 9 1355.1 2333.1 1
6 2 950.8 1368.4 1
9 1 1287.5 2924.6 1
9 3 2141.8 2874.3 1
5 2 1097.8 2784.9 1
8 10 1939.2 3227.2 1
3 7 306.1 1398.3 1
7 5 1644.6 2323.5 1
0 5 1742.6 2332.6 1
6 1 1823.4 2283.8 1
7 1 2195.3 3660.5 1
3 9 182.0 400.6 1
EOF
