NUM_STATIONS: 10
NUM_REQUESTS: 20
NUM_VEHICLES: 2
VEHICLE_CAPACITY: 4
DISTANCES
0 1 5.2
1 2 3.6
2 3 9.0
3 4 5.2
4 5 4.6
5 6 6.8
6 7 9.5
7 8 9.5
8 9 7.9
9 0 8.3
REQUEST_SECTION
3 5 56.5 185.2 2
5 3 123.2 358.6 4
0 4 89.3 250.4 3
0 7 48.1 275.2 3
0 5 31.3 269.3 4
3 5 165.8 246.2 4
2 7 173.9 367.5 3
4 5 181.5 280.1 3
7 10 149.0 355.6 2
4 5 197.1 288.7 1
9 5 138.9 331.8 3
5 8 204.3 372.2 1
0 8 48.0 240.1 3
4 5 251.8 323.3 1
1 9 251.1 467.0 3
7 8 253.5 390.5 1
1 3 140.4 251.4 2
1 8 22.6 231.2 3
6 3 42.8 125.3 3
6 7 15.8 228.3 4
EOF
