NUM_STATIONS: 10
NUM_REQUESTS: 80
NUM_VEHICLES: 2
VEHICLE_CAPACITY: 4
DISTANCES
0 1 5.3
1 2 5.1
2 3 4.1
3 4 5.8
4 5 8.8
5 6 4.0
6 7 7.4
7 8 2.6
8 9 6.4
9 0 5.7
REQUEST_SECTION
7 4 657.3 877.6 1
7 1 1011.4 1241.8 4
9 2 591.3 963.7 4
2 9 22.9 383.7 3
6 10 198.1 598.9 1
0 9 883.1 1364.6 3
6 8 801.8 1235.8 1
2 3 595.0 1036.8 3
4 7 895.9 1461.8 1
1 4 26.1 399.6 2
5 9 454.2 969.8 4
7 1 28.8 549.8 4
5 3 433.5 875.6 4
4 10 549.0 994.4 2
0 1 533.2 1052.3 4
8 9 554.1 855.9 1
8 2 1025.3 1486.7 4
8 4 467.4 1028.7 1
1 5 707.0 1169.5 2
5 3 533.9 659.2 4
8 2 95.0 421.0 4
3 6 110.1 323.1 4
5 4 810.8 1268.2 3
7 9 112.7 319.6 1
3 5 364.1 759.7 3
7 8 402.3 946.6 1
0 8 817.4 1020.1 4
9 2 945.9 1438.0 4
1 6 804.0 1195.0 3
4 7 736.3 1123.1 3
0 7 393.5 593.9 2
5 7 8.8 590.2 1
4 7 392.7 760.3 4
1 6 834.0 907.8 4
0 9 246.6 532.8 2
8 9 614.4 888.5 3
2 5 355.2 462.7 2
1 10 1095.9 1462.1 2
3 2 855.9 1288.0 1
9 6 991.3 1172.9 3
7 8 485.8 717.0 1
6 8 333.0 680.6 2
6 3 789.7 1305.5 3
0 6 69.9 276.8 1
1 6 563.5 637.9 3
0 7 797.1 1139.8 1
6 3 117.8 277.6 2
3 2 653.4 948.0 4
8 10 252.5 842.7 1
6 3 681.1 1181.1 4
9 8 105.3 396.0 2
1 6 60.3 210.1 2
3 2 793.8 954.0 2
2 5 525.9 1069.7 2
6 1 291.8 653.9 3
9 4 178.6 304.7 3
7 9 775.4 1163.7 4
1 2 401.5 549.1 3
8 4 663.9 1266.9 1
3 7 586.9 1117.7 2
1 8 301.5 699.2 1
3 5 1082.3 1557.3 4
6 4 110.9 589.6 2
5 9 72.7 521.4 4
4 3 342.7 901.3 2
1 8 402.7 687.9 4
0 9 1075.0 1602.0 1
9 5 1042.3 1530.9 4
2 9 572.3 799.9 2
6 2 213.8 579.6 1
9 1 573.1 979.3 3
9 3 301.5 393.7 3
5 2 92.9 604.7 1
8 10 812.4 1137.9 4
3 7 629.6 946.9 3
7 5 348.2 767.2 2
0 5 1055.1 1548.7 1
6 1 462.9 875.1 1
7 1 674.1 966.0 2
3 9 428.7 569.7 1
EOF
