NUM_STATIONS: 10
NUM_REQUESTS: 20
NUM_VEHICLES: 3
VEHICLE_CAPACITY: 1
DISTANCES
0 1 5.2
1 2 3.6
2 3 9.0
3 4 5.2
4 5 4.6
5 6 6.8
6 7 9.5
7 8 9.5
8 9 7.9
9 0 8.3
REQUEST_SECTION
3 5 34.2 188.5 1
5 3 4.2 82.8 1
0 4 125.7 276.1 1
0 7 137.9 239.6 1
0 5 88.1 157.9 1
3 5 150.0 315.3 1
2 7 75.3 223.5 1
4 5 35.5 143.4 1
7 10 161.6 309.9 1
4 5 71.8 170.7 1
9 5 97.9 232.3 1
5 8 91.6 215.2 1
0 8 104.1 182.9 1
4 5 21.8 196.4 1
1 9 113.4 186.3 1
7 8 3.8 82.5 1
1 3 146.8 312.8 1
1 8 14.9 152.9 1
6 3 92.0 217.2 1
6 7 90.5 213.6 1
EOF
