NUM_STATIONS: 10
NUM_REQUESTS: 80
NUM_VEHICLES: 3
VEHICLE_CAPACITY: 2
DISTANCES
0 1 5.3
1 2 5.1
2 3 4.1
3 4 5.8
4 5 8.8
5 6 4.0
6 7 7.4
7 8 2.6
8 9 6.4
9 0 5.7
REQUEST_SECTION
7 4 684.8 887.5 1
7 1 242.2 587.1 1
9 2 314.1 635.0 2
2 9 670.5 901.8 2
6 10 566.2 709.6 1
0 9 257.8 431.8 2
6 8 300.1 682.5 2
2 3 359.6 518.7 2
4 7 333.1 697.4 1
1 4 602.0 813.3 1
5 9 429.0 819.4 2
7 1 597.4 666.3 2
5 3 241.2 609.8 1
4 10 532.0 716.3 2
0 1 376.1 475.3 1
8 9 647.3 991.7 2
8 2 114.7 283.7 2
8 4 6.5 105.5 2
1 5 441.6 832.2 2
5 3 441.5 669.7 1
8 2 105.6 356.0 1
3 6 652.6 910.8 1
5 4 704.9 842.4 2
7 9 308.2 375.1 1
3 5 444.6 551.9 1
7 8 582.9 807.5 2
0 8 636.6 726.1 2
9 2 424.3 720.8 1
1 6 182.0 315.5 2
4 7 685.3 1085.5 2
0 7 639.6 833.8 2
5 7 726.2 833.5 2
4 7 58.3 310.1 2
1 6 358.4 704.7 2
0 9 376.5 647.6 1
8 9 545.5 739.3 1
2 5 695.1 754.4 2
1 10 313.2 400.9 2
3 2 493.1 855.3 1
9 6 172.2 581.4 1
7 8 509.3 628.6 1
6 8 694.6 1055.2 1
6 3 396.2 791.5 1
0 6 674.0 1077.8 1
1 6 695.3 1057.7 1
0 7 396.4 732.9 1
6 3 160.6 420.0 1
3 2 503.3 812.6 1
8 10 386.7 755.7 2
6 3 505.1 670.1 1
9 8 692.3 987.3 2
1 6 640.0 1006.6 2
3 2 352.9 417.6 2
2 5 127.4 385.7 2
6 1 680.4 1039.4 1
9 4 647.3 881.6 2
7 9 547.2 641.8 2
1 2 18.3 272.4 2
8 4 614.4 1021.2 1
3 7 326.9 503.6 2
1 8 315.8 724.2 1
3 5 59.7 287.3 1
6 4 654.3 1037.8 1
5 9 364.7 460.6 1
4 3 535.1 893.4 2
1 8 135.4 249.0 2
0 9 425.7 589.4 2
9 5 497.2 575.8 2
2 9 332.7 646.2 1
6 2 730.8 1006.3 2
9 1 10.6 278.9 1
9 3 341.2 595.0 2
5 2 142.7 524.2 1
8 10 319.3 604.8 1
3 7 660.4 721.1 1
7 5 681.3 1010.6 1
0 5 79.1 357.3 1
6 1 551.6 870.8 2
7 1 95.9 487.2 2
3 9 76.6 353.2 2
EOF
