NUM_STATIONS: 10
NUM_REQUESTS: 40
NUM_VEHICLES: 3
VEHICLE_CAPACITY: 1
DISTANCES
0 1 4.3
1 2 4.7
2 3 7.7
3 4 5.3
4 5 3.2
5 6 1.5
6 7 9.1
7 8 3.7
8 9 3.4
9 0 3.5
REQUEST_SECTION
2 7 116.7 179.5 1
8 10 64.0 210.8 1
4 9 104.0 229.4 1
1 7 65.7 267.0 1
9 5 12.8 131.1 1
8 6 168.1 224.1 1
2 6 156.6 328.1 1
6 5 165.1 342.0 1
4 9 100.8 203.5 1
6 9 111.8 276.1 1
1 5 183.2 270.8 1
3 8 181.8 297.0 1
9 10 185.0 308.7 1
4 5 79.8 170.6 1
5 6 186.3 290.0 1
3 9 153.6 332.5 1
5 7 185.2 365.8 1
0 5 5.7 69.9 1
5 10 159.4 352.6 1
0 2 163.6 275.7 1
0 4 150.1 345.0 1
1 7 154.2 203.3 1
0 3 73.2 231.4 1
9 3 25.6 185.7 1
3 6 77.9 195.8 1
9 7 198.0 377.6 1
4 7 101.5 267.1 1
2 5 203.3 344.0 1
2 5 86.7 198.8 1
0 4 206.7 361.3 1
0 9 60.7 128.4 1
7 1 8.8 94.4 1
7 2 203.4 306.3 1
1 9 117.1 241.3 1
2 7 176.2 270.9 1
9 8 155.7 225.7 1
7 6 81.5 172.3 1
4 2 171.3 274.4 1
1 6 62.8 228.5 1
4 1 138.3 308.4 1
EOF
