NUM_STATIONS: 10
NUM_REQUESTS: 40
NUM_VEHICLES: 2
VEHICLE_CAPACITY: 4
DISTANCES
0 1 3.4
1 2 6.2
2 3 7.9
3 4 7.1
4 5 5.2
5 6 1.5
6 7 5.2
7 8 1.2
8 9 5.0
9 0 2.1
REQUEST_SECTION
3 7 23.8 197.2 1
4 5 276.3 525.2 4
4 5 239.1 350.9 3
2 9 105.1 426.6 2
4 6 168.9 222.3 3
2 7 231.3 543.1 4
2 4 106.0 263.0 4
5 6 252.3 617.0 3
4 1 289.2 490.2 4
0 7 187.8 365.9 1
6 3 174.0 477.7 3
0 2 35.3 246.5 1
9 3 213.9 363.5 2
7 6 122.0 289.1 4
7 5 84.1 251.6 1
3 7 294.5 586.4 1
4 2 191.7 420.5 1
0 9 178.1 313.8 1
2 3 68.0 386.3 4
2 9 222.9 542.4 2
0 4 152.9 241.1 1
2 10 67.1 343.3 2
2 6 230.6 300.7 1
8 4 307.7 498.8 4
3 7 20.0 133.7 4
0 1 184.0 296.1 1
7 1 211.4 387.2 3
8 4 282.4 376.6 4
0 3 60.2 429.9 1
9 7 84.7 134.4 4
0 4 228.1 594.1 3
7 2 139.9 291.1 4
8 6 273.3 361.1 3
4 10 22.4 144.6 2
9 6 150.9 265.5 2
1 5 180.3 455.5 3
4 2 157.4 203.7 1
3 5 178.3 463.0 3
9 7 294.5 580.9 1
5 7 95.9 328.6 3
EOF
