NUM_STATIONS: 10
NUM_REQUESTS: 80
NUM_VEHICLES: 2
VEHICLE_CAPACITY: 8
DISTANCES
0 1 7.9
1 2 8.1
2 3 2.5
3 4 7.9
4 5 2.3
5 6 7.4
6 7 8.2
7 8 1.4
8 9 7.4
9 0 3.5
REQUEST_SECTION
9 4 896.1 1490.8 3
8 6 1116.4 1474.8 7
1 2 314.9 375.0 2
8 4 137.3 252.5 5
2 7 320.1 460.8 3
1 8 1001.8 1475.6 3
5 7 285.9 593.9 8
1 9 574.0 959.2 2
1 4 96.6 869.6 3
4 6 1031.8 1471.1 4
0 8 861.8 997.4 7
7 6 765.2 1328.6 8
7 6 133.4 452.1 1
4 10 207.8 778.8 8
8 2 588.9 1287.1 4
1 4 31.3 120.9 8
2 8 856.3 1062.8 8
0 3 218.5 973.1 7
8 6 1005.9 1344.0 5
8 1 46.2 465.0 4
9 8 424.3 1139.6 6
6 3 711.5 776.1 5
2 4 256.4 737.2 5
3 10 463.0 917.4 4
5 6 560.2 1127.7 4
5 6 922.3 1650.2 6
2 9 968.9 1588.0 1
6 8 895.4 1460.9 2
9 10 658.1 1523.2 8
5 8 879.4 1205.3 1
0 5 760.7 944.5 1
2 4 216.2 991.3 8
3 9 506.6 1163.0 6
0 3 1055.8 1264.1 1
5 6 401.0 921.5 2
5 10 1082.4 1832.9 8
4 8 328.9 566.4 1
9 4 466.2 916.0 8
1 9 247.8 438.9 2
0 9 474.3 1220.9 5
6 3 398.2 719.2 3
0 1 1121.1 1968.7 5
8 1 782.4 1335.3 5
3 9 154.0 267.1 1
4 2 230.7 693.6 4
5 10 756.2 1084.0 8
9 2 459.2 884.1 8
2 5 877.8 1022.5 6
3 4 743.3 882.7 1
3 1 959.9 1657.1 4
3 2 1043.5 1226.0 3
4 3 705.2 962.8 1
1 4 338.8 1114.6 4
2 7 184.4 513.7 4
1 9 92.7 967.7 3
0 6 795.7 999.4 4
5 2 736.8 991.2 5
8 2 1025.8 1696.2 1
8 4 1097.2 2000.5 8
2 4 609.7 1306.9 3
6 8 1080.9 1321.4 7
2 9 127.8 265.0 3
2 8 594.0 1028.1 3
1 8 597.0 1352.5 2
9 7 661.8 1564.8 4
6 2 264.5 1099.4 6
2 8 849.8 1683.5 4
0 4 1071.7 1303.7 5
7 10 87.9 911.2 4
2 4 526.6 651.0 8
6 1 647.8 1464.7 2
5 2 661.7 1421.6 8
6 8 900.8 1304.3 4
7 5 775.9 870.5 8
8 10 342.2 674.0 4
5 2 1117.1 1985.6 1
9 7 246.7 540.2 3
7 6 25.1 214.1 1
4 9 838.8 1149.0 7
3 10 391.8 921.0 3
EOF
