NUM_STATIONS: 10
NUM_REQUESTS: 80
NUM_VEHICLES: 3
VEHICLE_CAPACITY: 4
DISTANCES
0 1 8.0
1 2 8.3
2 3 3.5
3 4 6.0
4 5 1.1
5 6 2.5
6 7 5.2
7 8 7.5
8 9 5.8
9 0 8.4
REQUEST_SECTION
9 3 126.3 411.9 3
9 7 144.9 736.1 3
9 1 187.0 660.7 2
2 6 306.5 612.4 1
5 4 70.9 419.1 3
6 5 436.9 1020.2 2
3 2 258.6 868.9 1
6 2 173.8 559.4 3
0 9 376.0 539.0 2
3 8 169.0 489.4 3
1 2 208.0 391.3 2
9 2 86.1 635.3 1
4 3 405.7 505.0 4
3 8 31.2 257.6 2
8 3 297.5 862.2 4
8 5 155.1 328.6 1
8 5 77.6 140.5 3
0 3 202.3 277.5 3
7 10 274.5 508.8 3
2 10 506.2 860.8 3
7 9 138.1 499.4 3
6 5 8.8 586.4 1
4 8 245.1 855.5 1
6 10 127.7 727.4 1
3 4 254.1 357.3 2
9 5 471.6 720.7 4
7 6 491.8 890.6 1
9 7 297.4 676.3 2
5 9 555.8 1014.2 3
5 7 161.4 680.0 2
6 1 233.9 672.2 1
7 4 191.8 657.5 3
2 8 433.0 814.0 4
9 1 139.8 623.4 3
4 1 403.1 848.0 3
5 6 453.9 575.8 3
0 9 218.4 792.4 3
8 2 519.4 988.1 2
6 3 291.7 907.9 4
6 9 69.9 339.1 2
9 7 125.1 604.7 1
2 8 474.8 777.4 2
6 8 468.3 676.3 2
5 2 78.1 329.5 4
4 6 380.4 511.7 3
4 9 14.0 214.8 1
4 9 130.5 536.3 2
9 8 22.8 606.5 1
6 4 304.0 406.1 4
8 6 130.9 440.5 4
4 3 162.1 386.9 4
9 10 113.7 532.9 4
8 7 272.8 389.8 3
7 1 209.7 812.8 4
1 3 62.3 148.7 2
6 3 74.7 513.4 1
8 3 377.0 646.0 4
4 6 8.5 576.5 4
6 9 17.1 129.9 3
9 4 316.9 775.5 4
7 8 272.0 607.1 1
6 3 22.2 390.3 3
7 5 223.7 686.5 1
9 3 365.2 572.6 3
1 9 228.3 799.3 3
8 1 225.7 333.0 3
9 8 285.0 616.5 1
9 7 172.1 627.2 2
6 7 561.8 1165.5 1
5 9 14.7 585.5 3
1 5 365.3 482.7 2
8 6 375.0 925.2 1
2 1 7.0 374.0 1
1 7 470.1 845.4 1
4 6 162.3 724.7 3
0 3 370.8 624.0 2
1 10 358.8 621.2 1
7 8 496.0 727.6 3
9 6 203.6 756.1 1
3 10 404.3 635.9 4
EOF
