NUM_STATIONS: 10
NUM_REQUESTS: 160
NUM_VEHICLES: 2
VEHICLE_CAPACITY: 8
DISTANCES
0 1 3.6
1 2 7.3
2 3 7.4
3 4 1.6
4 5 9.1
5 6 1.1
6 7 5.1
7 8 5.3
8 9 9.0
9 0 2.6
REQUEST_SECTION
0 6 465.8 796.8 1
6 7 1983.2 3527.9 5
7 6 1735.2 2621.2 8
0 1 1920.1 2408.3 2
4 3 319.8 1353.8 3
6 10 1111.4 1923.9 6
5 2 384.0 761.8 3
1 3 1850.6 3114.4 3
0 6 727.9 1429.8 6
6 1 1704.8 2353.0 3
4 5 385.9 1015.6 8
6 2 512.6 831.5 3
3 4 1484.5 2635.5 8
3 4 1536.9 2531.4 1
7 9 1323.0 2220.2 7
9 3 1349.6 2754.3 6
9 7 140.1 1741.5 2
4 8 1710.0 2484.4 3
3 7 1893.6 2946.0 6
2 3 372.2 471.3 1
0 7 1059.5 1310.6 2
1 5 357.7 1439.1 7
8 2 1782.2 2294.3 8
5 3 901.8 1721.8 6
5 9 1740.7 3276.0 4
1 6 1245.6 2756.4 1
1 6 1701.1 2983.4 7
4 2 1392.0 1706.4 1
5 3 304.5 1146.5 4
4 7 1723.6 2330.3 3
6 5 1601.0 2606.0 3
3 7 239.1 597.4 1
5 3 1155.4 2728.4 7
4 9 1849.7 2275.7 4
2 6 1234.8 2334.9 3
8 4 855.4 1904.3 3
0 3 2084.2 2335.8 3
8 9 1228.4 2332.8 7
9 5 982.4 1186.3 4
5 7 273.6 1622.6 2
1 5 450.7 1289.5 5
6 8 293.9 1401.6 7
3 8 846.6 1981.4 8
8 5 1016.0 1629.4 3
3 10 1720.1 1953.9 2
8 7 1853.6 3453.2 1
9 4 1800.0 3387.9 2
6 2 222.3 1316.1 8
9 7 1076.0 2489.3 8
0 8 346.4 1158.6 3
3 9 1121.4 2613.4 7
7 10 2040.7 2487.0 2
7 3 843.6 1735.4 6
4 1 638.6 1012.0 3
1 3 539.9 909.1 6
4 9 1005.7 1909.0 3
6 7 989.5 1676.1 1
3 9 1531.6 1601.7 1
1 5 1.7 382.3 3
9 7 1225.1 1829.1 4
4 8 338.9 1212.5 1
7 10 442.6 1874.0 8
2 9 64.1 1004.1 1
8 1 280.7 1870.2 4
1 7 145.6 1111.7 3
8 5 437.4 1751.9 2
7 3 367.6 951.0 7
3 5 573.6 2100.0 1
0 5 1649.3 2354.3 1
9 4 796.2 1382.0 3
5 8 461.1 1846.6 5
9 8 21.3 545.7 3
6 9 1803.5 2064.5 7
8 1 386.7 1621.6 8
6 7 888.4 1130.7 7
6 1 1833.8 2929.0 7
3 5 1811.6 3228.7 8
4 7 1299.5 2633.2 1
6 3 353.5 1874.9 1
4 5 1552.0 2798.0 1
0 1 1286.6 1607.6 1
8 5 197.5 581.1 5
3 4 1512.0 2408.0 4
2 6 1529.3 2633.1 4
9 4 1036.2 2642.1 3
6 8 838.0 1777.2 4
6 2 295.4 1817.7 8
7 2 582.0 1689.5 6
1 8 1927.5 2485.5 7
9 5 1763.0 1997.6 1
6 2 589.1 1992.2 2
1 5 631.3 1811.6 7
5 4 1922.2 2687.2 5
8 10 980.1 2587.3 1
3 6 1988.7 2536.9 8
5 2 1057.7 1941.7 2
6 3 1736.9 3117.1 6
4 6 903.5 1147.0 6
5 7 362.9 1637.9 3
2 3 1683.5 2234.9 6
4 9 309.8 1359.4 4
4 1 1011.5 2280.5 1
5 6 1225.6 1304.1 5
5 10 1832.8 2096.2 6
8 9 984.1 2234.4 7
3 5 1219.4 2399.4 6
3 8 2002.1 2873.1 4
7 8 1744.8 3119.7 7
4 8 1224.3 2424.0 1
1 6 1332.7 1385.5 1
3 9 1741.7 2712.1 5
0 8 66.2 1244.4 1
0 5 1413.0 2999.8 4
1 8 760.9 1379.9 1
3 6 635.3 2230.6 5
7 1 2060.1 3154.8 1
7 1 1363.5 2804.5 2
4 1 584.2 1062.9 4
1 2 1886.0 2405.0 4
8 5 892.9 1054.2 6
6 4 1275.3 1962.4 6
3 6 1699.0 2677.0 3
2 8 1294.9 2682.6 3
6 1 1003.2 1481.3 2
6 10 860.0 1403.8 1
0 2 1134.8 2516.9 5
0 1 109.3 603.5 8
3 9 2002.6 3090.0 3
2 8 820.0 1016.6 8
4 5 1177.3 1480.8 1
1 5 1404.6 2597.4 7
4 2 1656.9 2332.5 1
1 3 405.8 1130.8 5
1 3 2025.4 3271.3 8
6 1 453.6 1518.0 4
8 9 1219.9 2474.8 2
7 6 1508.9 2108.5 2
1 7 982.7 1291.5 1
6 1 450.7 901.8 6
4 6 573.4 852.9 4
3 9 468.4 2038.2 6
2 9 274.5 1808.3 1
6 9 1312.8 2304.4 7
2 4 1993.0 2984.7 1
9 6 1050.8 2466.5 1
1 6 488.8 785.0 1
3 2 1288.8 1721.0 2
4 1 1628.0 1853.8 1
8 9 506.4 734.8 3
4 3 551.0 1163.1 1
7 5 921.2 1885.9 4
3 5 63.6 778.0 3
6 7 981.0 2376.5 5
9 5 53.1 543.2 5
6 5 995.6 2288.8 6
3 8 597.0 1449.8 6
4 9 276.7 1298.5 5
4 10 1842.1 2062.3 6
6 8 752.0 1410.7 1
3 1 1502.1 2626.5 7
EOF
