NUM_STATIONS: 10
NUM_REQUESTS: 40
NUM_VEHICLES: 1
VEHICLE_CAPACITY: 8
DISTANCES
0 1 2.8
1 2 2.9
2 3 8.4
3 4 7.3
4 5 6.1
5 6 1.6
6 7 8.4
7 8 7.7
8 9 3.2
9 0 1.5
REQUEST_SECTION
4 8 485.0 575.0 2
3 10 453.8 958.6 3
6 4 571.1 930.8 2
1 6 163.1 333.5 4
0 4 733.3 1458.3 1
5 3 447.0 503.9 5
6 9 217.3 994.1 4
1 10 902.0 957.0 1
1 9 39.9 324.5 6
0 6 699.5 1063.1 5
6 9 587.1 1170.6 2
5 6 136.6 847.1 3
9 3 863.6 1612.8 6
6 2 115.9 609.9 2
9 3 50.7 592.1 5
0 2 461.5 512.1 1
9 5 527.7 578.4 6
7 4 462.1 1109.1 3
1 5 59.1 613.1 8
5 4 553.4 967.4 1
8 5 208.6 460.4 2
7 6 561.1 823.2 8
4 1 740.5 1344.9 7
4 10 390.9 945.7 7
7 5 96.7 591.4 7
1 10 579.2 913.9 5
3 5 608.6 1272.8 8
2 5 620.5 681.3 8
6 8 662.3 795.3 3
4 7 456.8 675.8 3
9 1 381.9 704.9 5
6 3 53.5 553.7 7
8 9 58.2 149.1 4
6 3 457.7 588.0 8
5 2 947.0 1326.8 8
8 5 263.2 572.9 8
7 9 617.6 819.4 6
5 4 845.8 1222.9 1
0 2 451.2 867.6 8
2 4 341.2 954.6 3
EOF
