NUM_STATIONS: 10
NUM_REQUESTS: 40
NUM_VEHICLES: 1
VEHICLE_CAPACITY: 1
DISTANCES
0 1 5.8
1 2 5.9
2 3 5.5
3 4 4.6
4 5 6.6
5 6 8.5
6 7 2.2
7 8 4.0
8 9 2.7
9 0 5.9
REQUEST_SECTION
5 3 339.3 691.3 1
6 3 960.9 1477.0 1
4 5 860.4 1312.6 1
3 7 500.8 939.7 1
8 3 268.0 618.7 1
2 5 858.6 1220.2 1
2 8 356.7 1151.1 1
4 7 56.4 581.7 1
9 1 981.3 1634.4 1
2 4 693.3 1259.6 1
1 10 776.1 1210.3 1
7 2 152.0 488.0 1
5 4 202.7 762.9 1
2 8 714.5 813.9 1
2 5 885.3 1133.6 1
8 3 741.1 1458.4 1
6 2 879.8 994.7 1
9 5 915.5 1069.1 1
5 8 503.8 895.4 1
6 9 142.5 233.0 1
3 2 806.8 1009.2 1
7 2 634.1 1027.6 1
3 5 7.3 646.7 1
9 2 905.5 1535.8 1
9 5 976.1 1785.1 1
5 3 348.3 688.3 1
5 9 993.5 1432.6 1
1 9 303.5 507.1 1
0 4 625.1 1166.6 1
3 5 501.7 964.6 1
8 7 877.6 1098.8 1
3 4 591.5 882.5 1
7 2 679.8 1183.8 1
9 8 458.8 1116.5 1
4 6 16.5 110.4 1
2 3 791.0 1236.1 1
2 9 93.5 230.0 1
3 1 687.7 1445.4 1
4 2 695.4 1268.6 1
3 8 1005.7 1211.4 1
EOF
