NUM_STATIONS: 10
NUM_REQUESTS: 160
NUM_VEHICLES: 1
VEHICLE_CAPACITY: 2
DISTANCES
0 1 6.3
1 2 1.5
2 3 7.8
3 4 9.8
4 5 9.9
5 6 6.9
6 7 1.6
7 8 5.2
8 9 2.2
9 0 6.8
REQUEST_SECTION
3 7 1192.5 1874.2 2
2 4 1693.7 2911.4 2
2 7 1137.2 3729.6 2
7 4 3245.1 6548.5 1
4 10 284.8 2851.9 2
1 4 1501.9 2417.1 2
2 1 3386.2 6045.4 2
5 9 2306.8 3744.8 1
7 3 2313.6 3146.3 2
0 7 2257.0 2353.5 1
0 3 2386.7 5314.6 2
0 5 239.6 1721.9 2
0 3 1738.1 3191.7 2
8 4 569.7 700.3 2
3 4 3021.7 3097.9 2
0 7 878.1 4246.5 1
5 4 2745.6 3547.3 2
9 8 1409.7 1783.1 1
8 6 2721.7 4113.4 2
9 7 1029.1 3468.9 1
9 4 2839.0 2912.1 2
2 4 2670.6 5367.7 1
9 3 2247.0 5113.3 1
9 5 492.4 1651.2 1
1 6 2966.6 5711.9 1
9 4 2799.1 5328.3 2
9 2 1241.8 3777.0 1
7 2 335.2 698.5 1
3 9 2423.4 4450.2 1
1 2 155.2 1367.9 1
5 6 2925.1 3252.7 1
0 8 3339.8 4741.4 2
1 4 2889.7 2959.7 1
8 3 1511.9 2908.0 1
0 1 71.5 1905.0 1
3 2 2704.1 4443.9 2
9 8 720.8 3974.6 1
0 9 1399.0 4258.3 1
7 6 1459.2 3077.5 2
6 2 766.1 2215.0 1
2 3 2299.3 2793.2 1
2 3 1915.8 4171.2 2
2 8 1315.3 3100.0 2
7 3 2054.9 5218.2 1
5 1 3270.9 4439.2 2
9 6 3389.3 3638.1 1
0 2 3152.9 6273.5 1
5 2 1556.4 3588.7 2
0 4 1285.6 1659.8 1
0 1 688.8 2816.9 1
8 5 530.2 692.2 1
1 9 3001.9 3475.3 2
9 10 471.8 788.9 1
9 10 2603.5 4050.4 1
3 10 1757.9 2818.7 2
0 5 1041.1 3516.8 2
9 3 679.8 1486.7 1
1 7 1178.7 3571.9 2
2 9 1085.2 3717.2 2
2 9 402.3 1776.3 2
2 7 2826.4 3456.5 2
5 1 2406.4 3226.0 1
6 4 796.2 1443.2 1
1 4 2416.4 5287.8 1
5 3 2489.5 5329.8 2
2 5 3394.8 3915.2 1
4 10 672.0 1235.1 1
0 6 679.1 3920.2 2
3 2 3085.4 6162.8 1
6 1 3042.0 5136.9 1
6 1 70.8 909.0 1
7 1 3256.2 6030.9 1
9 10 3371.3 6060.4 1
3 4 962.4 3651.1 2
3 6 2184.0 3233.5 2
1 4 1368.2 3629.2 1
2 4 1049.9 2451.9 1
6 9 2068.7 5201.9 2
3 7 3062.7 6546.4 2
9 4 2908.6 6288.0 1
5 4 2028.5 2899.5 2
0 3 2444.0 4038.8 1
1 3 226.0 1464.9 1
9 1 1998.3 4566.3 1
4 3 526.0 2226.5 1
9 10 1756.6 3341.1 2
8 7 3442.4 5015.6 2
1 7 2931.6 5662.8 2
7 6 3127.1 4029.7 1
2 5 445.0 3441.4 1
0 2 2436.8 3387.7 2
5 7 1043.9 2058.7 1
3 7 2796.9 3028.5 2
4 10 2560.5 3104.9 2
5 10 2909.7 5209.4 1
7 5 565.8 1950.6 1
1 6 325.2 1356.3 1
7 1 3378.6 6898.6 2
1 5 2075.5 3446.9 1
6 8 3323.1 6595.5 1
3 5 96.7 3093.3 1
9 7 73.9 361.2 2
4 9 1185.8 2572.4 1
7 4 3093.8 4192.0 2
4 9 1076.4 4449.0 2
8 2 1089.4 4369.3 1
4 9 2823.6 3090.3 1
2 1 3027.0 4664.7 2
8 10 412.5 479.7 1
5 1 2869.7 3311.0 1
9 1 3410.9 6078.9 2
0 4 426.8 3954.5 1
0 2 2696.9 4859.6 2
6 1 100.6 1192.6 1
5 4 1815.8 2936.8 2
5 1 1560.7 3138.5 1
0 9 71.3 2642.3 2
6 9 1605.2 3769.8 1
6 5 3173.8 6033.4 2
7 9 350.9 2310.4 2
8 6 3244.1 6582.5 1
1 6 3161.4 3291.7 1
2 8 516.9 1904.6 1
1 9 1015.7 4034.4 1
0 8 1580.3 4675.7 2
7 1 787.4 4145.8 2
3 9 352.0 1048.7 1
7 10 1112.6 2004.5 1
2 4 1951.3 4297.1 2
8 7 2721.0 5861.2 1
7 1 1677.7 3305.1 2
3 7 1124.5 3644.7 2
9 5 137.9 2367.6 1
0 8 1802.6 2645.7 2
9 3 1547.5 4137.7 2
5 8 2298.2 3102.9 1
1 3 3144.8 3384.6 2
1 9 2249.4 2940.1 1
5 9 2806.2 3527.5 1
2 5 3176.4 5591.6 1
8 3 1474.0 1772.2 2
1 8 3351.5 6328.4 1
6 9 3116.3 3551.9 2
0 9 1787.4 2122.7 1
4 7 2753.5 5133.4 2
2 8 2748.8 3946.3 2
1 6 84.8 1613.0 2
1 10 9.7 2550.6 2
0 5 1398.9 4415.9 2
3 9 1884.2 2385.9 2
5 9 2046.3 3682.7 1
4 5 3150.6 5085.7 1
7 1 2669.4 5868.1 2
9 1 3188.3 4958.2 2
4 10 2729.8 5346.4 1
6 1 814.1 3229.3 1
7 3 162.4 2945.1 2
3 8 2478.8 6008.7 1
0 9 3355.5 6787.8 2
5 3 2159.9 2281.2 1
EOF
