NUM_STATIONS: 10
NUM_REQUESTS: 80
NUM_VEHICLES: 1
VEHICLE_CAPACITY: 4
DISTANCES
0 1 7.9
1 2 8.1
2 3 2.5
3 4 7.9
4 5 2.3
5 6 7.4
6 7 8.2
7 8 1.4
8 9 7.4
9 0 3.5
REQUEST_SECTION
9 4 194.7 923.4 4
8 6 626.3 1721.6 3
1 2 1095.6 1308.8 3
8 4 333.9 1112.7 3
2 7 1843.3 2142.9 1
1 8 200.9 453.3 2
5 7 1203.4 2308.4 3
1 9 2020.0 2449.8 1
1 4 330.1 880.2 2
4 6 1145.2 1770.9 3
0 8 665.2 1707.0 3
7 6 2051.0 2272.0 2
7 6 2141.1 3150.0 2
4 10 469.3 1205.3 2
8 2 1195.3 1477.1 4
1 4 2241.9 2537.1 3
2 8 530.6 816.0 3
0 3 980.9 1136.0 4
8 6 746.1 1658.1 4
8 1 497.5 1083.1 1
9 8 1594.6 2630.7 2
6 3 1829.5 1957.1 1
2 4 1074.5 2223.5 4
3 10 145.3 524.0 1
5 6 2029.2 2410.0 3
5 6 1764.3 2709.6 4
2 9 899.3 1981.9 4
6 8 338.0 616.9 1
9 10 2207.2 3009.3 1
5 8 1544.1 2135.2 2
0 5 1772.7 2421.9 3
2 4 1430.3 2354.3 2
3 9 324.0 1167.6 4
0 3 980.6 1286.2 4
5 6 1802.5 2940.0 2
5 10 467.3 1179.0 4
4 8 1518.6 2160.4 1
9 4 1912.6 2037.6 4
1 9 2089.0 3273.1 3
0 9 1647.4 2094.7 4
6 3 1283.2 2100.9 3
0 1 1293.7 1502.5 3
8 1 1012.2 1834.0 1
3 9 1073.7 1297.8 1
4 2 1929.5 2309.6 4
5 10 1513.0 2693.3 3
9 2 1233.3 2382.1 1
2 5 42.5 1005.2 1
3 4 1084.9 1505.4 2
3 1 1786.9 1874.1 4
3 2 27.2 775.1 1
4 3 1661.1 2104.3 4
1 4 1942.4 3111.1 2
2 7 4.8 69.7 1
1 9 1369.0 1528.0 4
0 6 2099.0 2877.5 1
5 2 61.5 380.6 1
8 2 506.5 1435.8 3
8 4 50.7 892.3 3
2 4 1331.8 1539.8 4
6 8 964.6 1505.8 2
2 9 672.0 753.6 1
2 8 1114.2 2002.0 3
1 8 1738.7 2592.6 1
9 7 721.5 897.9 3
6 2 1524.3 1859.8 4
2 8 12.1 1060.9 4
0 4 1329.1 2126.0 3
7 10 1851.2 2882.3 4
2 4 1664.5 2597.7 1
6 1 345.5 1075.9 4
5 2 1946.4 2931.4 4
6 8 1251.9 1738.8 4
7 5 1659.2 2794.1 2
8 10 1370.6 2282.0 3
5 2 799.5 1782.1 3
9 7 2146.9 2853.0 1
7 6 800.9 1359.6 2
4 9 479.9 901.7 1
3 10 1491.2 2002.0 1
EOF
