NUM_STATIONS: 10
NUM_REQUESTS: 40
NUM_VEHICLES: 2
VEHICLE_CAPACITY: 4
DISTANCES
0 1 5.5
1 2 7.8
2 3 7.1
3 4 4.8
4 5 4.5
5 6 3.9
6 7 2.7
7 8 6.4
8 9 8.5
9 0 7.6
REQUEST_SECTION
8 7 78.8 171.3 3
8 6 571.9 982.4 3
7 5 89.7 561.1 2
5 10 340.6 648.2 3
6 9 372.6 683.7 4
3 4 89.9 250.7 3
4 2 28.4 278.7 4
5 3 164.6 523.5 1
5 10 166.5 533.3 3
2 9 210.2 469.0 2
2 8 40.9 398.8 2
0 7 282.5 640.0 3
4 5 153.6 455.2 2
3 9 218.9 684.4 1
5 7 261.0 405.7 2
8 4 0.3 486.7 3
9 8 428.8 668.9 4
2 10 21.7 103.3 2
4 7 102.1 300.0 4
4 10 485.6 796.2 1
7 2 408.3 539.4 3
3 5 9.2 456.9 1
1 9 556.3 799.7 4
9 8 274.6 372.2 3
5 1 580.8 782.8 3
5 3 408.8 659.2 1
5 8 123.8 520.1 3
5 6 226.9 441.7 4
0 1 229.9 600.5 3
5 2 124.8 454.6 3
5 3 188.6 678.7 3
1 10 351.6 713.8 3
2 4 503.5 872.9 4
8 3 337.9 751.2 2
5 7 507.1 626.8 1
1 10 221.4 618.9 3
5 1 525.3 671.9 4
2 6 562.4 640.5 3
7 5 44.4 321.3 2
8 7 45.5 164.8 1
EOF
