NUM_STATIONS: 10
NUM_REQUESTS: 40
NUM_VEHICLES: 1
VEHICLE_CAPACITY: 2
DISTANCES
0 1 2.8
1 2 2.9
2 3 8.4
3 4 7.3
4 5 6.1
5 6 1.6
6 7 8.4
7 8 7.7
8 9 3.2
9 0 1.5
REQUEST_SECTION
4 8 33.6 467.7 1
3 10 621.7 766.6 1
6 4 216.4 685.2 2
1 6 617.5 1063.9 1
0 4 618.4 1081.8 1
5 3 706.2 786.4 1
6 9 339.3 886.9 2
1 10 547.9 702.2 1
1 9 342.1 815.3 1
0 6 286.7 610.7 2
6 9 663.7 888.2 2
5 6 200.6 321.8 2
9 3 210.3 603.8 2
6 2 380.0 871.0 1
9 3 507.0 963.8 1
0 2 358.7 439.8 2
9 5 710.7 986.4 1
7 4 619.6 876.5 1
1 5 207.4 667.0 2
5 4 585.7 678.6 2
8 5 474.8 640.0 2
7 6 336.9 460.7 1
4 1 61.5 578.2 1
4 10 350.9 572.3 2
7 5 740.8 1073.8 1
1 10 5.2 467.8 2
3 5 658.6 1159.7 1
2 5 553.4 969.2 2
6 8 549.6 656.8 1
4 7 221.8 718.7 1
9 1 198.0 643.1 2
6 3 563.1 949.9 2
8 9 124.7 394.6 2
6 3 258.6 401.6 1
5 2 444.0 721.9 2
8 5 471.3 995.1 1
7 9 357.0 644.6 1
5 4 83.3 473.1 1
0 2 460.2 546.2 1
2 4 680.9 842.0 2
EOF
