NUM_STATIONS: 10
NUM_REQUESTS: 20
NUM_VEHICLES: 1
VEHICLE_CAPACITY: 2
DISTANCES
0 1 5.2
1 2 3.6
2 3 9.0
3 4 5.2
4 5 4.6
5 6 6.8
6 7 9.5
7 8 9.5
8 9 7.9
9 0 8.3
REQUEST_SECTION
3 5 77.5 350.4 1
5 3 439.9 654.9 1
0 4 461.5 671.0 1
0 7 381.1 738.9 1
0 5 224.7 349.5 1
3 5 456.4 553.3 2
2 7 191.3 523.1 2
4 5 60.4 327.3 1
7 10 193.8 490.0 1
4 5 257.2 385.9 1
9 5 129.3 366.5 1
5 8 353.5 736.5 2
0 8 107.2 225.1 2
4 5 492.5 692.2 2
1 9 375.6 510.0 1
7 8 242.0 467.5 1
1 3 423.0 763.4 2
1 8 168.8 450.3 2
6 3 154.2 292.5 2
6 7 324.3 660.0 1
EOF
