NUM_STATIONS: 10
NUM_REQUESTS: 80
NUM_VEHICLES: 2
VEHICLE_CAPACITY: 8
DISTANCES
0 1 7.9
1 2 8.1
2 3 2.5
3 4 7.9
4 5 2.3
5 6 7.4
6 7 8.2
7 8 1.4
8 9 7.4
9 0 3.5
REQUEST_SECTION
9 4 587.4 702.9 3
8 6 395.7 459.5 7
1 2 627.3 938.7 2
8 4 319.2 635.5 5
2 7 212.9 349.2 3
1 8 333.6 1181.3 3
5 7 618.0 1019.2 8
1 9 636.1 1014.3 2
1 4 542.0 1050.4 3
4 6 836.9 1106.5 4
0 8 832.0 1328.8 7
7 6 284.8 549.0 8
7 6 841.7 1044.5 1
4 10 267.9 732.5 8
8 2 654.0 982.6 4
1 4 488.8 636.5 8
2 8 79.0 546.7 8
0 3 434.3 976.5 7
8 6 177.2 751.4 5
8 1 581.7 1050.2 4
9 8 764.9 842.2 6
6 3 500.8 943.5 5
2 4 497.3 777.7 5
3 10 659.1 1416.8 4
5 6 614.3 1472.0 4
5 6 753.0 1416.0 6
2 9 299.4 621.8 1
6 8 522.4 785.9 2
9 10 839.6 1444.7 8
5 8 111.5 503.6 1
0 5 602.9 791.7 1
2 4 847.6 1225.8 8
3 9 565.7 1083.9 6
0 3 108.1 946.9 1
5 6 711.2 1517.8 2
5 10 645.8 1035.6 8
4 8 249.3 1121.2 1
9 4 68.4 257.4 8
1 9 626.5 1316.0 2
0 9 339.2 460.4 5
6 3 544.4 729.3 3
0 1 452.4 988.3 5
8 1 602.1 1272.2 5
3 9 281.0 413.1 1
4 2 0.2 428.9 4
5 10 791.8 1298.0 8
9 2 377.9 638.7 8
2 5 652.5 984.2 6
3 4 70.9 546.1 1
3 1 700.3 1406.5 4
3 2 640.3 1542.2 3
4 3 195.4 588.2 1
1 4 484.0 1152.9 4
2 7 564.8 1364.2 4
1 9 774.2 1613.9 3
0 6 559.1 830.0 4
5 2 223.3 947.6 5
8 2 225.1 303.0 1
8 4 535.1 816.3 8
2 4 158.5 989.4 3
6 8 737.2 1009.6 7
2 9 724.8 1410.0 3
2 8 555.5 1278.1 3
1 8 428.6 768.8 2
9 7 353.1 714.2 4
6 2 659.8 1431.2 6
2 8 838.7 983.3 4
0 4 742.3 1134.5 5
7 10 240.9 1062.6 4
2 4 684.0 1154.4 8
6 1 629.2 810.1 2
5 2 638.5 707.4 8
6 8 733.9 1020.6 4
7 5 69.7 422.6 8
8 10 509.0 1187.2 4
5 2 37.5 418.7 1
9 7 723.3 1272.8 3
7 6 577.9 1412.1 1
4 9 785.0 1080.5 7
3 10 833.3 1171.8 3
EOF
