NUM_STATIONS: 10
NUM_REQUESTS: 160
NUM_VEHICLES: 3
VEHICLE_CAPACITY: 1
DISTANCES
0 1 6.3
1 2 7.7
2 3 3.8
3 4 4.5
4 5 9.5
5 6 2.1
6 7 8.1
7 8 3.8
8 9 3.5
9 0 1.8
REQUEST_SECTION
8 5 113.6 186.2 1
2 7 383.1 690.3 1
0 6 721.2 1032.3 1
4 2 439.4 611.9 1
6 1 81.7 759.1 1
6 5 176.7 255.8 1
4 5 406.0 975.2 1
1 7 228.3 881.8 1
9 1 846.4 1473.9 1
8 4 236.3 565.3 1
6 8 604.7 759.0 1
3 10 864.0 1592.1 1
9 6 982.7 1308.0 1
1 3 651.0 1255.7 1
9 1 572.0 704.6 1
6 5 687.9 1226.6 1
1 10 920.2 1494.7 1
0 8 503.2 891.3 1
7 10 732.5 968.2 1
2 5 11.2 473.6 1
3 9 575.0 659.2 1
9 5 663.0 890.9 1
2 4 353.9 719.6 1
0 5 763.1 1130.5 1
6 5 278.9 951.2 1
1 3 283.8 779.3 1
7 5 925.2 1145.4 1
0 4 144.8 795.8 1
2 10 249.7 662.2 1
1 10 1004.4 1387.1 1
4 1 532.5 1119.2 1
5 8 714.3 1074.6 1
8 5 487.7 710.3 1
4 10 704.9 801.1 1
6 3 765.9 1439.2 1
6 5 629.8 915.7 1
1 7 425.4 480.9 1
3 1 9.8 706.6 1
0 3 221.7 692.0 1
3 2 772.4 974.4 1
7 4 215.5 877.7 1
6 4 322.5 781.8 1
3 8 217.8 681.9 1
7 2 639.9 827.4 1
8 3 943.2 1643.4 1
8 2 251.7 825.4 1
2 3 867.5 1083.9 1
0 1 337.0 981.0 1
5 8 542.4 934.4 1
2 7 859.7 1547.7 1
8 4 880.9 1258.7 1
3 8 971.8 1028.8 1
2 5 57.6 203.4 1
4 1 50.9 570.1 1
6 4 677.7 798.4 1
4 5 364.8 454.0 1
6 7 696.7 1276.9 1
2 8 822.8 1101.9 1
8 10 740.1 1428.1 1
9 8 883.0 1600.3 1
9 3 191.0 722.2 1
8 9 427.0 917.6 1
8 9 918.2 1151.0 1
8 10 782.0 1229.7 1
3 9 555.4 717.8 1
2 8 473.9 540.9 1
7 3 780.5 957.6 1
1 8 161.8 815.9 1
9 1 34.0 349.0 1
4 6 947.2 1660.2 1
2 10 597.6 695.4 1
0 3 65.3 554.2 1
0 5 720.1 1173.2 1
5 3 805.9 996.0 1
9 3 1011.8 1695.7 1
9 4 303.1 772.1 1
3 2 554.5 1186.0 1
5 4 807.0 1004.9 1
7 1 977.1 1602.4 1
0 7 55.2 561.1 1
5 8 167.6 483.8 1
9 1 603.4 1127.4 1
3 4 193.2 360.9 1
4 9 708.5 980.0 1
5 1 416.4 579.3 1
5 2 38.5 490.9 1
2 1 510.3 1109.1 1
8 2 688.2 1290.2 1
0 8 665.1 931.5 1
3 1 778.0 957.1 1
2 10 279.8 429.6 1
0 8 117.7 336.6 1
6 9 202.3 506.3 1
3 8 846.0 931.1 1
4 2 629.0 705.3 1
7 4 981.7 1062.9 1
9 1 592.8 1124.0 1
7 8 662.9 808.6 1
4 7 277.3 585.8 1
8 5 209.4 329.3 1
8 7 128.4 333.3 1
3 1 903.1 1629.4 1
6 3 938.4 1410.5 1
5 9 146.6 814.4 1
3 7 634.2 1193.8 1
2 7 561.7 801.2 1
2 7 943.7 1589.5 1
9 10 142.5 286.7 1
0 8 439.5 504.2 1
7 8 47.8 490.5 1
4 3 154.1 795.2 1
6 7 869.3 1492.6 1
1 6 917.3 1574.0 1
5 1 340.3 896.1 1
4 9 941.0 1277.6 1
3 8 411.5 1008.9 1
5 7 400.1 826.6 1
6 9 980.4 1489.8 1
1 5 739.7 1274.2 1
8 2 470.9 648.1 1
9 10 835.1 1135.6 1
5 7 188.8 815.4 1
5 4 771.2 836.0 1
7 6 705.8 783.4 1
5 9 986.1 1183.3 1
9 7 901.4 1256.4 1
3 5 911.7 1087.3 1
5 9 569.3 1147.9 1
7 8 524.7 1153.0 1
0 5 490.0 854.6 1
6 3 204.2 566.8 1
2 5 958.0 1142.4 1
9 8 47.4 244.5 1
1 10 630.9 1051.7 1
4 6 552.8 636.1 1
4 9 535.4 704.7 1
6 7 943.5 1144.9 1
8 1 793.9 865.0 1
7 2 427.1 1141.1 1
8 7 478.8 922.1 1
6 8 359.7 1027.3 1
1 6 585.8 1264.3 1
0 3 618.2 1036.4 1
5 1 264.7 675.1 1
0 4 499.2 882.4 1
9 4 963.3 1151.7 1
1 10 706.6 811.7 1
8 5 281.9 744.1 1
7 6 958.5 1186.3 1
3 9 966.5 1223.5 1
0 8 116.7 331.2 1
2 9 13.7 98.3 1
9 8 485.4 1079.0 1
1 9 403.0 520.5 1
1 8 793.5 1175.9 1
0 5 431.9 902.5 1
4 6 341.9 700.3 1
7 5 30.6 244.1 1
9 6 876.0 975.6 1
8 5 364.0 495.3 1
EOF
