NUM_STATIONS: 10
NUM_REQUESTS: 40
NUM_VEHICLES: 3
VEHICLE_CAPACITY: 1
DISTANCES
0 1 5.5
1 2 7.8
2 3 7.1
3 4 4.8
4 5 4.5
5 6 3.9
6 7 2.7
7 8 6.4
8 9 8.5
9 0 7.6
REQUEST_SECTION
8 7 146.1 249.1 1
8 6 40.2 246.4 1
7 5 136.3 429.1 1
5 10 127.8 251.8 1
6 9 123.3 387.7 1
3 4 24.4 146.7 1
4 2 183.5 399.9 1
5 3 48.0 213.6 1
5 10 158.2 260.7 1
2 9 0.6 249.6 1
2 8 247.5 331.7 1
0 7 188.7 344.9 1
4 5 16.0 197.0 1
3 9 165.3 359.9 1
5 7 30.9 257.5 1
8 4 71.7 353.7 1
9 8 246.5 457.6 1
2 10 231.9 406.6 1
4 7 233.9 302.1 1
4 10 70.3 332.1 1
7 2 56.6 217.7 1
3 5 205.5 358.0 1
1 9 153.0 212.4 1
9 8 5.6 341.5 1
5 1 199.7 282.9 1
5 3 22.1 356.8 1
5 8 2.1 280.0 1
5 6 122.4 218.6 1
0 1 43.1 167.0 1
5 2 103.8 196.1 1
5 3 49.3 139.5 1
1 10 51.3 186.2 1
2 4 237.2 368.8 1
8 3 192.8 479.7 1
5 7 81.9 423.5 1
1 10 150.9 219.1 1
5 1 149.4 475.1 1
2 6 272.5 486.8 1
7 5 80.5 242.2 1
8 7 250.4 509.1 1
EOF
