NUM_STATIONS: 10
NUM_REQUESTS: 80
NUM_VEHICLES: 3
VEHICLE_CAPACITY: 2
DISTANCES
0 1 7.9
1 2 8.1
2 3 2.5
3 4 7.9
4 5 2.3
5 6 7.4
6 7 8.2
7 8 1.4
8 9 7.4
9 0 3.5
REQUEST_SECTION
9 4 287.9 451.7 1
8 6 161.7 531.2 2
1 2 69.8 204.9 2
8 4 533.2 785.5 2
2 7 184.7 406.1 2
1 8 190.0 621.8 2
5 7 81.0 163.4 1
1 9 105.5 200.2 1
1 4 209.4 368.6 2
4 6 277.5 594.2 1
0 8 258.3 404.0 2
7 6 192.9 499.1 2
7 6 388.5 526.0 1
4 10 153.8 425.3 1
8 2 246.4 360.7 2
1 4 478.9 694.0 2
2 8 222.1 628.8 2
0 3 201.4 559.9 2
8 6 341.2 561.5 1
8 1 66.1 345.3 2
9 8 15.2 120.5 1
6 3 358.7 512.9 2
2 4 125.5 555.2 2
3 10 193.6 375.9 2
5 6 486.6 740.7 1
5 6 271.5 365.2 1
2 9 72.7 274.4 1
6 8 284.0 385.4 2
9 10 499.7 837.5 1
5 8 467.1 861.6 2
0 5 449.6 708.8 2
2 4 230.2 647.8 2
3 9 382.6 663.8 1
0 3 80.8 174.5 1
5 6 43.7 233.5 2
5 10 73.5 314.3 2
4 8 508.2 736.8 1
9 4 512.1 936.7 2
1 9 348.5 548.1 2
0 9 376.6 572.5 1
6 3 343.4 481.3 2
0 1 373.1 743.3 1
8 1 213.7 301.1 2
3 9 94.1 512.5 2
4 2 68.4 330.5 2
5 10 144.4 444.3 2
9 2 156.3 526.3 1
2 5 329.3 669.7 2
3 4 370.2 755.5 1
3 1 206.8 604.3 2
3 2 209.2 343.1 1
4 3 43.5 298.2 1
1 4 249.6 643.7 2
2 7 493.7 860.8 1
1 9 332.0 642.3 2
0 6 18.1 331.4 2
5 2 312.8 740.7 1
8 2 122.4 434.1 1
8 4 257.1 425.6 2
2 4 5.7 344.9 2
6 8 87.2 261.0 1
2 9 166.3 394.0 2
2 8 450.3 695.7 2
1 8 283.6 534.2 2
9 7 219.9 292.3 2
6 2 12.2 285.8 1
2 8 493.6 752.0 1
0 4 458.2 791.7 2
7 10 360.3 591.9 2
2 4 73.0 456.8 1
6 1 524.4 848.5 2
5 2 517.7 925.3 2
6 8 196.2 387.3 2
7 5 169.0 424.5 2
8 10 344.7 776.8 1
5 2 371.3 506.9 1
9 7 92.7 327.2 1
7 6 133.0 298.3 2
4 9 138.3 232.2 1
3 10 47.7 322.0 2
EOF
