NUM_STATIONS: 10
NUM_REQUESTS: 40
NUM_VEHICLES: 1
VEHICLE_CAPACITY: 4
DISTANCES
0 1 4.3
1 2 4.7
2 3 7.7
3 4 5.3
4 5 3.2
5 6 1.5
6 7 9.1
7 8 3.7
8 9 3.4
9 0 3.5
REQUEST_SECTION
2 7 496.4 748.2 4
8 10 170.0 220.8 3
4 9 517.6 895.2 2
1 7 257.2 461.8 2
9 5 538.0 840.8 2
8 6 426.4 735.1 2
2 6 484.8 892.2 4
6 5 680.6 890.0 2
4 9 438.1 570.0 3
6 9 146.6 420.3 4
1 5 379.7 468.3 4
3 8 42.9 350.3 1
9 10 273.7 721.4 1
4 5 486.1 612.5 3
5 6 571.7 975.1 4
3 9 587.2 1001.7 1
5 7 350.8 824.7 4
0 5 110.9 349.6 3
5 10 191.4 462.7 2
0 2 447.4 696.2 4
0 4 320.7 675.8 2
1 7 330.9 472.0 4
0 3 434.6 770.2 4
9 3 9.0 495.9 2
3 6 676.9 872.4 2
9 7 314.9 451.5 4
4 7 392.0 720.4 4
2 5 302.1 648.2 3
2 5 599.9 962.5 1
0 4 310.2 688.5 1
0 9 453.8 788.0 3
7 1 371.9 833.8 3
7 2 404.3 888.4 1
1 9 475.2 833.6 1
2 7 112.8 359.1 4
9 8 224.5 414.7 3
7 6 463.9 840.9 2
4 2 7.8 137.3 4
1 6 337.1 643.9 3
4 1 269.7 327.5 2
EOF
