NUM_STATIONS: 10
NUM_REQUESTS: 160
NUM_VEHICLES: 1
VEHICLE_CAPACITY: 1
DISTANCES
0 1 7.9
1 2 8.7
2 3 5.6
3 4 8.4
4 5 6.3
5 6 1.2
6 7 4.8
7 8 8.8
8 9 1.4
9 0 2.6
REQUEST_SECTION
0 1 887.4 2793.6 1
7 1 3780.1 4998.2 1
6 4 3697.2 5594.3 1
1 3 269.8 1962.9 1
3 4 3952.6 5551.2 1
6 5 2143.0 4105.9 1
7 4 998.6 4066.2 1
2 1 1071.7 3679.8 1
6 2 506.9 1135.8 1
1 2 2552.9 4099.5 1
1 6 3094.7 4981.6 1
5 4 375.6 455.8 1
4 2 2982.6 5728.1 1
8 6 1315.3 4229.8 1
6 7 1844.8 3641.5 1
7 1 3796.8 5187.8 1
6 5 658.1 1348.4 1
0 8 1431.8 2481.8 1
9 7 1450.4 3739.9 1
7 3 4326.7 6851.1 1
5 6 4042.7 7417.3 1
1 10 1960.2 2188.3 1
9 4 2939.9 3325.5 1
0 1 3175.8 4624.5 1
3 5 666.0 2290.4 1
8 7 1305.8 4571.6 1
3 8 2583.9 3467.9 1
0 1 4429.0 4542.1 1
7 2 576.8 3456.3 1
4 6 1070.1 3934.7 1
1 9 4241.8 6199.9 1
1 7 1340.4 3191.2 1
7 10 2162.6 3279.9 1
4 6 1539.9 3326.9 1
7 5 1059.9 3959.8 1
8 1 3306.2 4144.8 1
2 8 3101.6 5459.9 1
3 10 2193.5 3884.0 1
7 8 2304.9 2886.0 1
7 10 987.8 1381.5 1
3 7 2957.7 5069.5 1
9 10 2761.7 3500.2 1
5 2 2804.7 4180.6 1
7 1 3312.0 6582.9 1
1 10 1874.2 3561.9 1
9 10 390.3 3719.0 1
3 4 1980.3 3722.5 1
9 10 3709.7 4414.7 1
5 6 4283.0 7477.8 1
1 4 731.7 2555.1 1
1 3 1146.7 2126.8 1
8 2 400.6 719.6 1
2 7 881.9 4166.7 1
8 1 2848.3 3335.5 1
3 6 1371.7 4079.8 1
6 7 3863.3 6494.2 1
4 9 204.6 2564.1 1
3 5 2503.1 3899.3 1
5 6 1890.5 3602.3 1
9 5 286.4 3337.1 1
4 10 2797.1 5291.6 1
0 4 465.7 2931.7 1
9 10 3536.8 6508.7 1
1 7 271.5 2927.0 1
8 6 2697.8 3463.7 1
2 8 2460.5 3372.4 1
5 1 3814.6 6477.0 1
9 1 3398.7 4391.4 1
8 4 2848.1 4229.7 1
6 4 1840.6 3983.6 1
3 5 1442.8 2770.9 1
7 1 3467.6 4471.7 1
0 7 4313.7 7472.4 1
5 9 2938.3 3594.3 1
1 9 1457.5 3891.7 1
4 1 3210.7 5876.7 1
9 3 521.0 2981.6 1
8 5 396.1 3533.6 1
6 10 3040.2 6017.1 1
7 1 2819.4 4881.0 1
3 10 3254.3 4823.5 1
6 8 3632.2 3795.8 1
5 8 1276.7 4176.9 1
9 8 2398.1 4971.0 1
7 4 2345.1 4773.6 1
0 4 3912.0 4080.5 1
2 9 2845.9 6072.2 1
0 7 519.7 1936.8 1
0 4 1699.9 4179.1 1
1 6 4386.1 6365.7 1
0 6 2146.7 5083.2 1
0 5 2252.2 3925.7 1
7 1 2391.1 5002.8 1
1 3 1649.7 4525.3 1
3 8 2559.3 3841.2 1
7 2 998.2 3996.8 1
6 2 4138.4 4631.1 1
8 9 3520.6 5568.0 1
0 3 2602.0 4785.7 1
2 7 1008.6 2125.5 1
6 1 2887.4 5585.1 1
8 9 2799.4 5604.0 1
6 4 475.7 1141.5 1
0 4 335.9 3109.8 1
7 3 2320.0 4476.8 1
6 4 618.6 775.2 1
3 8 3623.9 5087.4 1
9 7 1090.5 3750.3 1
3 1 3633.1 4786.1 1
2 8 3605.0 4176.1 1
3 2 3187.6 6135.4 1
1 10 2422.8 4965.0 1
8 5 331.9 3308.5 1
1 8 3768.5 4129.4 1
1 10 2510.8 5708.6 1
8 10 2979.3 5377.0 1
6 8 327.0 2654.2 1
3 6 3523.1 6458.2 1
8 9 1625.0 3101.5 1
2 7 3914.3 4235.8 1
0 7 4011.5 5217.7 1
6 2 1148.0 2513.6 1
3 1 122.3 1918.6 1
5 8 3544.2 4756.0 1
4 6 726.2 881.3 1
5 3 3551.2 6710.9 1
6 1 586.5 2443.7 1
2 9 1474.4 2271.7 1
1 10 1443.5 3053.8 1
0 5 3928.2 4217.7 1
1 5 3664.4 4455.6 1
7 6 3283.7 5128.6 1
1 6 685.9 2663.1 1
5 10 98.6 1586.5 1
4 10 3695.9 6005.5 1
7 8 3477.0 5843.6 1
5 7 1408.0 3916.1 1
5 8 25.2 3137.6 1
3 8 2730.5 5954.8 1
6 8 198.5 2830.8 1
7 1 318.9 2530.2 1
9 6 1145.3 3363.6 1
1 10 2814.3 3587.3 1
1 5 1588.5 2488.0 1
1 9 504.8 3383.7 1
4 6 1463.1 3153.5 1
7 6 3290.6 5327.0 1
6 9 1491.6 2753.7 1
7 2 2323.6 5154.2 1
5 7 2282.4 3031.6 1
7 10 3115.5 5125.6 1
3 8 300.2 486.5 1
1 3 3770.0 6548.6 1
2 8 2583.5 3502.5 1
4 2 3731.5 4275.3 1
5 8 4066.4 5947.5 1
4 2 1397.8 1805.3 1
4 2 2870.5 3583.2 1
9 8 3582.3 4891.2 1
0 9 1882.8 4209.5 1
EOF
