NUM_STATIONS: 10
NUM_REQUESTS: 80
NUM_VEHICLES: 1
VEHICLE_CAPACITY: 2
DISTANCES
0 1 5.3
1 2 5.1
2 3 4.1
3 4 5.8
4 5 8.8
5 6 4.0
6 7 7.4
7 8 2.6
8 9 6.4
9 0 5.7
REQUEST_SECTION
7 4 1548.3 2943.7 2
7 1 871.7 1509.1 1
9 2 1179.7 2518.5 2
2 9 723.0 1445.4 2
6 10 1807.3 2927.8 2
0 9 955.4 1554.6 2
6 8 465.2 1007.1 1
2 3 114.0 1281.3 2
4 7 1948.7 2437.1 2
1 4 1925.4 3569.8 2
5 9 2105.1 3187.7 1
7 1 2032.8 3567.7 1
5 3 1157.9 2806.1 2
4 10 530.2 1248.8 2
0 1 325.3 590.0 1
8 9 717.3 1523.5 1
8 2 2177.7 3607.1 1
8 4 1852.9 2028.3 1
1 5 1035.5 2560.2 2
5 3 1394.2 2095.9 2
8 2 1473.1 1728.1 1
3 6 1285.0 1711.4 1
5 4 568.0 1712.1 2
7 9 738.9 825.7 2
3 5 597.5 1944.6 2
7 8 918.1 1975.1 1
0 8 1036.3 2637.8 1
9 2 1752.4 2899.1 1
1 6 1314.8 1542.7 1
4 7 878.8 1376.9 1
0 7 638.4 988.7 2
5 7 1379.6 2281.2 1
4 7 2096.5 2955.1 2
1 6 852.2 1710.9 2
0 9 754.6 1033.7 1
8 9 1531.4 2630.0 2
2 5 402.5 1000.3 2
1 10 778.3 2180.8 2
3 2 1207.5 1762.4 1
9 6 1659.1 1798.1 1
7 8 743.1 888.2 2
6 8 723.5 1213.3 1
6 3 1302.5 2190.9 2
0 6 1516.8 1596.8 1
1 6 2090.8 2567.3 2
0 7 2127.5 3158.1 2
6 3 42.8 1093.7 1
3 2 894.0 1521.2 2
8 10 2088.1 3725.1 1
6 3 1617.6 2893.5 2
9 8 2127.1 2722.3 1
1 6 726.3 2318.5 2
3 2 428.9 517.8 1
2 5 1617.3 2301.0 2
6 1 1093.5 1531.5 1
9 4 1175.9 1779.0 1
7 9 1413.5 2547.4 2
1 2 305.3 1340.7 2
8 4 1286.3 2629.2 2
3 7 1090.0 2021.1 1
1 8 259.9 413.6 2
3 5 572.5 1722.8 1
6 4 1550.6 2509.1 2
5 9 1038.2 2391.0 2
4 3 1628.4 2029.8 2
1 8 531.3 598.8 1
0 9 128.8 1103.4 1
9 5 1117.8 2205.5 2
2 9 2077.6 3341.0 2
6 2 821.0 1254.9 2
9 1 932.3 2202.1 2
9 3 137.3 1773.3 2
5 2 329.2 1924.7 1
8 10 72.9 606.7 2
3 7 1367.1 2239.7 2
7 5 580.2 1145.6 2
0 5 98.9 1712.5 1
6 1 563.9 1958.5 1
7 1 1359.4 2141.0 1
3 9 1730.6 2101.0 1
EOF
