NUM_STATIONS: 10
NUM_REQUESTS: 160
NUM_VEHICLES: 3
VEHICLE_CAPACITY: 4
DISTANCES
0 1 6.3
1 2 1.5
2 3 7.8
3 4 9.8
4 5 9.9
5 6 6.9
6 7 1.6
7 8 5.2
8 9 2.2
9 0 6.8
REQUEST_SECTION
3 7 506.0 1615.4 4
2 4 57.2 251.3 4
2 7 519.9 892.3 4
7 4 694.2 756.3 1
4 10 929.6 1384.7 1
1 4 573.9 1185.2 2
2 1 477.4 1542.5 2
5 9 587.2 1461.6 2
7 3 1011.7 1409.3 1
0 7 148.5 445.1 4
0 3 107.0 1281.1 2
0 5 696.9 1839.7 2
0 3 812.1 921.6 4
8 4 885.8 1911.7 4
3 4 1138.8 2163.8 4
0 7 903.7 1880.3 1
5 4 750.2 1480.4 3
9 8 297.8 811.5 4
8 6 226.2 880.4 3
9 7 939.2 1435.9 4
9 4 195.9 506.9 4
2 4 663.1 967.8 4
9 3 82.1 1292.4 4
9 5 825.7 1663.1 1
1 6 265.9 776.0 1
9 4 546.7 1593.1 4
9 2 454.9 1152.0 2
7 2 880.9 1532.0 2
3 9 383.6 1052.5 1
1 2 968.6 1195.9 1
5 6 271.8 578.2 4
0 8 126.8 1008.7 3
1 4 205.4 360.1 3
8 3 694.6 1197.5 1
0 1 508.7 960.3 4
3 2 65.7 466.0 1
9 8 1111.9 1961.4 1
0 9 374.3 1137.0 4
7 6 821.8 1249.5 3
6 2 1057.9 2124.2 3
2 3 301.9 802.5 4
2 3 443.0 547.4 1
2 8 386.6 924.0 1
7 3 586.7 759.7 3
5 1 696.3 836.8 1
9 6 908.2 1702.7 2
0 2 621.6 1502.2 3
5 2 369.3 811.4 1
0 4 680.6 1889.1 4
0 1 701.6 1631.0 4
8 5 515.6 805.0 2
1 9 269.9 706.0 2
9 10 817.8 1314.9 3
9 10 77.1 1243.6 1
3 10 802.1 2011.5 1
0 5 1059.8 1262.5 4
9 3 843.4 1170.9 2
1 7 252.2 1409.5 2
2 9 736.2 1539.2 2
2 9 941.0 1040.8 4
2 7 866.3 1171.3 1
5 1 294.4 1060.9 4
6 4 239.3 1000.6 2
1 4 917.5 1845.0 4
5 3 974.7 1797.1 1
2 5 534.6 810.4 2
4 10 446.7 1465.4 3
0 6 448.5 1171.8 2
3 2 406.2 1313.6 2
6 1 902.8 1635.9 2
6 1 340.6 912.6 2
7 1 788.4 1774.3 1
9 10 925.3 1781.0 1
3 4 1150.9 2116.4 3
3 6 1069.1 1836.7 4
1 4 930.9 1209.6 3
2 4 481.7 849.9 2
6 9 639.4 1178.4 1
3 7 548.5 1158.0 4
9 4 78.8 822.9 4
5 4 358.3 672.7 1
0 3 10.1 552.8 3
1 3 392.8 729.1 3
9 1 839.6 1677.0 1
4 3 280.8 1440.1 1
9 10 102.5 1139.5 1
8 7 806.4 1306.4 4
1 7 382.4 1352.0 3
7 6 53.8 429.2 4
2 5 435.6 1402.9 3
0 2 841.6 2033.7 2
5 7 885.5 2059.0 1
3 7 761.8 1204.5 4
4 10 735.4 1279.4 4
5 10 543.2 795.4 2
7 5 983.3 1058.0 3
1 6 894.1 1643.0 2
7 1 866.8 1152.2 3
1 5 336.2 1242.6 4
6 8 702.6 1672.6 1
3 5 156.4 234.5 2
9 7 330.5 537.9 2
4 9 1139.2 2122.6 2
7 4 161.6 806.3 4
4 9 527.2 931.5 2
8 2 805.9 1122.4 4
4 9 561.5 1404.1 4
2 1 154.4 537.7 3
8 10 1077.0 1464.0 3
5 1 136.3 225.5 1
9 1 269.0 1271.9 2
0 4 1140.5 2019.4 1
0 2 474.6 1090.3 4
6 1 963.2 1379.8 3
5 4 150.1 1228.5 2
5 1 638.3 1407.3 2
0 9 219.0 1095.6 4
6 9 360.9 1412.5 4
6 5 169.7 1348.2 3
7 9 627.2 1745.8 3
8 6 473.9 1519.7 3
1 6 1081.3 1605.2 2
2 8 628.1 1760.6 3
1 9 589.7 1354.8 2
0 8 108.6 1074.9 4
7 1 317.6 1157.5 2
3 9 823.2 1843.7 2
7 10 562.0 1653.0 1
2 4 945.0 1416.3 2
8 7 79.9 804.3 4
7 1 759.5 1447.8 3
3 7 268.4 767.2 2
9 5 1126.2 1838.2 3
0 8 889.8 1500.9 1
9 3 101.3 668.7 3
5 8 140.8 774.9 3
1 3 814.2 1803.3 4
1 9 842.7 1658.6 3
5 9 171.4 491.7 3
2 5 743.3 1894.2 3
8 3 490.3 861.6 3
1 8 35.5 1051.6 2
6 9 873.4 1984.3 2
0 9 601.2 1023.7 1
4 7 1140.5 1759.3 2
2 8 1079.3 2113.1 3
1 6 659.9 1718.5 3
1 10 556.4 1596.5 4
0 5 525.7 1654.7 1
3 9 1054.0 1659.3 2
5 9 707.5 827.0 1
4 5 726.6 1097.8 3
7 1 619.2 1609.5 2
9 1 432.7 887.7 3
4 10 533.3 1005.6 4
6 1 509.1 1498.3 2
7 3 685.8 1866.0 3
3 8 1128.2 2322.8 4
0 9 138.8 224.7 1
5 3 471.9 833.3 1
EOF
