NUM_STATIONS: 10
NUM_REQUESTS: 40
NUM_VEHICLES: 1
VEHICLE_CAPACITY: 4
DISTANCES
0 1 4.3
1 2 4.7
2 3 7.7
3 4 5.3
4 5 3.2
5 6 1.5
6 7 9.1
7 8 3.7
8 9 3.4
9 0 3.5
REQUEST_SECTION
2 7 639.5 1068.5 4
8 10 199.3 331.5 3
4 9 101.1 808.1 2
1 7 19.4 439.7 2
9 5 434.2 797.1 2
8 6 279.7 745.4 2
2 6 199.3 693.5 4
6 5 34.1 630.5 2
4 9 21.2 343.8 3
6 9 71.5 715.1 4
1 5 431.5 1049.0 4
3 8 397.8 665.7 1
9 10 278.7 818.3 1
4 5 36.8 723.8 3
5 6 693.0 812.2 4
3 9 133.0 815.4 1
5 7 428.0 1156.8 4
0 5 532.9 854.5 3
5 10 111.3 544.2 2
0 2 581.5 979.4 4
0 4 529.5 794.8 2
1 7 584.7 1154.4 4
0 3 630.7 834.5 4
9 3 38.9 267.9 2
3 6 581.7 772.3 2
9 7 228.5 432.3 4
4 7 231.2 531.7 4
2 5 323.7 589.2 3
2 5 404.5 483.3 1
0 4 155.4 455.4 1
0 9 172.6 374.8 3
7 1 191.9 307.3 3
7 2 305.5 524.0 1
1 9 48.0 217.3 1
2 7 478.2 875.0 4
9 8 686.0 965.5 3
7 6 440.7 1183.7 2
4 2 488.5 1180.0 4
1 6 384.0 721.3 3
4 1 118.7 595.2 2
EOF
