NUM_STATIONS: 10
NUM_REQUESTS: 80
NUM_VEHICLES: 3
VEHICLE_CAPACITY: 4
DISTANCES
0 1 8.0
1 2 8.3
2 3 3.5
3 4 6.0
4 5 1.1
5 6 2.5
6 7 5.2
7 8 7.5
8 9 5.8
9 0 8.4
REQUEST_SECTION
9 3 3.6 130.7 3
9 7 737.4 1327.1 3
9 1 293.5 757.6 2
2 6 135.1 525.8 1
5 4 47.3 585.5 3
6 5 286.5 387.2 2
3 2 530.5 880.0 1
6 2 694.5 1239.2 3
0 9 744.6 810.5 2
3 8 362.8 833.2 3
1 2 516.8 702.2 2
9 2 243.5 652.6 1
4 3 174.8 541.1 4
3 8 496.6 674.6 2
8 3 116.7 299.4 4
8 5 570.0 750.4 1
8 5 207.6 479.8 3
0 3 710.8 1320.4 3
7 10 57.0 429.1 3
2 10 146.6 406.7 3
7 9 108.2 710.9 3
6 5 314.2 634.3 1
4 8 87.6 323.4 1
6 10 108.4 309.1 1
3 4 3.3 312.4 2
9 5 546.1 899.1 4
7 6 240.2 622.6 1
9 7 558.2 815.2 2
5 9 684.1 982.5 3
5 7 553.0 886.4 2
6 1 678.6 745.7 1
7 4 722.6 1195.2 3
2 8 499.2 782.0 4
9 1 219.8 768.2 3
4 1 140.3 274.4 3
5 6 702.9 822.5 3
0 9 604.0 1094.9 3
8 2 91.6 526.1 2
6 3 482.8 595.6 4
6 9 317.2 622.5 2
9 7 538.5 887.2 1
2 8 636.1 871.6 2
6 8 53.5 229.3 2
5 2 287.8 460.2 4
4 6 660.3 990.8 3
4 9 99.0 293.2 1
4 9 677.6 743.3 2
9 8 519.5 730.0 1
6 4 163.3 381.8 4
8 6 716.7 813.7 4
4 3 465.1 532.0 4
9 10 723.8 1010.9 4
8 7 449.8 980.8 3
7 1 748.1 1045.9 4
1 3 234.8 308.2 2
6 3 387.3 670.3 1
8 3 332.4 690.8 4
4 6 124.4 399.9 4
6 9 265.7 403.6 3
9 4 335.6 853.1 4
7 8 345.0 405.0 1
6 3 182.0 544.3 3
7 5 146.9 391.7 1
9 3 635.1 906.2 3
1 9 386.4 754.3 3
8 1 483.9 927.1 3
9 8 225.2 660.1 1
9 7 91.0 696.6 2
6 7 462.3 615.3 1
5 9 243.4 376.9 3
1 5 140.0 297.2 2
8 6 347.3 557.4 1
2 1 19.5 197.4 1
1 7 592.3 1029.0 1
4 6 458.0 683.2 3
0 3 313.6 929.4 2
1 10 378.9 819.0 1
7 8 182.1 301.5 3
9 6 645.8 1263.3 1
3 10 452.6 945.6 4
EOF
