NUM_STATIONS: 10
NUM_REQUESTS: 80
NUM_VEHICLES: 1
VEHICLE_CAPACITY: 8
DISTANCES
0 1 8.0
1 2 8.3
2 3 3.5
3 4 6.0
4 5 1.1
5 6 2.5
6 7 5.2
7 8 7.5
8 9 5.8
9 0 8.4
REQUEST_SECTION
9 3 2182.5 3696.0 6
9 7 1461.7 1589.7 8
9 1 1426.8 3082.9 3
2 6 100.4 582.8 1
5 4 1744.2 2350.4 5
6 5 382.8 595.9 1
3 2 1344.4 2822.8 2
6 2 1392.4 3002.9 1
0 9 292.7 1405.1 4
3 8 1905.2 2497.7 3
1 2 568.5 1708.2 3
9 2 1480.2 1999.4 2
4 3 670.3 1565.6 5
3 8 2047.8 3272.1 5
8 3 1458.3 1999.4 2
8 5 205.7 708.2 2
8 5 485.9 1839.5 1
0 3 2127.3 2626.9 1
7 10 528.0 1642.7 6
2 10 1709.6 2174.1 1
7 9 540.2 836.6 6
6 5 1195.7 1621.2 5
4 8 1519.8 1592.5 2
6 10 1375.2 2006.0 6
3 4 9.4 1098.3 3
9 5 29.1 1061.5 8
7 6 1714.0 2639.9 7
9 7 99.5 964.6 4
5 9 927.2 1805.9 2
5 7 889.1 1798.6 8
6 1 1059.1 2452.9 1
7 4 815.7 2547.4 6
2 8 1678.4 1842.4 6
9 1 805.9 1291.4 3
4 1 313.7 1278.3 8
5 6 789.7 2334.5 7
0 9 2043.1 3628.2 5
8 2 919.4 2215.6 3
6 3 1724.3 2785.1 8
6 9 2229.0 3463.0 7
9 7 1762.5 3082.7 8
2 8 325.1 1562.1 7
6 8 970.4 2159.8 2
5 2 634.8 760.3 2
4 6 1638.8 1772.0 1
4 9 1470.5 2484.5 7
4 9 1927.6 3147.6 4
9 8 482.2 1713.3 3
6 4 409.7 672.7 4
8 6 57.8 1566.8 8
4 3 161.6 1499.7 7
9 10 1881.8 2571.7 8
8 7 920.6 2600.1 1
7 1 18.6 530.2 8
1 3 508.3 1874.4 1
6 3 1046.6 1287.9 6
8 3 800.7 1887.8 8
4 6 1726.0 2374.9 3
6 9 1130.9 2269.3 3
9 4 55.8 525.9 8
7 8 1451.7 1887.3 7
6 3 1756.8 3225.7 6
7 5 395.2 639.9 3
9 3 1122.6 1302.3 4
1 9 1542.5 2816.8 1
8 1 1950.2 2982.0 3
9 8 1773.5 2292.7 5
9 7 1145.6 1346.9 6
6 7 2052.7 2217.0 8
5 9 719.0 966.6 6
1 5 999.8 2134.0 5
8 6 62.9 1562.0 8
2 1 331.1 688.0 4
1 7 418.5 1928.5 6
4 6 552.2 2064.9 8
0 3 473.8 1425.5 1
1 10 210.5 1078.6 4
7 8 1473.3 3097.7 8
9 6 1879.0 2103.8 4
3 10 781.1 2492.0 4
EOF
