NUM_STATIONS: 10
NUM_REQUESTS: 80
NUM_VEHICLES: 1
VEHICLE_CAPACITY: 1
DISTANCES
0 1 7.9
1 2 8.1
2 3 2.5
3 4 7.9
4 5 2.3
5 6 7.4
6 7 8.2
7 8 1.4
8 9 7.4
9 0 3.5
REQUEST_SECTION
9 4 464.9 918.1 1
8 6 2063.4 3325.4 1
1 2 2107.5 3111.3 1
8 4 2021.6 2903.6 1
2 7 1538.1 2237.5 1
1 8 827.2 2396.6 1
5 7 328.7 1252.5 1
1 9 1515.6 1613.7 1
1 4 363.1 1411.5 1
4 6 71.9 766.9 1
0 8 569.7 1479.0 1
7 6 1802.6 2255.8 1
7 6 175.7 653.5 1
4 10 1459.4 1821.7 1
8 2 1206.2 2437.2 1
1 4 1773.8 2884.6 1
2 8 1822.3 2831.8 1
0 3 1536.4 2838.7 1
8 6 348.3 774.6 1
8 1 754.7 2072.3 1
9 8 1579.5 2330.4 1
6 3 1490.8 3134.2 1
2 4 16.7 1176.8 1
3 10 2186.3 2781.5 1
5 6 1687.2 2395.1 1
5 6 238.4 838.6 1
2 9 430.1 1469.9 1
6 8 637.7 1477.5 1
9 10 1951.9 3592.2 1
5 8 223.5 902.3 1
0 5 226.0 820.9 1
2 4 1875.0 2031.0 1
3 9 1804.3 2931.9 1
0 3 1071.0 2688.6 1
5 6 354.1 1651.5 1
5 10 1397.1 1864.0 1
4 8 1508.3 2527.7 1
9 4 1431.6 2752.1 1
1 9 342.0 744.8 1
0 9 549.3 625.7 1
6 3 263.2 1797.7 1
0 1 2239.4 2633.3 1
8 1 493.3 1753.8 1
3 9 1446.4 3148.9 1
4 2 238.6 897.2 1
5 10 81.7 194.7 1
9 2 978.3 1081.8 1
2 5 1048.4 1426.7 1
3 4 720.4 1255.4 1
3 1 63.2 663.9 1
3 2 77.3 249.6 1
4 3 210.2 595.0 1
1 4 450.8 954.7 1
2 7 698.6 1613.1 1
1 9 616.4 1240.4 1
0 6 582.8 768.8 1
5 2 1380.4 1907.5 1
8 2 561.5 1600.2 1
8 4 1995.5 2903.9 1
2 4 666.7 1975.2 1
6 8 272.0 1703.8 1
2 9 1824.7 2524.6 1
2 8 408.6 680.8 1
1 8 58.3 539.9 1
9 7 2058.9 2341.9 1
6 2 1652.2 1740.4 1
2 8 1778.5 2642.7 1
0 4 589.3 1225.7 1
7 10 712.1 1935.0 1
2 4 824.3 1615.6 1
6 1 2200.3 3082.5 1
5 2 2097.6 2176.0 1
6 8 2205.2 3300.0 1
7 5 215.9 375.0 1
8 10 1441.4 2933.2 1
5 2 1870.4 2391.2 1
9 7 1425.7 2133.0 1
7 6 945.9 2082.9 1
4 9 2031.6 2429.3 1
3 10 22.1 93.0 1
EOF
