NUM_STATIONS: 10
NUM_REQUESTS: 20
NUM_VEHICLES: 3
VEHICLE_CAPACITY: 2
DISTANCES
0 1 8.3
1 2 2.5
2 3 8.9
3 4 6.4
4 5 8.5
5 6 5.9
6 7 7.6
7 8 9.1
8 9 7.1
9 0 6.5
REQUEST_SECTION
4 1 90.7 181.6 1
9 3 62.1 182.1 2
9 10 188.5 282.6 1
7 2 149.6 237.3 2
9 1 121.6 210.1 1
4 2 35.4 160.3 1
1 10 10.3 192.1 2
1 5 54.2 138.9 1
5 7 140.3 216.7 1
6 7 145.6 319.9 2
2 1 99.1 242.4 2
0 3 159.7 317.3 2
8 5 181.3 335.7 2
0 6 64.3 184.6 2
3 2 234.9 319.4 2
1 2 232.7 403.3 1
0 9 201.2 342.6 1
2 5 233.4 381.1 1
2 1 115.9 187.6 2
9 8 73.6 202.5 1
EOF
