NUM_STATIONS: 10
NUM_REQUESTS: 160
NUM_VEHICLES: 1
VEHICLE_CAPACITY: 2
DISTANCES
0 1 6.3
1 2 7.7
2 3 3.8
3 4 4.5
4 5 9.5
5 6 2.1
6 7 8.1
7 8 3.8
8 9 3.5
9 0 1.8
REQUEST_SECTION
8 5 409.4 546.8 1
2 7 1195.9 2909.2 2
0 6 1720.1 3033.0 1
4 2 3598.4 4277.9 2
6 1 2242.2 2811.1 1
6 5 1550.1 2026.4 2
4 5 3376.1 5438.7 2
1 7 4022.0 5112.9 1
9 1 80.4 1717.7 1
8 4 2140.6 2339.5 2
6 8 66.9 206.6 2
3 10 47.2 1282.6 1
9 6 384.1 1413.5 2
1 3 1167.0 1726.2 2
9 1 3692.2 5225.1 2
6 5 546.8 768.3 2
1 10 3413.1 5317.7 1
0 8 3297.1 5293.5 1
7 10 3721.5 4935.9 2
2 5 1378.0 1980.5 1
3 9 3562.0 3703.6 2
9 5 2265.1 3453.8 2
2 4 2492.9 4143.3 2
0 5 902.8 2332.7 1
6 5 2455.5 3901.8 2
1 3 730.1 787.1 2
7 5 2022.4 3985.0 1
0 4 3768.9 4517.9 1
2 10 2137.7 3080.0 1
1 10 2061.6 3815.4 2
4 1 3572.2 4188.3 2
5 8 698.6 2112.9 2
8 5 2854.1 3643.3 2
4 10 2635.0 4437.5 1
6 3 3648.2 5072.9 1
6 5 1875.1 3719.6 1
1 7 1346.3 1837.8 2
3 1 971.9 1901.6 2
0 3 2756.4 3171.8 2
3 2 1419.7 1726.2 2
7 4 1904.6 2640.2 2
6 4 3306.2 4104.3 1
3 8 2419.9 2931.3 2
7 2 3630.8 4104.3 1
8 3 3432.7 3767.5 2
8 2 1078.0 2094.4 2
2 3 2707.0 3655.4 1
0 1 732.4 2659.1 2
5 8 3355.1 3931.3 1
2 7 2022.3 3529.2 1
8 4 269.0 486.5 1
3 8 134.1 233.5 2
2 5 2036.1 2670.5 1
4 1 514.7 2583.2 2
6 4 3222.4 3506.9 2
4 5 3200.9 4989.7 1
6 7 3624.4 4011.7 1
2 8 1515.4 2686.2 2
8 10 1623.6 3499.7 1
9 8 866.3 1977.3 2
9 3 1076.1 1499.7 2
8 9 103.7 213.4 2
8 9 3789.6 4832.5 2
8 10 2423.8 4071.3 1
3 9 2520.6 3806.5 1
2 8 2356.7 2629.5 2
7 3 3709.8 4999.7 2
1 8 3577.1 4655.0 1
9 1 970.8 2917.1 2
4 6 1823.5 3502.2 1
2 10 2053.5 2493.8 2
0 3 4002.3 5588.9 2
0 5 1710.1 3312.0 1
5 3 1424.4 2176.8 2
9 3 3187.4 4423.2 2
9 4 919.7 2050.3 1
3 2 1189.7 1892.5 1
5 4 3194.6 4821.2 1
7 1 452.4 1205.2 1
0 7 3592.5 3866.7 1
5 8 3186.5 4402.7 1
9 1 2622.8 2757.1 1
3 4 2785.8 4297.9 1
4 9 3420.1 3511.1 2
5 1 2805.1 4844.4 1
5 2 3914.5 5661.2 1
2 1 602.6 2008.6 1
8 2 1707.5 3050.7 1
0 8 3655.7 5471.7 2
3 1 3101.6 5094.0 1
2 10 1605.3 2840.3 1
0 8 1195.7 2047.8 1
6 9 2877.5 3863.0 2
3 8 243.5 1065.4 1
4 2 1768.4 3039.2 2
7 4 2185.9 3582.0 2
9 1 1171.1 2196.5 2
7 8 3973.9 5887.3 1
4 7 1753.0 2888.8 2
8 5 3257.1 3682.3 1
8 7 1091.8 1977.6 2
3 1 3889.7 4894.5 1
6 3 3412.7 4373.6 1
5 9 2494.3 2963.2 1
3 7 1769.9 2596.6 2
2 7 618.5 2662.2 2
2 7 2728.1 4502.6 1
9 10 3310.4 3713.8 2
0 8 2308.4 3712.2 2
7 8 3728.4 5675.6 1
4 3 3667.3 4713.3 2
6 7 362.3 606.8 1
1 6 1607.4 3298.5 1
5 1 1565.8 2702.2 1
4 9 3974.0 5726.7 2
3 8 2726.2 3818.1 1
5 7 2782.5 3601.8 2
6 9 1020.2 2076.8 1
1 5 1883.4 2149.2 1
8 2 418.1 642.5 2
9 10 1760.1 2551.9 1
5 7 2465.9 3396.9 2
5 4 3346.9 5400.1 2
7 6 840.9 2603.9 2
5 9 882.9 1250.0 2
9 7 3797.0 5713.6 2
3 5 1185.2 3094.7 2
5 9 407.5 2475.1 1
7 8 2610.2 3036.5 2
0 5 890.8 1174.9 2
6 3 3751.5 3920.7 2
2 5 1593.1 2504.4 2
9 8 3727.0 4135.6 2
1 10 830.1 1081.7 2
4 6 2854.4 4676.0 2
4 9 1912.1 3591.0 1
6 7 2315.1 2419.9 2
8 1 2970.2 4519.9 2
7 2 3442.8 4011.0 1
8 7 3824.8 4417.4 2
6 8 1150.1 1837.2 1
1 6 932.7 1447.7 2
0 3 715.7 1622.4 2
5 1 651.9 2365.8 2
0 4 3442.8 4331.1 2
9 4 1443.2 2068.4 2
1 10 2661.5 3317.8 1
8 5 3834.4 4388.2 1
7 6 923.7 1506.9 2
3 9 2845.6 4698.0 1
0 8 22.4 1324.4 2
2 9 1286.9 2913.6 2
9 8 3272.8 4834.3 2
1 9 2710.8 4210.5 1
1 8 2103.4 3343.4 2
0 5 2011.2 2540.9 2
4 6 2724.3 4135.8 2
7 5 1871.7 2270.6 2
9 6 3675.2 4181.8 2
8 5 3636.4 5643.7 1
EOF
