NUM_STATIONS: 10
NUM_REQUESTS: 40
NUM_VEHICLES: 1
VEHICLE_CAPACITY: 8
DISTANCES
0 1 2.8
1 2 2.9
2 3 8.4
3 4 7.3
4 5 6.1
5 6 1.6
6 7 8.4
7 8 7.7
8 9 3.2
9 0 1.5
REQUEST_SECTION
4 8 231.3 357.9 2
3 10 751.2 845.0 3
6 4 492.5 600.9 2
1 6 14.9 388.1 4
0 4 381.3 894.5 1
5 3 574.0 960.3 5
6 9 60.8 594.1 4
1 10 191.6 603.8 1
1 9 864.9 1244.9 6
0 6 767.5 840.2 5
6 9 700.3 1220.5 2
5 6 93.5 639.3 3
9 3 817.9 1119.0 6
6 2 225.9 517.9 2
9 3 689.5 1155.2 5
0 2 490.7 866.6 1
9 5 79.9 435.5 6
7 4 440.4 783.6 3
1 5 1.1 281.2 8
5 4 711.3 946.3 1
8 5 708.5 1056.2 2
7 6 192.3 356.4 8
4 1 384.6 645.6 7
4 10 373.5 456.1 7
7 5 645.6 983.2 7
1 10 338.7 468.5 5
3 5 588.6 875.0 8
2 5 246.1 453.9 8
6 8 464.1 952.1 3
4 7 747.3 915.1 3
9 1 679.0 992.8 5
6 3 243.2 494.2 7
8 9 272.4 497.8 4
6 3 348.2 528.2 8
5 2 500.6 697.2 8
8 5 534.4 1062.4 8
7 9 731.3 934.9 6
5 4 298.2 576.5 1
0 2 257.7 565.3 8
2 4 785.0 965.3 3
EOF
