NUM_STATIONS: 10
NUM_REQUESTS: 20
NUM_VEHICLES: 3
VEHICLE_CAPACITY: 2
DISTANCES
0 1 6.6
1 2 8.7
2 3 5.9
3 4 9.0
4 5 3.2
5 6 7.2
6 7 4.7
7 8 8.2
8 9 3.5
9 0 6.8
REQUEST_SECTION
3 5 145.5 222.5 2
1 7 18.0 234.0 1
4 5 74.4 270.7 2
0 6 82.4 173.7 1
1 7 66.1 209.0 1
6 7 4.0 72.8 1
0 8 156.4 295.8 1
1 4 120.2 310.2 2
0 5 11.9 147.3 1
6 1 142.6 308.0 2
0 8 55.5 178.3 2
8 2 65.7 245.8 2
8 2 103.4 196.7 1
4 1 76.2 144.3 2
4 7 30.3 169.9 2
5 10 28.0 137.3 1
7 3 30.6 199.6 2
6 2 83.7 166.7 1
0 8 44.2 254.6 1
5 8 52.3 209.1 1
EOF
