NUM_STATIONS: 10
NUM_REQUESTS: 160
NUM_VEHICLES: 3
VEHICLE_CAPACITY: 4
DISTANCES
0 1 6.3
1 2 7.7
2 3 3.8
3 4 4.5
4 5 9.5
5 6 2.1
6 7 8.1
7 8 3.8
8 9 3.5
9 0 1.8
REQUEST_SECTION
8 5 794.7 1314.2 2
2 7 704.0 955.3 3
0 6 816.0 1542.8 1
4 2 994.9 1540.3 3
6 1 977.1 1361.1 3
6 5 544.8 667.0 3
4 5 1144.8 1262.9 1
1 7 516.4 916.7 2
9 1 374.4 919.4 2
8 4 1341.4 1668.2 3
6 8 1287.8 1498.9 3
3 10 267.8 750.3 1
9 6 587.6 1307.3 4
1 3 245.0 632.4 1
9 1 1309.5 1657.3 1
6 5 756.1 1183.9 3
1 10 66.5 739.9 3
0 8 412.8 843.5 1
7 10 1220.4 1937.6 4
2 5 978.8 1158.2 2
3 9 346.0 738.6 2
9 5 442.7 1144.3 2
2 4 1172.9 1872.9 2
0 5 193.8 249.5 4
6 5 203.1 886.1 4
1 3 312.5 453.1 4
7 5 468.0 826.3 3
0 4 1221.6 1782.1 1
2 10 872.8 982.3 1
1 10 683.4 834.7 2
4 1 813.9 1126.0 1
5 8 305.8 884.3 4
8 5 544.9 1073.6 1
4 10 1012.7 1638.0 3
6 3 227.7 905.6 3
6 5 283.1 362.3 4
1 7 1281.5 1397.1 4
3 1 558.1 1035.6 2
0 3 718.2 1151.7 2
3 2 784.5 1306.9 4
7 4 1131.7 1559.0 2
6 4 914.5 1560.9 2
3 8 1167.1 1777.7 3
7 2 856.0 1103.5 2
8 3 28.6 308.9 1
8 2 553.3 1269.5 2
2 3 1267.9 1695.1 3
0 1 389.3 882.7 1
5 8 410.8 672.9 4
2 7 421.0 1147.4 4
8 4 192.3 842.4 1
3 8 361.0 637.6 4
2 5 1209.3 1391.1 1
4 1 180.2 866.4 1
6 4 869.7 1447.4 4
4 5 519.5 1060.2 2
6 7 171.1 519.4 1
2 8 65.3 577.7 1
8 10 826.4 1038.4 1
9 8 1326.0 1890.6 3
9 3 435.8 989.0 3
8 9 185.9 580.0 3
8 9 889.3 1023.0 4
8 10 620.3 861.9 4
3 9 949.6 1106.7 2
2 8 0.5 221.6 3
7 3 448.7 889.9 1
1 8 1347.1 1406.7 3
9 1 660.1 1305.9 3
4 6 682.4 800.9 2
2 10 1057.4 1173.3 1
0 3 394.9 542.6 4
0 5 159.4 601.8 3
5 3 850.3 1575.4 2
9 3 673.3 887.2 1
9 4 745.7 1173.2 3
3 2 774.9 1130.2 1
5 4 635.7 1131.5 3
7 1 320.6 1000.2 2
0 7 654.8 1164.0 2
5 8 1107.6 1711.0 4
9 1 476.0 710.1 2
3 4 33.4 338.8 2
4 9 696.2 1389.8 1
5 1 547.4 854.9 2
5 2 77.8 641.3 4
2 1 413.8 933.4 3
8 2 87.8 766.2 1
0 8 234.4 365.6 3
3 1 272.4 778.1 2
2 10 276.1 348.9 1
0 8 1355.2 2084.7 1
6 9 109.0 690.5 4
3 8 957.8 1524.8 3
4 2 1267.3 1624.6 1
7 4 191.5 748.7 4
9 1 214.0 269.0 2
7 8 573.1 697.9 1
4 7 407.7 670.3 3
8 5 1350.3 2008.5 4
8 7 806.3 921.1 4
3 1 1186.3 1870.4 4
6 3 495.6 800.0 4
5 9 679.4 1360.6 1
3 7 1277.6 1582.0 4
2 7 141.1 854.2 3
2 7 266.5 639.1 4
9 10 1353.7 1612.2 4
0 8 606.6 797.7 1
7 8 930.8 1360.4 4
4 3 1054.2 1681.9 2
6 7 332.4 596.1 2
1 6 702.9 1178.4 2
5 1 1101.8 1311.4 3
4 9 12.6 111.7 3
3 8 849.2 1260.1 4
5 7 393.8 835.3 4
6 9 744.6 845.2 2
1 5 1200.9 1674.8 4
8 2 570.9 1253.7 2
9 10 470.2 1066.6 2
5 7 266.6 707.5 4
5 4 978.4 1080.2 3
7 6 344.1 805.0 4
5 9 735.4 1026.8 4
9 7 1056.0 1238.1 3
3 5 791.4 1467.5 2
5 9 861.4 984.5 3
7 8 1307.8 1839.6 1
0 5 872.5 1273.6 2
6 3 1075.0 1803.2 1
2 5 858.9 1204.1 3
9 8 10.8 417.1 2
1 10 296.5 366.9 3
4 6 768.8 1205.5 1
4 9 928.3 1393.6 3
6 7 820.4 888.2 2
8 1 1182.3 1602.6 1
7 2 1087.0 1143.8 2
8 7 694.2 1371.6 2
6 8 706.9 761.6 4
1 6 1196.8 1396.5 1
0 3 1291.6 1426.1 4
5 1 243.5 809.9 1
0 4 1145.3 1503.6 2
9 4 780.2 987.9 3
1 10 79.3 186.4 4
8 5 365.4 475.8 2
7 6 740.8 1336.6 4
3 9 747.5 833.4 2
0 8 1223.9 1952.8 4
2 9 238.1 665.7 4
9 8 275.0 882.5 1
1 9 61.2 359.2 3
1 8 330.7 450.1 3
0 5 730.7 916.0 3
4 6 1115.8 1236.1 4
7 5 578.6 1031.7 3
9 6 347.0 789.6 1
8 5 1069.7 1669.2 1
EOF
