NUM_STATIONS: 10
NUM_REQUESTS: 80
NUM_VEHICLES: 1
VEHICLE_CAPACITY: 8
DISTANCES
0 1 7.9
1 2 8.1
2 3 2.5
3 4 7.9
4 5 2.3
5 6 7.4
6 7 8.2
7 8 1.4
8 9 7.4
9 0 3.5
REQUEST_SECTION
9 4 1438.2 1563.4 6
8 6 15.3 1034.3 1
1 2 106.1 442.4 5
8 4 709.5 1700.7 2
2 7 1465.1 1835.6 5
1 8 15.4 1039.3 4
5 7 907.9 1694.4 8
1 9 291.5 498.5 5
1 4 891.5 1924.6 1
4 6 538.1 883.6 3
0 8 1146.0 1614.7 3
7 6 571.6 1003.7 2
7 6 224.8 690.8 3
4 10 431.4 1261.8 5
8 2 681.4 827.2 5
1 4 367.3 908.5 4
2 8 1073.2 2048.4 4
0 3 1075.9 1439.3 4
8 6 1119.9 1186.6 1
8 1 691.0 1264.0 4
9 8 1183.9 1702.8 8
6 3 707.4 833.6 2
2 4 1667.0 1871.4 8
3 10 768.7 1843.5 6
5 6 423.9 1371.2 3
5 6 118.5 516.5 8
2 9 1341.8 1548.3 4
6 8 327.7 409.6 3
9 10 275.1 1235.6 4
5 8 404.9 1371.9 3
0 5 719.5 1010.3 2
2 4 1104.7 1800.6 6
3 9 604.0 770.8 7
0 3 1389.8 1574.0 7
5 6 602.6 972.9 3
5 10 1378.5 2348.9 3
4 8 11.4 515.1 5
9 4 38.4 857.0 1
1 9 961.7 1862.3 3
0 9 214.0 753.4 5
6 3 130.7 1019.4 1
0 1 888.5 1810.1 8
8 1 938.3 1410.8 3
3 9 132.5 352.4 7
4 2 1534.0 2280.6 3
5 10 512.3 975.7 5
9 2 1553.2 1978.8 4
2 5 1164.5 1933.8 6
3 4 91.9 459.4 1
3 1 416.9 1236.8 3
3 2 47.7 249.9 4
4 3 428.4 1189.5 5
1 4 261.1 444.0 7
2 7 227.4 974.3 8
1 9 1233.4 1733.2 5
0 6 360.1 1252.0 1
5 2 1597.6 2073.2 3
8 2 131.1 1088.7 5
8 4 874.4 1075.6 3
2 4 749.2 1869.8 7
6 8 396.7 614.7 5
2 9 27.3 622.8 2
2 8 380.9 1130.8 5
1 8 1440.1 1650.9 2
9 7 51.5 1129.1 6
6 2 627.0 1736.8 6
2 8 1058.1 1617.4 8
0 4 1022.4 2055.6 2
7 10 832.9 1424.4 8
2 4 728.7 1554.8 6
6 1 1589.4 2623.9 8
5 2 1419.7 2102.4 1
6 8 1672.7 2563.7 5
7 5 999.9 1238.3 3
8 10 1244.8 2390.2 7
5 2 309.1 721.0 8
9 7 1605.4 2761.9 4
7 6 15.1 201.7 1
4 9 284.6 1282.2 2
3 10 1622.8 2496.7 2
EOF
