NUM_STATIONS: 10
NUM_REQUESTS: 80
NUM_VEHICLES: 2
VEHICLE_CAPACITY: 4
DISTANCES
0 1 7.9
1 2 8.1
2 3 2.5
3 4 7.9
4 5 2.3
5 6 7.4
6 7 8.2
7 8 1.4
8 9 7.4
9 0 3.5
REQUEST_SECTION
9 4 14.8 623.1 4
8 6 109.8 320.8 2
1 2 664.9 975.6 2
8 4 425.8 889.3 2
2 7 178.1 361.2 3
1 8 211.1 565.9 3
5 7 182.6 403.5 3
1 9 583.8 1164.6 1
1 4 291.9 761.2 3
4 6 570.9 740.2 2
0 8 610.8 1184.7 4
7 6 645.9 785.0 2
7 6 215.0 836.1 4
4 10 423.4 709.6 3
8 2 168.3 292.8 3
1 4 201.8 287.7 4
2 8 481.0 870.8 1
0 3 285.0 739.8 3
8 6 64.6 544.1 4
8 1 384.4 878.0 4
9 8 361.5 898.4 3
6 3 558.9 843.7 3
2 4 744.8 1285.5 1
3 10 674.6 1056.2 1
5 6 339.1 416.0 4
5 6 532.1 865.2 4
2 9 256.2 523.1 1
6 8 322.9 493.2 1
9 10 279.5 707.6 1
5 8 811.0 1081.7 2
0 5 641.1 889.1 2
2 4 17.4 269.8 4
3 9 266.4 548.1 1
0 3 798.8 982.8 4
5 6 717.4 969.8 4
5 10 700.0 882.0 4
4 8 471.2 783.3 3
9 4 194.1 809.1 3
1 9 647.6 836.2 1
0 9 244.3 689.0 1
6 3 243.7 648.5 1
0 1 351.5 967.8 4
8 1 46.3 476.2 2
3 9 155.5 727.0 2
4 2 421.6 1038.3 2
5 10 76.2 235.7 3
9 2 619.3 1040.0 3
2 5 119.8 200.5 4
3 4 570.4 980.7 2
3 1 338.3 861.7 2
3 2 168.6 593.2 2
4 3 190.6 723.4 2
1 4 237.1 833.7 1
2 7 613.5 1137.1 4
1 9 823.6 1072.0 4
0 6 308.0 795.8 4
5 2 166.2 433.0 2
8 2 488.5 782.9 2
8 4 533.5 898.1 2
2 4 833.4 1132.2 4
6 8 696.0 1190.4 4
2 9 256.4 566.4 2
2 8 3.3 403.6 2
1 8 574.7 632.0 2
9 7 64.3 371.6 4
6 2 578.8 1155.6 2
2 8 43.9 455.0 1
0 4 225.4 498.8 4
7 10 12.9 112.8 4
2 4 24.5 141.8 1
6 1 326.5 802.4 4
5 2 61.9 538.5 2
6 8 229.2 476.8 1
7 5 735.1 1277.8 1
8 10 788.3 863.9 4
5 2 670.5 905.1 2
9 7 33.9 520.3 4
7 6 682.2 959.7 1
4 9 576.0 711.1 2
3 10 635.3 1234.1 3
EOF
