NUM_STATIONS: 10
NUM_REQUESTS: 40
NUM_VEHICLES: 3
VEHICLE_CAPACITY: 8
DISTANCES
0 1 5.5
1 2 7.8
2 3 7.1
3 4 4.8
4 5 4.5
5 6 3.9
6 7 2.7
7 8 6.4
8 9 8.5
9 0 7.6
REQUEST_SECTION
8 7 139.3 232.4 2
8 6 96.7 231.0 2
7 5 236.4 349.6 4
5 10 311.4 590.5 6
6 9 182.3 311.6 3
3 4 270.1 608.5 8
4 2 4.6 278.1 2
5 3 36.0 195.3 2
5 10 161.1 459.3 3
2 9 8.6 326.0 1
2 8 68.1 208.8 8
0 7 278.5 515.0 8
4 5 200.2 269.4 4
3 9 92.6 253.5 1
5 7 108.0 454.0 1
8 4 29.5 281.4 6
9 8 128.7 327.3 1
2 10 306.4 492.6 7
4 7 307.9 442.5 6
4 10 161.3 304.7 6
7 2 13.0 79.7 1
3 5 323.7 440.7 6
1 9 347.6 561.7 3
9 8 237.5 431.3 8
5 1 347.8 525.2 2
5 3 252.9 453.1 3
5 8 9.4 229.1 3
5 6 58.8 247.8 8
0 1 342.2 497.7 1
5 2 58.7 222.8 8
5 3 222.8 393.8 8
1 10 85.3 310.8 8
2 4 161.2 309.3 1
8 3 204.2 320.8 7
5 7 253.0 314.2 6
1 10 345.7 580.9 8
5 1 91.1 157.0 2
2 6 389.4 551.1 2
7 5 15.0 230.3 1
8 7 176.5 455.9 5
EOF
