NUM_STATIONS: 10
NUM_REQUESTS: 80
NUM_VEHICLES: 2
VEHICLE_CAPACITY: 8
DISTANCES
0 1 7.9
1 2 8.1
2 3 2.5
3 4 7.9
4 5 2.3
5 6 7.4
6 7 8.2
7 8 1.4
8 9 7.4
9 0 3.5
REQUEST_SECTION
9 4 802.2 1293.1 3
8 6 31.1 573.0 7
1 2 79.7 532.0 2
8 4 232.2 682.0 5
2 7 354.0 507.4 3
1 8 645.5 939.3 3
5 7 303.9 426.4 8
1 9 320.9 929.6 2
1 4 844.0 1103.3 3
4 6 774.5 1085.6 4
0 8 613.7 1178.0 7
7 6 443.8 1026.8 8
7 6 449.6 755.4 1
4 10 726.1 1093.4 8
8 2 415.6 497.2 4
1 4 304.2 849.6 8
2 8 736.7 1065.2 8
0 3 463.8 527.5 7
8 6 664.4 837.1 5
8 1 678.4 1130.3 4
9 8 728.5 989.6 6
6 3 72.8 442.6 5
2 4 724.4 1160.1 5
3 10 544.5 889.5 4
5 6 789.8 1361.9 4
5 6 511.5 583.0 6
2 9 211.6 675.5 1
6 8 417.8 528.7 2
9 10 832.0 966.0 8
5 8 67.8 313.3 1
0 5 705.5 1012.9 1
2 4 741.0 826.7 8
3 9 651.2 1212.9 6
0 3 159.6 374.7 1
5 6 99.0 500.3 2
5 10 706.8 938.3 8
4 8 467.1 1010.8 1
9 4 642.7 1009.8 8
1 9 749.7 1199.0 2
0 9 770.5 1179.5 5
6 3 152.1 290.5 3
0 1 806.8 1176.9 5
8 1 468.8 891.4 5
3 9 667.4 1266.1 1
4 2 303.4 558.2 4
5 10 633.0 895.7 8
9 2 226.2 563.2 8
2 5 432.7 636.4 6
3 4 256.9 594.8 1
3 1 694.5 993.4 4
3 2 148.5 423.0 3
4 3 474.8 849.2 1
1 4 433.7 819.9 4
2 7 357.3 595.0 4
1 9 737.8 873.4 3
0 6 572.2 1149.2 4
5 2 728.8 876.8 5
8 2 293.7 472.5 1
8 4 383.0 973.7 8
2 4 625.8 751.1 3
6 8 635.5 1133.1 7
2 9 487.8 731.0 3
2 8 157.6 351.9 3
1 8 493.1 913.1 2
9 7 445.0 844.7 4
6 2 593.2 662.6 6
2 8 195.6 498.5 4
0 4 42.0 573.8 5
7 10 738.7 853.6 4
2 4 604.1 1112.8 8
6 1 333.6 662.5 2
5 2 140.5 660.5 8
6 8 359.4 460.5 4
7 5 222.7 804.1 8
8 10 331.1 951.8 4
5 2 634.9 1237.4 1
9 7 251.1 859.8 3
7 6 818.4 1369.8 1
4 9 489.7 1077.9 7
3 10 269.7 667.1 3
EOF
