NUM_STATIONS: 10
NUM_REQUESTS: 80
NUM_VEHICLES: 1
VEHICLE_CAPACITY: 4
DISTANCES
0 1 8.0
1 2 8.3
2 3 3.5
3 4 6.0
4 5 1.1
5 6 2.5
6 7 5.2
7 8 7.5
8 9 5.8
9 0 8.4
REQUEST_SECTION
9 3 1064.2 2785.3 3
9 7 210.6 1261.3 4
9 1 929.8 1158.2 2
2 6 250.6 922.6 3
5 4 1300.2 2269.1 3
6 5 572.5 2160.5 1
3 2 1560.6 2260.9 4
6 2 1653.0 2189.5 1
0 9 933.8 1417.7 2
3 8 1583.5 1847.4 4
1 2 967.4 1937.8 2
9 2 281.1 1607.0 2
4 3 1605.5 3322.2 1
3 8 60.0 1492.8 3
8 3 1676.1 2459.2 3
8 5 288.7 989.3 4
8 5 251.2 409.5 2
0 3 1612.0 1795.2 2
7 10 1260.8 2688.4 2
2 10 562.4 1064.2 4
7 9 915.0 1527.8 4
6 5 180.6 1646.5 4
4 8 881.2 1289.6 2
6 10 565.4 1618.2 3
3 4 1418.2 2827.2 2
9 5 45.8 1446.9 2
7 6 508.7 1205.9 3
9 7 1320.6 2909.5 1
5 9 523.1 2167.8 1
5 7 857.3 926.3 1
6 1 1125.1 1879.8 1
7 4 1535.5 3277.8 4
2 8 237.4 1271.8 2
9 1 1471.3 1613.2 2
4 1 371.3 1195.6 3
5 6 698.5 1402.2 4
0 9 1569.0 2382.7 4
8 2 616.8 2120.7 3
6 3 239.7 378.0 2
6 9 696.5 1518.0 1
9 7 490.9 1120.8 1
2 8 1154.9 1460.9 4
6 8 1455.3 1707.9 3
5 2 883.0 1306.4 1
4 6 1022.2 2581.2 3
4 9 1026.2 1936.9 2
4 9 1448.3 2434.3 2
9 8 118.0 1337.4 4
6 4 1474.0 3202.3 1
8 6 1312.6 1470.6 2
4 3 990.2 1786.5 3
9 10 710.3 2256.0 4
8 7 1190.8 2637.5 2
7 1 988.5 2410.4 1
1 3 899.2 2493.3 2
6 3 737.7 1547.9 4
8 3 742.3 1682.1 1
4 6 334.0 1323.9 3
6 9 646.2 1736.3 2
9 4 102.6 1712.6 3
7 8 635.6 1468.0 2
6 3 1179.4 2031.2 2
7 5 554.5 1966.0 2
9 3 36.3 1113.1 4
1 9 239.0 544.7 4
8 1 599.9 1171.5 2
9 8 828.6 1010.3 1
9 7 1124.9 1304.0 1
6 7 297.7 1680.6 4
5 9 33.3 391.9 1
1 5 795.1 2045.2 3
8 6 1546.2 2106.6 2
2 1 589.9 1337.8 2
1 7 1087.7 1210.2 3
4 6 44.7 1168.0 3
0 3 589.4 1331.0 4
1 10 1174.4 2389.7 1
7 8 1560.1 2836.1 3
9 6 1476.7 1593.2 2
3 10 694.8 837.8 1
EOF
