NUM_STATIONS: 10
NUM_REQUESTS: 160
NUM_VEHICLES: 3
VEHICLE_CAPACITY: 8
DISTANCES
0 1 7.9
1 2 8.7
2 3 5.6
3 4 8.4
4 5 6.3
5 6 1.2
6 7 4.8
7 8 8.8
8 9 1.4
9 0 2.6
REQUEST_SECTION
0 1 596.8 921.4 3
7 1 437.0 843.7 7
6 4 48.9 784.5 5
1 3 642.6 1005.4 8
3 4 967.7 1557.2 1
6 5 468.4 903.3 3
7 4 1041.5 1764.4 2
2 1 981.4 1643.1 1
6 2 184.5 452.9 1
1 2 366.0 1017.5 4
1 6 733.8 1424.8 6
5 4 912.8 1338.4 5
4 2 1110.5 1279.3 2
8 6 775.5 1320.8 5
6 7 474.1 751.6 6
7 1 67.3 210.8 8
6 5 812.2 1459.5 7
0 8 944.5 1633.8 8
9 7 110.1 171.0 5
7 3 833.6 1478.2 5
5 6 830.4 1494.4 8
1 10 157.4 677.9 3
9 4 50.5 738.1 5
0 1 753.0 1138.7 8
3 5 361.8 914.1 1
8 7 304.8 842.7 2
3 8 568.8 653.8 4
0 1 309.7 890.2 2
7 2 596.9 906.0 1
4 6 358.4 988.4 6
1 9 126.0 193.3 8
1 7 449.3 860.6 5
7 10 1092.7 1534.0 6
4 6 824.7 1557.0 6
7 5 615.7 1195.7 6
8 1 377.9 972.7 1
2 8 823.6 966.4 8
3 10 35.5 760.0 3
7 8 137.0 455.6 8
7 10 65.3 577.4 5
3 7 391.9 972.8 4
9 10 347.2 915.8 1
5 2 142.2 683.2 6
7 1 172.7 661.3 8
1 10 209.7 849.1 1
9 10 535.1 1104.3 4
3 4 877.6 1227.2 7
9 10 485.9 863.7 2
5 6 50.1 373.7 8
1 4 255.8 783.3 1
1 3 822.2 1142.8 8
8 2 717.9 809.6 6
2 7 349.9 1011.5 8
8 1 664.7 1307.3 6
3 6 786.6 1315.3 4
6 7 304.4 964.3 3
4 9 633.4 1083.1 8
3 5 315.7 1019.7 4
5 6 518.0 704.3 5
9 5 1056.9 1373.2 2
4 10 1011.3 1230.6 1
0 4 519.4 945.8 3
9 10 731.3 1277.4 2
1 7 380.2 922.4 1
8 6 1008.7 1410.4 3
2 8 341.4 786.2 5
5 1 641.3 1098.9 1
9 1 93.9 310.7 1
8 4 564.1 916.1 7
6 4 989.9 1122.9 7
3 5 573.0 912.8 7
7 1 734.4 969.2 4
0 7 794.4 863.6 5
5 9 888.4 1567.4 5
1 9 838.5 1087.1 6
4 1 803.4 1261.4 3
9 3 452.9 582.4 7
8 5 66.9 733.9 5
6 10 886.7 1257.1 7
7 1 929.6 1144.7 6
3 10 164.6 345.4 6
6 8 741.9 1510.6 6
5 8 1057.8 1820.5 1
9 8 91.9 652.9 4
7 4 333.5 768.2 3
0 4 428.4 766.3 1
2 9 919.0 1423.9 1
0 7 586.7 780.2 4
0 4 349.8 909.1 1
1 6 116.1 398.7 8
0 6 970.8 1477.1 2
0 5 1086.4 1414.6 5
7 1 593.7 1001.3 2
1 3 450.5 658.6 6
3 8 586.7 1064.1 7
7 2 43.2 812.3 2
6 2 376.2 1076.3 8
8 9 649.8 1140.6 6
0 3 89.7 344.5 6
2 7 1046.2 1292.8 2
6 1 1113.1 1782.7 5
8 9 959.1 1207.2 7
6 4 942.3 1385.9 8
0 4 35.0 386.1 6
7 3 73.9 514.8 4
6 4 1084.0 1463.2 7
3 8 810.3 1491.4 7
9 7 586.9 713.7 3
3 1 717.8 1415.6 2
2 8 977.2 1389.5 8
3 2 878.7 1021.0 7
1 10 403.5 1120.1 3
8 5 438.3 1163.4 8
1 8 879.0 1439.1 8
1 10 1007.2 1085.4 8
8 10 785.8 1220.7 6
6 8 677.4 1425.5 2
3 6 297.2 992.4 4
8 9 102.5 480.4 3
2 7 56.4 458.3 5
0 7 229.9 973.3 5
6 2 628.4 843.4 7
3 1 698.5 1043.8 3
5 8 426.2 800.5 1
4 6 1095.2 1253.4 5
5 3 1078.5 1243.1 6
6 1 574.6 713.9 6
2 9 411.3 857.7 1
1 10 1072.1 1441.0 5
0 5 382.7 829.8 7
1 5 491.8 930.5 5
7 6 67.4 214.0 3
1 6 224.9 425.3 3
5 10 669.7 843.4 3
4 10 847.4 1343.9 1
7 8 62.8 261.4 4
5 7 986.9 1442.0 3
5 8 341.6 1010.0 1
3 8 726.6 1041.5 7
6 8 682.8 1387.3 2
7 1 56.4 396.4 2
9 6 170.5 780.1 4
1 10 12.2 431.9 5
1 5 733.4 1006.9 1
1 9 885.2 1142.3 6
4 6 571.1 1222.1 7
7 6 198.7 709.0 5
6 9 207.1 462.4 4
7 2 337.9 869.8 5
5 7 875.8 1195.0 7
7 10 116.0 234.8 1
3 8 1105.2 1878.7 6
1 3 609.8 753.9 4
2 8 860.0 931.8 1
4 2 39.1 366.4 8
5 8 253.5 396.7 8
4 2 1097.1 1733.5 1
4 2 858.0 1087.3 4
9 8 358.5 1120.7 1
0 9 820.1 1537.1 5
EOF
