NUM_STATIONS: 10
NUM_REQUESTS: 80
NUM_VEHICLES: 2
VEHICLE_CAPACITY: 1
DISTANCES
0 1 8.0
1 2 8.3
2 3 3.5
3 4 6.0
4 5 1.1
5 6 2.5
6 7 5.2
7 8 7.5
8 9 5.8
9 0 8.4
REQUEST_SECTION
9 3 1026.2 1875.7 1
9 7 729.0 1251.6 1
9 1 33.7 656.2 1
2 6 78.9 791.7 1
5 4 940.4 1780.8 1
6 5 1068.2 1285.5 1
3 2 501.1 1031.0 1
6 2 684.4 1331.0 1
0 9 1113.2 1299.0 1
3 8 1003.4 1464.8 1
1 2 351.5 841.0 1
9 2 932.0 1490.8 1
4 3 313.9 717.8 1
3 8 593.1 1442.1 1
8 3 49.2 420.2 1
8 5 1066.2 1589.3 1
8 5 258.5 972.1 1
0 3 783.9 1556.3 1
7 10 446.2 568.9 1
2 10 593.3 1283.1 1
7 9 808.3 1195.7 1
6 5 756.4 1078.5 1
4 8 303.7 580.8 1
6 10 768.3 1529.1 1
3 4 941.7 1731.1 1
9 5 1045.9 1917.9 1
7 6 715.9 1164.7 1
9 7 461.6 1299.3 1
5 9 995.4 1328.6 1
5 7 43.1 318.6 1
6 1 660.0 1555.4 1
7 4 54.6 318.4 1
2 8 538.1 649.7 1
9 1 777.4 1199.9 1
4 1 574.7 957.1 1
5 6 969.0 1342.2 1
0 9 892.9 1649.0 1
8 2 937.5 1049.1 1
6 3 445.5 936.3 1
6 9 828.8 992.1 1
9 7 1038.9 1710.1 1
2 8 1063.9 1346.7 1
6 8 284.2 596.6 1
5 2 32.4 133.5 1
4 6 415.2 1128.0 1
4 9 485.4 967.4 1
4 9 750.2 873.5 1
9 8 577.4 1119.3 1
6 4 739.4 836.2 1
8 6 158.4 237.3 1
4 3 530.7 1047.5 1
9 10 518.4 1194.6 1
8 7 77.4 521.6 1
7 1 13.1 871.6 1
1 3 624.2 996.4 1
6 3 961.9 1501.8 1
8 3 578.5 789.6 1
4 6 946.8 1791.5 1
6 9 875.8 1299.7 1
9 4 805.8 978.9 1
7 8 573.2 1208.0 1
6 3 197.9 681.2 1
7 5 35.0 632.1 1
9 3 635.3 786.2 1
1 9 335.4 711.1 1
8 1 383.2 440.2 1
9 8 460.9 868.2 1
9 7 1124.6 1232.9 1
6 7 97.7 926.5 1
5 9 645.3 810.0 1
1 5 572.7 1306.2 1
8 6 453.6 781.2 1
2 1 460.2 592.3 1
1 7 336.9 529.4 1
4 6 964.7 1167.2 1
0 3 879.3 1353.9 1
1 10 687.1 1067.3 1
7 8 592.9 1286.6 1
9 6 518.8 1072.7 1
3 10 799.7 1351.6 1
EOF
