NUM_STATIONS: 10
NUM_REQUESTS: 160
NUM_VEHICLES: 2
VEHICLE_CAPACITY: 8
DISTANCES
0 1 6.3
1 2 7.7
2 3 3.8
3 4 4.5
4 5 9.5
5 6 2.1
6 7 8.1
7 8 3.8
8 9 3.5
9 0 1.8
REQUEST_SECTION
8 5 624.1 1208.2 5
2 7 1631.6 2453.1 7
0 6 675.7 1101.0 1
4 2 380.9 1233.7 4
6 1 1622.7 2595.8 8
6 5 10.5 475.8 1
4 5 1268.7 1944.4 4
1 7 1138.9 2189.1 5
9 1 829.6 1037.4 5
8 4 38.8 101.3 6
6 8 80.6 261.0 8
3 10 588.4 861.0 2
9 6 1310.4 2261.7 2
1 3 1377.5 1519.3 7
9 1 1987.6 2979.8 1
6 5 1669.4 2498.6 2
1 10 1977.6 2972.0 6
0 8 1530.5 2041.8 7
7 10 1129.3 2108.8 7
2 5 1037.5 1329.1 4
3 9 821.3 1481.9 8
9 5 414.5 964.8 3
2 4 1620.7 2150.1 8
0 5 1928.2 2709.1 7
6 5 435.1 1076.3 8
1 3 1100.6 1238.9 6
7 5 1769.0 2470.7 1
0 4 734.5 1252.5 6
2 10 1549.0 2016.3 6
1 10 603.0 804.1 1
4 1 1004.2 2004.0 6
5 8 381.4 684.7 8
8 5 899.4 1583.2 8
4 10 1339.4 2171.9 3
6 3 939.8 1781.2 8
6 5 1497.2 1923.7 8
1 7 1605.1 2161.2 8
3 1 388.1 442.8 5
0 3 563.6 1212.0 7
3 2 2006.9 2262.6 2
7 4 1340.4 1839.0 5
6 4 1459.6 1820.9 8
3 8 1892.4 2402.4 1
7 2 1063.8 1570.4 7
8 3 1179.0 2236.8 8
8 2 579.7 1166.9 2
2 3 1589.7 2095.8 2
0 1 1195.2 2240.2 2
5 8 402.3 894.6 3
2 7 614.0 1279.2 6
8 4 1214.3 1861.6 4
3 8 494.3 842.9 3
2 5 1771.7 1907.1 5
4 1 1544.9 2441.7 2
6 4 1389.8 1822.6 2
4 5 1401.1 2112.2 3
6 7 720.8 909.7 1
2 8 1213.8 2053.1 6
8 10 313.8 379.7 8
9 8 1363.3 2176.2 8
9 3 1347.3 1583.9 1
8 9 401.0 1274.4 3
8 9 688.2 955.3 4
8 10 85.8 245.2 3
3 9 2032.4 2430.4 5
2 8 2036.7 2361.0 2
7 3 571.5 1254.1 3
1 8 910.6 984.7 7
9 1 1734.0 1788.8 1
4 6 457.9 763.2 6
2 10 819.8 1793.4 6
0 3 201.4 426.6 4
0 5 409.1 689.7 5
5 3 1546.0 1599.5 4
9 3 532.8 1033.2 4
9 4 1484.2 2379.0 5
3 2 1733.5 2515.0 6
5 4 244.7 1293.0 8
7 1 922.0 1609.8 4
0 7 1258.7 2039.8 5
5 8 1784.4 2323.2 6
9 1 1207.5 1747.5 3
3 4 1267.1 2148.9 2
4 9 1607.9 2152.3 8
5 1 438.1 547.3 8
5 2 909.9 1938.2 4
2 1 1252.8 2221.7 2
8 2 603.3 1467.3 1
0 8 770.7 1251.7 7
3 1 640.6 1623.3 3
2 10 1519.1 2070.6 4
0 8 1341.0 1455.5 7
6 9 549.4 1074.8 8
3 8 1373.4 1867.3 5
4 2 383.4 1185.1 8
7 4 816.4 1661.3 5
9 1 310.9 502.0 5
7 8 936.2 1351.4 3
4 7 1026.5 1854.8 2
8 5 1512.2 2075.5 1
8 7 1487.2 1740.0 3
3 1 1643.4 1746.1 5
6 3 557.8 1365.7 7
5 9 783.0 1297.2 4
3 7 703.6 1360.1 6
2 7 1849.5 2745.2 8
2 7 1795.8 2444.0 8
9 10 912.5 1713.6 2
0 8 664.9 1188.1 4
7 8 9.4 1058.1 3
4 3 801.8 1113.3 7
6 7 1050.4 1281.6 4
1 6 880.1 1712.8 8
5 1 1034.0 1522.6 7
4 9 1212.0 1987.7 8
3 8 1654.7 2535.6 4
5 7 892.0 1491.8 8
6 9 443.6 528.8 7
1 5 240.8 769.4 2
8 2 1022.0 2072.3 8
9 10 1721.4 2555.0 2
5 7 1442.9 1981.2 5
5 4 1481.1 2349.5 7
7 6 240.9 324.7 2
5 9 1440.4 2409.0 2
9 7 1626.2 2508.9 6
3 5 1417.8 2029.3 8
5 9 232.5 999.1 6
7 8 1209.7 2247.9 7
0 5 354.8 1047.4 8
6 3 697.7 1324.0 5
2 5 1088.8 1198.4 5
9 8 1362.9 1765.4 7
1 10 263.9 1148.2 2
4 6 1360.9 2200.0 4
4 9 1666.0 1833.6 8
6 7 1829.0 2005.8 8
8 1 858.7 1930.1 5
7 2 246.3 1185.7 7
8 7 1474.2 1574.2 8
6 8 768.9 941.9 1
1 6 532.0 1154.1 1
0 3 1025.8 1728.7 3
5 1 781.7 880.5 6
0 4 1633.1 2195.8 1
9 4 879.1 1232.6 2
1 10 1994.1 2947.1 7
8 5 973.6 1823.2 6
7 6 58.9 152.9 6
3 9 1059.0 1840.5 4
0 8 447.3 502.3 2
2 9 1082.3 1652.3 8
9 8 1646.8 1699.2 1
1 9 577.9 1585.6 3
1 8 1399.9 1637.1 8
0 5 698.9 1549.1 1
4 6 1200.9 1891.9 8
7 5 286.1 573.4 7
9 6 15.0 272.0 6
8 5 1097.5 1981.1 6
EOF
