NUM_STATIONS: 10
NUM_REQUESTS: 40
NUM_VEHICLES: 1
VEHICLE_CAPACITY: 1
DISTANCES
0 1 3.4
1 2 6.2
2 3 7.9
3 4 7.1
4 5 5.2
5 6 1.5
6 7 5.2
7 8 1.2
8 9 5.0
9 0 2.1
REQUEST_SECTION
3 7 206.8 761.2 1
4 5 186.3 873.0 1
4 5 112.5 459.2 1
2 9 254.6 431.5 1
4 6 414.7 571.8 1
2 7 188.0 606.9 1
2 4 459.0 845.4 1
5 6 453.4 1159.1 1
4 1 622.0 730.3 1
0 7 200.8 252.0 1
6 3 47.8 302.0 1
0 2 537.7 1070.2 1
9 3 119.1 447.0 1
7 6 383.0 1076.7 1
7 5 183.8 424.4 1
3 7 435.5 594.6 1
4 2 567.6 981.3 1
0 9 267.6 318.1 1
2 3 64.0 400.0 1
2 9 53.1 289.0 1
0 4 249.2 374.8 1
2 10 661.6 798.1 1
2 6 459.2 1048.2 1
8 4 210.7 308.0 1
3 7 472.3 761.5 1
0 1 263.4 919.4 1
7 1 100.3 644.2 1
8 4 307.8 377.4 1
0 3 658.3 753.9 1
9 7 413.7 592.6 1
0 4 198.2 636.1 1
7 2 96.9 271.3 1
8 6 221.2 405.4 1
4 10 538.1 958.2 1
9 6 327.7 462.0 1
1 5 200.2 792.4 1
4 2 529.8 639.0 1
3 5 382.9 587.4 1
9 7 431.8 919.9 1
5 7 25.7 558.8 1
EOF
