NUM_STATIONS: 10
NUM_REQUESTS: 160
NUM_VEHICLES: 2
VEHICLE_CAPACITY: 1
DISTANCES
0 1 6.3
1 2 1.5
2 3 7.8
3 4 9.8
4 5 9.9
5 6 6.9
6 7 1.6
7 8 5.2
8 9 2.2
9 0 6.8
REQUEST_SECTION
3 7 1080.4 2149.3 1
2 4 310.7 951.3 1
2 7 1492.3 2525.5 1
7 4 1896.2 2410.4 1
4 10 21.9 125.0 1
1 4 186.6 1138.9 1
2 1 328.5 1019.3 1
5 9 1765.2 2294.7 1
7 3 880.6 1954.3 1
0 7 474.8 626.0 1
0 3 975.7 1409.7 1
0 5 2005.6 3133.0 1
0 3 2140.6 2525.1 1
8 4 2272.4 2893.3 1
3 4 2086.2 2344.0 1
0 7 879.0 1483.6 1
5 4 431.5 699.1 1
9 8 2168.0 2797.8 1
8 6 1768.1 2307.2 1
9 7 1607.3 2593.8 1
9 4 472.3 1300.8 1
2 4 518.6 999.6 1
9 3 131.6 668.7 1
9 5 487.7 813.1 1
1 6 939.8 1297.9 1
9 4 1893.0 2579.8 1
9 2 966.7 1484.5 1
7 2 1986.9 2216.8 1
3 9 350.9 783.6 1
1 2 722.2 1008.3 1
5 6 946.3 1491.4 1
0 8 474.1 1248.3 1
1 4 2076.0 2791.2 1
8 3 889.0 1999.4 1
0 1 1166.4 1741.4 1
3 2 536.6 731.5 1
9 8 2237.4 3099.8 1
0 9 1958.0 2547.9 1
7 6 1570.7 2267.2 1
6 2 1614.0 2147.7 1
2 3 2263.9 2522.4 1
2 3 780.3 1731.0 1
2 8 1467.5 1823.5 1
7 3 328.0 989.9 1
5 1 2010.8 2223.7 1
9 6 1510.4 2661.3 1
0 2 1497.1 2705.8 1
5 2 1224.7 2278.0 1
0 4 1291.7 1794.0 1
0 1 1546.1 2111.7 1
8 5 86.5 918.3 1
1 9 1119.0 1698.5 1
9 10 540.3 1238.3 1
9 10 2125.8 2622.2 1
3 10 639.4 1145.9 1
0 5 417.2 829.7 1
9 3 601.9 1081.3 1
1 7 1810.3 2995.2 1
2 9 1608.4 1991.2 1
2 9 1965.4 3075.8 1
2 7 1654.8 1746.1 1
5 1 698.7 828.6 1
6 4 1944.0 2532.8 1
1 4 2066.0 3074.0 1
5 3 1260.9 2208.1 1
2 5 1452.2 2447.6 1
4 10 1031.3 1197.4 1
0 6 1510.2 2065.2 1
3 2 829.8 1404.5 1
6 1 165.7 780.0 1
6 1 76.1 867.4 1
7 1 1815.8 2812.4 1
9 10 1928.4 2399.9 1
3 4 1896.8 2403.4 1
3 6 302.0 500.6 1
1 4 594.8 1473.4 1
2 4 1721.9 1902.3 1
6 9 513.0 1649.5 1
3 7 275.4 1108.4 1
9 4 2296.1 3117.4 1
5 4 1467.7 2261.1 1
0 3 1763.5 2719.1 1
1 3 1644.0 1726.4 1
9 1 228.5 542.1 1
4 3 214.5 692.7 1
9 10 1386.4 1619.7 1
8 7 80.7 461.3 1
1 7 1807.9 2264.2 1
7 6 1557.0 2149.1 1
2 5 1797.4 2188.0 1
0 2 884.9 1775.3 1
5 7 1878.1 2925.1 1
3 7 952.6 1291.3 1
4 10 61.1 1218.8 1
5 10 1223.7 2157.9 1
7 5 1575.6 1707.4 1
1 6 17.6 869.2 1
7 1 518.1 716.3 1
1 5 1671.6 1761.5 1
6 8 796.3 1459.6 1
3 5 1387.6 1527.6 1
9 7 1015.2 2015.5 1
4 9 635.7 1386.8 1
7 4 1395.8 2455.1 1
4 9 386.1 1330.5 1
8 2 1471.9 2659.0 1
4 9 1834.9 2225.2 1
2 1 236.1 1227.3 1
8 10 1350.9 1522.1 1
5 1 2294.4 2992.4 1
9 1 21.2 232.9 1
0 4 2248.5 2603.6 1
0 2 601.1 1119.0 1
6 1 1918.2 2750.5 1
5 4 643.1 1828.2 1
5 1 136.8 844.6 1
0 9 1022.6 1221.0 1
6 9 444.3 1561.6 1
6 5 1506.0 1730.9 1
7 9 1944.7 2993.0 1
8 6 256.2 474.1 1
1 6 82.2 1044.5 1
2 8 1411.8 1849.9 1
1 9 2055.9 2759.8 1
0 8 1222.2 1411.3 1
7 1 83.4 381.6 1
3 9 965.5 1597.3 1
7 10 59.1 1261.7 1
2 4 888.9 984.0 1
8 7 85.7 447.5 1
7 1 190.9 1400.7 1
3 7 176.6 344.6 1
9 5 1377.4 2415.3 1
0 8 268.1 1411.1 1
9 3 2238.8 3170.3 1
5 8 540.2 983.2 1
1 3 1630.3 1959.2 1
1 9 634.1 773.0 1
5 9 2299.6 3078.7 1
2 5 162.9 956.4 1
8 3 2135.2 2785.2 1
1 8 1746.1 2281.8 1
6 9 1174.2 2180.3 1
0 9 397.3 1078.6 1
4 7 1815.2 2608.0 1
2 8 2268.7 3237.2 1
1 6 1729.9 2382.1 1
1 10 884.6 1425.4 1
0 5 1010.9 1479.3 1
3 9 283.3 795.6 1
5 9 2163.9 2849.3 1
4 5 1593.6 2633.2 1
7 1 1272.7 1892.0 1
9 1 694.2 1030.8 1
4 10 2.4 327.1 1
6 1 1669.4 1834.1 1
7 3 1960.4 2357.5 1
3 8 878.6 1741.6 1
0 9 2189.2 2661.6 1
5 3 2053.6 2949.4 1
EOF
