NUM_STATIONS: 10
NUM_REQUESTS: 160
NUM_VEHICLES: 2
VEHICLE_CAPACITY: 8
DISTANCES
0 1 3.6
1 2 7.3
2 3 7.4
3 4 1.6
4 5 9.1
5 6 1.1
6 7 5.1
7 8 5.3
8 9 9.0
9 0 2.6
REQUEST_SECTION
0 6 550.3 913.2 1
6 7 639.8 1131.1 5
7 6 1546.4 1646.8 8
0 1 170.9 594.1 2
4 3 330.4 478.5 3
6 10 270.3 735.1 6
5 2 590.4 1284.7 3
1 3 2081.0 2279.8 3
0 6 184.5 1128.0 6
6 1 2012.0 2317.1 3
4 5 1313.9 1508.1 8
6 2 172.9 1191.1 3
3 4 1226.3 2162.0 8
3 4 873.8 1858.6 1
7 9 1416.6 2344.5 7
9 3 1856.0 2335.1 6
9 7 1149.1 1584.9 2
4 8 1335.3 2236.9 3
3 7 719.6 799.5 6
2 3 702.4 1039.0 1
0 7 1193.6 2031.4 2
1 5 595.0 691.4 7
8 2 945.7 1423.3 8
5 3 1646.9 1717.2 6
5 9 830.2 1924.3 4
1 6 1352.5 2296.3 1
1 6 1577.7 1652.3 7
4 2 443.4 958.9 1
5 3 1067.2 1139.4 4
4 7 1852.2 1938.3 3
6 5 160.7 1068.0 3
3 7 1022.3 1850.8 1
5 3 1747.3 2357.0 7
4 9 824.4 1710.0 4
2 6 1230.2 2160.9 3
8 4 1743.6 2031.5 3
0 3 1196.1 1827.5 3
8 9 598.1 990.2 7
9 5 408.1 507.6 4
5 7 730.7 1479.4 2
1 5 314.5 918.2 5
6 8 18.8 1030.1 7
3 8 127.1 956.7 8
8 5 1465.8 1806.6 3
3 10 659.1 798.8 2
8 7 174.2 1044.9 1
9 4 522.6 1271.8 2
6 2 1917.3 2284.9 8
9 7 693.3 1179.9 8
0 8 2017.5 2538.5 3
3 9 1042.4 1782.3 7
7 10 658.8 968.8 2
7 3 663.0 1011.3 6
4 1 69.9 952.3 3
1 3 225.5 1311.3 6
4 9 1156.6 1961.2 3
6 7 1462.3 2186.4 1
3 9 1476.7 2274.5 1
1 5 2016.7 2383.1 3
9 7 1682.5 2683.5 4
4 8 1667.0 2660.1 1
7 10 1413.0 1880.6 8
2 9 1430.9 1661.9 1
8 1 124.5 879.3 4
1 7 1105.9 1983.5 3
8 5 571.7 882.2 2
7 3 1845.8 2217.2 7
3 5 1150.6 1488.6 1
0 5 507.8 1478.5 1
9 4 2002.4 2479.7 3
5 8 1188.9 1609.6 5
9 8 631.7 1433.9 3
6 9 1412.9 2192.7 7
8 1 1938.8 2957.0 8
6 7 1388.4 1803.1 7
6 1 1692.5 2506.0 7
3 5 70.6 630.7 8
4 7 1797.5 2410.4 1
6 3 1356.5 2218.6 1
4 5 1748.2 2162.1 1
0 1 418.7 1084.5 1
8 5 1619.0 1754.9 5
3 4 690.1 1019.9 4
2 6 714.0 922.7 4
9 4 140.7 648.8 3
6 8 43.2 645.5 4
6 2 1540.5 2542.4 8
7 2 1110.8 1272.4 6
1 8 2076.5 2334.8 7
9 5 819.4 1540.6 1
6 2 290.9 545.0 2
1 5 68.7 157.6 7
5 4 801.8 870.2 5
8 10 758.5 1089.1 1
3 6 404.1 1060.0 8
5 2 411.5 1218.7 2
6 3 835.7 1824.7 6
4 6 947.5 1251.1 6
5 7 440.6 1201.0 3
2 3 1091.4 1797.8 6
4 9 1651.3 1920.8 4
4 1 1497.4 2514.1 1
5 6 1156.3 1296.7 5
5 10 431.9 728.0 6
8 9 1768.6 2670.5 7
3 5 735.1 1160.9 6
3 8 315.4 1211.0 4
7 8 1723.1 1808.5 7
4 8 1016.6 1925.3 1
1 6 928.7 1044.1 1
3 9 312.0 714.9 5
0 8 258.4 420.7 1
0 5 966.6 2023.8 4
1 8 1728.7 2228.4 1
3 6 1414.6 1818.1 5
7 1 1999.6 2426.1 1
7 1 1444.0 2126.2 2
4 1 143.3 1002.2 4
1 2 1545.8 2606.8 4
8 5 680.5 1110.7 6
6 4 1484.3 1918.3 6
3 6 1230.9 2306.3 3
2 8 504.7 1404.6 3
6 1 1176.9 2094.7 2
6 10 550.1 1003.3 1
0 2 1869.6 2755.8 5
0 1 269.9 804.1 8
3 9 1315.7 2107.1 3
2 8 9.4 253.0 8
4 5 1972.3 2806.7 1
1 5 1380.6 2157.1 7
4 2 1129.2 2132.1 1
1 3 693.5 938.8 5
1 3 1325.4 2063.4 8
6 1 1670.2 2025.8 4
8 9 1916.2 2651.7 2
7 6 715.7 1639.0 2
1 7 871.7 1774.0 1
6 1 1535.3 2094.4 6
4 6 1381.8 1893.2 4
3 9 1916.7 2336.1 6
2 9 71.3 921.8 1
6 9 1101.5 1177.5 7
2 4 1584.9 2310.9 1
9 6 1932.6 2108.6 1
1 6 798.6 1596.3 1
3 2 1831.7 2778.4 2
4 1 418.9 1253.8 1
8 9 1162.6 1920.9 3
4 3 1043.9 1685.6 1
7 5 33.1 563.2 4
3 5 82.1 322.4 3
6 7 1634.0 2054.0 5
9 5 1424.4 2078.3 5
6 5 1535.2 2386.9 6
3 8 1172.2 2048.1 6
4 9 1945.5 2542.8 5
4 10 1499.3 2230.8 6
6 8 1081.5 1913.2 1
3 1 1223.7 2260.2 7
EOF
