NUM_STATIONS: 10
NUM_REQUESTS: 160
NUM_VEHICLES: 1
VEHICLE_CAPACITY: 1
DISTANCES
0 1 6.3
1 2 7.7
2 3 3.8
3 4 4.5
4 5 9.5
5 6 2.1
6 7 8.1
7 8 3.8
8 9 3.5
9 0 1.8
REQUEST_SECTION
8 5 2278.0 5088.8 1
2 7 347.3 3047.4 1
0 6 1906.0 2820.8 1
4 2 314.8 3291.9 1
6 1 2479.5 3877.8 1
6 5 560.8 3411.3 1
4 5 2299.7 5156.9 1
1 7 1829.7 4663.2 1
9 1 2304.5 5005.2 1
8 4 506.1 971.5 1
6 8 2328.6 3425.8 1
3 10 1661.7 3745.2 1
9 6 2921.1 3419.4 1
1 3 2488.9 3426.3 1
9 1 947.7 3318.4 1
6 5 2488.9 3089.1 1
1 10 2426.2 3656.2 1
0 8 315.5 2167.9 1
7 10 1009.4 3113.6 1
2 5 3018.3 4383.8 1
3 9 690.5 961.6 1
9 5 1460.5 4510.4 1
2 4 518.4 1980.7 1
0 5 1969.2 3551.2 1
6 5 1524.1 4523.7 1
1 3 616.4 839.6 1
7 5 2645.1 4453.8 1
0 4 2439.7 3451.1 1
2 10 2974.1 4813.5 1
1 10 2626.5 4497.5 1
4 1 1620.3 2702.5 1
5 8 1343.4 4382.4 1
8 5 255.9 1411.3 1
4 10 2925.5 5150.5 1
6 3 2702.7 3974.8 1
6 5 666.7 3006.9 1
1 7 1316.9 2503.9 1
3 1 2051.2 4080.5 1
0 3 2714.2 5212.1 1
3 2 733.1 2755.8 1
7 4 2970.0 5241.8 1
6 4 2162.1 2771.7 1
3 8 1584.5 3648.0 1
7 2 3039.5 5098.7 1
8 3 1098.8 2892.4 1
8 2 877.7 2983.1 1
2 3 2027.9 3579.5 1
0 1 1222.9 3105.6 1
5 8 1244.1 3478.6 1
2 7 812.0 2991.5 1
8 4 416.0 934.7 1
3 8 3037.3 4871.9 1
2 5 2011.7 4776.8 1
4 1 1116.2 2257.4 1
6 4 2532.4 3825.6 1
4 5 649.4 1049.6 1
6 7 299.7 2235.2 1
2 8 1653.9 2262.1 1
8 10 2961.0 3333.6 1
9 8 2567.3 5115.7 1
9 3 3035.3 5316.8 1
8 9 1433.4 3517.3 1
8 9 1606.0 1719.0 1
8 10 1640.3 4060.5 1
3 9 2541.3 4072.6 1
2 8 486.4 1808.6 1
7 3 2222.1 3113.8 1
1 8 1628.4 3248.3 1
9 1 1289.2 2329.4 1
4 6 2128.7 5111.1 1
2 10 2136.2 3448.2 1
0 3 1279.0 3138.3 1
0 5 282.2 1107.3 1
5 3 291.6 738.8 1
9 3 730.8 1050.6 1
9 4 225.5 2800.8 1
3 2 72.1 2712.1 1
5 4 923.7 1355.2 1
7 1 2182.9 3418.1 1
0 7 2204.9 2669.4 1
5 8 2159.3 4872.5 1
9 1 899.7 1402.7 1
3 4 211.0 2596.7 1
4 9 283.7 401.6 1
5 1 1587.7 3301.2 1
5 2 1000.9 3207.0 1
2 1 3018.5 4922.0 1
8 2 2278.9 4348.8 1
0 8 1359.7 2675.9 1
3 1 902.4 2501.3 1
2 10 430.8 1804.2 1
0 8 1437.1 3386.1 1
6 9 2734.5 5419.1 1
3 8 668.2 748.2 1
4 2 1854.0 4063.5 1
7 4 2621.3 3351.5 1
9 1 2034.1 2772.6 1
7 8 2629.9 4446.3 1
4 7 1115.9 1996.2 1
8 5 2942.9 4530.9 1
8 7 81.8 1858.8 1
3 1 1397.3 2232.2 1
6 3 2940.2 4303.5 1
5 9 339.1 2879.5 1
3 7 2836.4 2973.9 1
2 7 1815.0 2469.5 1
2 7 802.4 2751.6 1
9 10 2533.1 2725.3 1
0 8 971.4 3680.3 1
7 8 551.0 2693.7 1
4 3 1107.5 3444.3 1
6 7 2689.7 4208.9 1
1 6 1900.1 2131.9 1
5 1 1757.0 4232.4 1
4 9 1812.1 2201.8 1
3 8 1391.1 2206.3 1
5 7 932.1 2695.9 1
6 9 2484.4 4619.8 1
1 5 2054.5 5114.3 1
8 2 1432.8 2861.8 1
9 10 1814.8 2436.3 1
5 7 2985.5 4559.9 1
5 4 2980.0 5452.6 1
7 6 3002.9 5667.6 1
5 9 905.5 1328.5 1
9 7 2083.4 4935.2 1
3 5 2824.5 5752.1 1
5 9 2306.4 3152.8 1
7 8 2353.1 2523.8 1
0 5 2112.7 3050.5 1
6 3 1567.7 2380.8 1
2 5 2821.7 4306.5 1
9 8 3035.9 5721.5 1
1 10 1992.7 3423.6 1
4 6 2907.3 3028.4 1
4 9 2441.3 5173.6 1
6 7 2384.1 2838.0 1
8 1 2934.1 3309.9 1
7 2 1302.9 3618.9 1
8 7 2431.5 4621.0 1
6 8 333.6 473.5 1
1 6 2278.2 5024.7 1
0 3 28.1 1205.7 1
5 1 1462.9 4027.6 1
0 4 1788.0 4862.5 1
9 4 3031.0 6061.2 1
1 10 2043.2 3039.9 1
8 5 2273.9 3144.0 1
7 6 26.7 2996.8 1
3 9 2342.5 3756.1 1
0 8 1249.4 4247.2 1
2 9 341.9 1313.7 1
9 8 307.2 1169.0 1
1 9 1808.2 2253.1 1
1 8 1690.3 4552.7 1
0 5 499.6 989.8 1
4 6 975.7 1502.6 1
7 5 2838.0 3385.5 1
9 6 384.5 2801.3 1
8 5 246.8 1298.9 1
EOF
