NUM_STATIONS: 10
NUM_REQUESTS: 40
NUM_VEHICLES: 1
VEHICLE_CAPACITY: 1
DISTANCES
0 1 5.8
1 2 5.9
2 3 5.5
3 4 4.6
4 5 6.6
5 6 8.5
6 7 2.2
7 8 4.0
8 9 2.7
9 0 5.9
REQUEST_SECTION
5 3 730.2 870.5 1
6 3 591.0 1344.6 1
4 5 750.3 1220.1 1
3 7 269.2 680.4 1
8 3 526.0 798.5 1
2 5 294.7 1010.2 1
2 8 101.1 718.7 1
4 7 445.1 1185.1 1
9 1 448.3 968.7 1
2 4 587.6 1046.4 1
1 10 206.9 445.1 1
7 2 186.6 567.7 1
5 4 753.4 1246.5 1
2 8 733.0 907.8 1
2 5 350.9 709.4 1
8 3 556.8 1318.4 1
6 2 360.8 1168.6 1
9 5 552.6 1353.6 1
5 8 388.1 776.0 1
6 9 206.3 774.6 1
3 2 694.1 784.8 1
7 2 127.0 396.9 1
3 5 372.2 1157.6 1
9 2 546.8 923.5 1
9 5 320.2 530.5 1
5 3 368.0 685.7 1
5 9 280.9 1066.5 1
1 9 171.4 961.0 1
0 4 534.3 906.0 1
3 5 587.6 1189.3 1
8 7 611.8 1096.9 1
3 4 222.6 506.5 1
7 2 192.5 412.1 1
9 8 38.6 317.0 1
4 6 750.8 1063.1 1
2 3 556.1 1074.4 1
2 9 715.8 1041.1 1
3 1 328.0 392.1 1
4 2 537.2 744.6 1
3 8 652.6 1151.6 1
EOF
