NUM_STATIONS: 10
NUM_REQUESTS: 160
NUM_VEHICLES: 1
VEHICLE_CAPACITY: 8
DISTANCES
0 1 3.3
1 2 8.6
2 3 9.8
3 4 4.8
4 5 3.7
5 6 5.0
6 7 1.8
7 8 2.0
8 9 1.3
9 0 2.7
REQUEST_SECTION
9 3 2930.1 3870.7 1
8 4 371.7 531.1 4
4 8 345.6 1455.0 7
6 3 2161.0 2340.6 7
8 2 781.5 912.7 1
7 2 55.2 1123.8 3
8 1 1983.2 2846.8 6
6 4 2318.4 3441.5 3
7 2 3094.4 4606.0 2
2 6 2234.7 3773.0 6
3 7 557.4 1692.0 8
8 4 300.7 1887.5 5
0 8 344.2 1551.3 5
8 10 2130.9 3249.6 4
8 2 3382.2 4534.1 3
4 2 1171.8 1334.2 6
3 5 1529.6 1838.6 4
5 7 1556.9 3229.2 2
3 7 2614.8 3448.3 2
7 4 1156.1 1508.7 5
6 7 2023.6 3747.9 4
3 7 423.2 1702.8 4
5 2 1543.5 2282.3 4
4 7 1619.4 3206.7 7
3 5 3226.5 4471.7 2
1 3 2370.0 3573.0 1
9 10 205.9 1585.9 4
3 6 2927.6 4512.4 4
3 7 1823.3 2062.1 1
7 10 278.0 499.2 2
8 9 1984.6 2162.5 2
3 9 2159.4 3655.9 3
4 7 18.1 588.0 2
4 6 3307.2 3614.8 2
6 10 81.8 1558.3 2
1 3 1521.1 1654.3 1
8 7 2496.6 3091.1 5
8 10 2713.5 4106.8 4
2 1 2095.4 2322.3 3
5 1 65.4 1315.7 5
2 4 119.0 903.5 7
5 10 3169.2 3793.6 8
8 6 224.9 1217.5 3
5 2 2963.0 4315.8 7
6 2 1987.1 2137.0 5
5 4 3135.6 4387.4 7
0 9 129.1 478.1 1
3 4 377.6 1211.5 1
0 2 2867.9 3447.9 1
9 7 3064.5 3394.6 8
8 3 2262.7 3441.9 4
1 4 1567.6 2336.8 5
3 1 2419.0 2686.3 3
2 7 328.0 1788.3 3
3 10 766.7 1406.3 3
2 4 918.3 1702.9 1
5 8 866.8 1056.7 2
8 1 1700.0 2904.0 6
2 3 3334.6 4792.3 4
6 8 2625.4 4041.7 8
8 10 1963.4 3352.4 2
6 8 2018.3 2560.1 6
2 6 134.4 462.0 1
6 7 1282.4 1975.8 1
7 2 2671.7 4275.4 1
0 7 946.8 1225.6 8
3 5 1656.5 3003.3 8
4 5 570.8 922.2 5
5 2 403.3 1942.6 5
5 4 3043.7 3986.3 7
5 3 1642.2 3057.2 2
3 10 1553.4 2684.0 5
6 7 684.3 902.5 8
2 9 1130.7 1460.9 7
1 8 2087.2 2762.9 6
0 1 1671.3 2527.2 2
2 9 1274.7 2950.3 7
9 5 1191.5 1875.4 2
6 5 1001.3 1329.5 7
3 7 1018.3 1454.9 8
7 1 691.2 1155.5 7
3 2 3172.8 4701.2 3
2 7 1143.7 2655.1 4
1 8 2193.9 2856.7 4
1 10 307.0 1072.3 2
9 8 2764.2 3190.1 8
7 8 2063.5 2182.6 7
2 7 309.2 380.6 4
6 1 30.7 639.3 1
7 3 455.3 2107.6 5
8 2 2841.8 4364.7 1
2 6 820.7 1552.9 8
8 6 1263.2 2400.3 2
1 3 746.3 1003.2 6
9 5 1837.6 2242.4 3
0 3 117.9 1523.1 7
5 10 7.6 1537.7 4
7 3 1511.9 2952.6 4
5 10 287.0 1331.7 8
6 2 788.7 1117.8 4
6 8 956.7 1089.7 1
8 5 918.5 2538.2 4
0 2 2904.5 3910.8 2
9 5 3337.4 4131.9 2
8 3 1184.5 1268.4 4
4 9 1343.7 2725.2 3
4 9 1789.6 3368.1 2
1 6 1756.6 2417.8 5
9 4 1665.5 2262.3 3
9 6 24.7 700.7 6
0 2 1858.2 2308.9 5
6 8 77.1 148.2 3
6 2 2096.9 3399.9 6
2 6 684.4 897.8 8
6 3 2180.9 3051.1 3
7 3 1944.9 3613.6 1
3 9 2998.8 3812.4 1
6 10 1611.3 2118.8 4
3 2 1721.1 3042.5 1
9 1 628.3 2246.5 2
6 9 1394.0 2881.5 7
4 9 1291.4 1568.7 5
3 9 2078.7 3764.5 2
8 5 276.0 802.1 5
4 5 612.7 2186.1 8
0 4 1044.1 2099.5 3
5 8 385.0 583.8 2
9 10 3354.9 5090.7 5
0 2 3404.3 3810.1 5
1 3 1236.2 2116.7 8
4 2 3177.4 4928.3 3
4 3 1940.6 2358.3 6
0 1 2049.6 3298.2 1
9 3 1348.2 2394.6 4
5 6 3026.1 4599.1 4
4 9 259.9 1388.0 6
5 2 3151.7 4660.4 2
0 6 470.0 693.1 5
1 9 114.6 929.4 7
9 3 3413.2 3890.9 1
4 10 1480.4 2624.7 1
2 7 1648.5 3281.2 2
5 1 271.7 1205.5 1
3 10 3099.2 4793.0 2
3 6 2195.0 2351.5 7
2 4 2964.1 3713.9 1
0 4 3160.2 4024.6 8
0 8 1442.5 2584.1 6
3 5 2394.1 2970.0 8
0 3 2735.7 4203.3 6
3 8 1164.5 1561.4 1
4 9 999.2 2601.5 1
3 10 494.9 1452.1 4
6 3 1726.5 2527.8 6
7 3 2684.1 3884.6 7
6 10 2041.7 2976.4 6
9 7 2613.9 3121.1 4
0 6 2356.8 2701.9 4
6 5 1054.4 1409.5 3
7 4 270.7 915.5 3
EOF
