NUM_STATIONS: 10
NUM_REQUESTS: 40
NUM_VEHICLES: 2
VEHICLE_CAPACITY: 1
DISTANCES
0 1 3.4
1 2 6.2
2 3 7.9
3 4 7.1
4 5 5.2
5 6 1.5
6 7 5.2
7 8 1.2
8 9 5.0
9 0 2.1
REQUEST_SECTION
3 7 197.1 453.5 1
4 5 216.1 368.9 1
4 5 374.4 569.2 1
2 9 49.6 223.2 1
4 6 223.0 325.2 1
2 7 207.1 413.2 1
2 4 383.2 561.2 1
5 6 361.8 582.1 1
4 1 354.3 424.9 1
0 7 70.7 195.8 1
6 3 75.6 299.1 1
0 2 148.0 231.2 1
9 3 327.9 399.2 1
7 6 126.7 337.0 1
7 5 123.8 205.6 1
3 7 375.0 598.7 1
4 2 212.9 427.8 1
0 9 216.4 382.2 1
2 3 138.8 367.8 1
2 9 173.4 258.2 1
0 4 209.1 428.8 1
2 10 131.3 377.3 1
2 6 286.5 399.7 1
8 4 200.2 401.9 1
3 7 55.6 132.1 1
0 1 96.4 179.2 1
7 1 275.8 395.3 1
8 4 243.7 448.1 1
0 3 282.7 464.5 1
9 7 415.8 527.5 1
0 4 192.4 288.2 1
7 2 15.0 105.6 1
8 6 389.9 437.0 1
4 10 279.7 511.1 1
9 6 45.7 301.7 1
1 5 442.4 514.5 1
4 2 210.8 263.0 1
3 5 204.5 372.1 1
9 7 267.3 475.8 1
5 7 102.5 218.0 1
EOF
