NUM_STATIONS: 10
NUM_REQUESTS: 160
NUM_VEHICLES: 2
VEHICLE_CAPACITY: 1
DISTANCES
0 1 3.6
1 2 7.3
2 3 7.4
3 4 1.6
4 5 9.1
5 6 1.1
6 7 5.1
7 8 5.3
8 9 9.0
9 0 2.6
REQUEST_SECTION
0 6 1224.5 1898.6 1
6 7 1260.2 1320.3 1
7 6 843.2 1101.9 1
0 1 1953.4 2710.7 1
4 3 372.6 703.2 1
6 10 804.6 1732.6 1
5 2 1430.5 1627.8 1
1 3 974.0 1958.6 1
0 6 946.4 1598.9 1
6 1 705.7 1324.5 1
4 5 647.8 1503.2 1
6 2 1860.7 2108.5 1
3 4 738.0 841.7 1
3 4 1627.5 2136.8 1
7 9 1090.5 1966.9 1
9 3 1717.0 2341.6 1
9 7 882.6 1511.1 1
4 8 1387.8 1491.0 1
3 7 1169.8 1252.4 1
2 3 244.9 671.3 1
0 7 1325.2 2184.8 1
1 5 161.0 888.6 1
8 2 120.0 449.1 1
5 3 895.3 1730.9 1
5 9 730.6 1165.7 1
1 6 1761.0 2233.2 1
1 6 1176.4 1913.2 1
4 2 1826.7 2475.6 1
5 3 837.4 1623.7 1
4 7 546.8 785.4 1
6 5 376.0 1275.4 1
3 7 1761.2 2845.8 1
5 3 617.0 924.1 1
4 9 2048.2 3080.1 1
2 6 713.5 1273.7 1
8 4 1920.8 2708.5 1
0 3 1151.0 1781.3 1
8 9 2029.7 2890.9 1
9 5 1465.1 2453.5 1
5 7 1951.3 2849.3 1
1 5 312.9 1325.6 1
6 8 1365.6 2023.2 1
3 8 320.9 1056.8 1
8 5 289.7 606.6 1
3 10 258.6 949.8 1
8 7 264.4 654.2 1
9 4 2050.7 2462.6 1
6 2 1066.7 2104.0 1
9 7 540.8 1388.1 1
0 8 1120.3 2181.7 1
3 9 248.6 1039.7 1
7 10 359.3 893.8 1
7 3 1939.8 2891.6 1
4 1 1169.2 2257.5 1
1 3 1159.5 1691.3 1
4 9 1980.0 2473.9 1
6 7 100.0 1091.2 1
3 9 44.7 693.3 1
1 5 1763.6 2582.1 1
9 7 70.5 580.5 1
4 8 339.7 503.5 1
7 10 1321.9 1733.8 1
2 9 1579.7 1784.1 1
8 1 1686.5 2488.0 1
1 7 1354.9 1768.4 1
8 5 1776.0 2698.9 1
7 3 92.3 653.7 1
3 5 1550.3 1903.3 1
0 5 95.7 255.9 1
9 4 1813.2 2360.4 1
5 8 712.7 805.6 1
9 8 975.8 1914.7 1
6 9 1086.9 1271.6 1
8 1 1525.8 1868.9 1
6 7 365.2 955.7 1
6 1 1963.6 2260.9 1
3 5 915.7 1674.1 1
4 7 1189.6 1368.2 1
6 3 244.0 951.8 1
4 5 1556.4 2154.2 1
0 1 165.9 636.3 1
8 5 2024.7 2751.9 1
3 4 104.1 446.9 1
2 6 1093.4 1925.4 1
9 4 975.9 1912.6 1
6 8 942.1 1834.4 1
6 2 1177.1 1622.9 1
7 2 1089.4 1402.9 1
1 8 674.7 1336.9 1
9 5 191.5 255.8 1
6 2 984.4 1328.5 1
1 5 556.3 1297.2 1
5 4 318.8 1374.8 1
8 10 540.0 1573.8 1
3 6 958.2 1906.6 1
5 2 768.8 1318.1 1
6 3 942.4 1496.9 1
4 6 986.8 1996.3 1
5 7 1777.4 2025.4 1
2 3 927.3 1297.8 1
4 9 69.6 968.5 1
4 1 829.1 1895.2 1
5 6 1056.3 2016.0 1
5 10 354.9 1137.6 1
8 9 1034.4 1508.3 1
3 5 1990.9 2550.6 1
3 8 1749.0 2806.8 1
7 8 956.1 1670.1 1
4 8 1651.4 2497.9 1
1 6 1156.3 1720.2 1
3 9 1997.0 2635.7 1
0 8 1572.6 2253.2 1
0 5 1967.4 2333.2 1
1 8 984.6 1623.4 1
3 6 1965.8 3041.4 1
7 1 964.6 1370.9 1
7 1 1819.2 2782.7 1
4 1 676.4 1112.1 1
1 2 487.5 1132.2 1
8 5 1053.8 1284.8 1
6 4 743.4 1713.2 1
3 6 1437.6 2348.1 1
2 8 329.5 543.7 1
6 1 2063.0 3145.3 1
6 10 239.8 323.0 1
0 2 1750.3 2712.9 1
0 1 1178.2 1355.2 1
3 9 8.7 927.2 1
2 8 21.1 834.6 1
4 5 1269.3 2269.0 1
1 5 1247.7 1376.1 1
4 2 1183.4 1371.7 1
1 3 799.2 919.4 1
1 3 796.7 1681.0 1
6 1 1241.8 1483.9 1
8 9 1350.8 1978.1 1
7 6 1058.1 1584.5 1
1 7 429.0 1052.0 1
6 1 212.3 375.9 1
4 6 751.0 1274.2 1
3 9 362.5 1336.4 1
2 9 54.0 719.8 1
6 9 43.9 691.8 1
2 4 547.8 1639.3 1
9 6 836.0 1714.7 1
1 6 111.6 877.0 1
3 2 1835.2 2458.0 1
4 1 1627.0 2585.5 1
8 9 536.7 1195.1 1
4 3 523.0 1060.5 1
7 5 450.5 584.6 1
3 5 1566.9 2272.8 1
6 7 1731.7 2552.7 1
9 5 1973.6 2647.1 1
6 5 244.2 1050.6 1
3 8 232.9 984.9 1
4 9 613.1 1275.0 1
4 10 1183.2 1808.5 1
6 8 1770.2 2455.6 1
3 1 1452.5 2383.1 1
EOF
