NUM_STATIONS: 10
NUM_REQUESTS: 160
NUM_VEHICLES: 2
VEHICLE_CAPACITY: 4
DISTANCES
0 1 6.3
1 2 1.5
2 3 7.8
3 4 9.8
4 5 9.9
5 6 6.9
6 7 1.6
7 8 5.2
8 9 2.2
9 0 6.8
REQUEST_SECTION
3 7 1255.5 2310.9 1
2 4 917.9 1161.4 1
2 7 1099.0 1159.0 1
7 4 632.7 1472.8 3
4 10 714.5 1046.4 2
1 4 1159.6 2037.3 3
2 1 1434.2 2675.0 1
5 9 382.3 833.2 3
7 3 1720.5 3307.9 3
0 7 1060.2 2690.7 3
0 3 1734.9 3513.2 4
0 5 169.1 795.3 1
0 3 92.2 1690.8 2
8 4 152.4 1397.6 2
3 4 1563.4 3250.5 1
0 7 363.3 1114.6 2
5 4 1408.0 1689.6 1
9 8 951.6 1999.9 1
8 6 1650.7 1954.5 3
9 7 105.9 1612.3 4
9 4 614.9 1559.0 4
2 4 1238.5 1491.2 1
9 3 585.4 1584.6 4
9 5 578.8 856.4 3
1 6 1019.2 1329.5 4
9 4 1354.9 1533.7 3
9 2 1293.3 1735.0 2
7 2 659.7 1369.8 1
3 9 1292.6 2685.3 4
1 2 402.6 2135.4 1
5 6 1199.2 1906.2 4
0 8 628.2 2219.5 1
1 4 973.2 1444.0 4
8 3 493.4 1854.0 1
0 1 882.1 1600.1 1
3 2 1737.3 3354.2 4
9 8 91.4 488.9 1
0 9 1642.3 2787.1 4
7 6 1634.0 1720.1 1
6 2 1650.9 2544.8 1
2 3 1624.4 3119.1 1
2 3 1230.9 2944.2 2
2 8 626.3 2056.2 1
7 3 1413.3 2332.7 1
5 1 1113.9 2484.1 4
9 6 1520.2 2107.4 4
0 2 1087.4 1814.7 4
5 2 1322.0 2619.6 1
0 4 1739.7 1913.1 3
0 1 845.7 2034.9 1
8 5 942.2 1454.5 2
1 9 1369.4 1523.7 2
9 10 891.6 1737.7 3
9 10 1565.7 2749.0 1
3 10 1684.2 2346.5 4
0 5 1032.4 2763.0 2
9 3 456.5 1346.3 3
1 7 1691.6 1870.0 3
2 9 930.9 2517.9 4
2 9 149.4 1718.3 2
2 7 787.2 2541.5 2
5 1 1530.4 2217.1 1
6 4 1731.6 2404.2 2
1 4 884.7 2389.0 4
5 3 981.6 2021.8 3
2 5 972.1 1569.6 2
4 10 335.8 1462.7 4
0 6 338.9 845.2 2
3 2 249.0 831.1 2
6 1 1345.8 2878.6 4
6 1 1158.0 1314.4 3
7 1 1650.9 3053.8 3
9 10 364.9 1191.2 4
3 4 1401.4 3157.5 2
3 6 1500.6 3228.1 2
1 4 80.7 497.8 4
2 4 510.1 1156.8 3
6 9 1341.4 2823.9 3
3 7 1731.5 3428.7 3
9 4 1509.4 2798.2 2
5 4 160.9 1021.4 3
0 3 978.4 2422.3 4
1 3 885.1 1895.6 3
9 1 254.1 2018.1 3
4 3 1325.2 2323.5 4
9 10 721.2 2393.4 3
8 7 314.1 2022.6 1
1 7 1483.9 2675.0 1
7 6 1424.6 2938.5 3
2 5 166.8 666.6 1
0 2 1465.5 2880.5 2
5 7 1211.2 2580.1 3
3 7 1187.4 2177.4 3
4 10 1262.8 2002.7 2
5 10 1264.3 1488.1 4
7 5 439.6 1092.6 1
1 6 1447.2 1970.5 4
7 1 372.1 791.2 2
1 5 768.7 1610.3 1
6 8 1254.7 1717.1 2
3 5 1027.4 2392.9 1
9 7 572.7 1707.0 3
4 9 988.7 1233.8 1
7 4 521.8 2081.6 1
4 9 936.9 1977.6 4
8 2 677.5 1637.5 4
4 9 1533.1 2235.7 3
2 1 335.6 886.4 4
8 10 949.7 1074.5 4
5 1 1006.3 2506.4 4
9 1 344.1 470.6 1
0 4 412.2 936.2 1
0 2 754.5 1292.1 3
6 1 1543.4 2774.5 4
5 4 1482.7 3271.0 2
5 1 271.5 1294.0 4
0 9 450.5 1025.0 2
6 9 1183.0 2430.0 1
6 5 1373.7 2999.3 3
7 9 767.3 1184.0 1
8 6 391.2 986.6 4
1 6 1543.4 2322.9 1
2 8 507.1 640.1 4
1 9 1482.7 1718.5 3
0 8 375.4 607.3 3
7 1 1425.5 3062.8 4
3 9 562.3 1109.5 4
7 10 955.2 1967.7 1
2 4 1666.4 2697.6 4
8 7 1062.8 1742.0 3
7 1 879.0 1165.8 4
3 7 1469.3 1557.2 4
9 5 1396.7 2012.6 2
0 8 495.8 2148.0 1
9 3 1238.2 2994.1 2
5 8 1013.8 1089.9 4
1 3 243.5 1229.1 4
1 9 776.1 1913.0 4
5 9 509.3 1247.8 1
2 5 250.6 391.1 2
8 3 749.9 2121.4 2
1 8 1035.2 1855.5 1
6 9 1606.5 2724.2 2
0 9 127.9 1541.4 3
4 7 1511.4 3262.6 1
2 8 123.7 963.3 3
1 6 127.5 352.3 3
1 10 582.2 1030.5 4
0 5 1153.7 2512.9 3
3 9 1078.2 1383.7 1
5 9 188.5 700.8 3
4 5 327.2 622.1 2
7 1 1656.8 2554.8 2
9 1 1010.8 2534.9 4
4 10 17.3 576.7 3
6 1 1211.9 2118.2 2
7 3 584.6 2066.9 4
3 8 1233.1 1746.2 3
0 9 1260.7 1479.1 4
5 3 1483.1 1689.6 3
EOF
