NUM_STATIONS: 10
NUM_REQUESTS: 40
NUM_VEHICLES: 1
VEHICLE_CAPACITY: 1
DISTANCES
0 1 5.8
1 2 5.9
2 3 5.5
3 4 4.6
4 5 6.6
5 6 8.5
6 7 2.2
7 8 4.0
8 9 2.7
9 0 5.9
REQUEST_SECTION
5 3 506.3 691.2 1
6 3 296.3 580.5 1
4 5 767.2 938.3 1
3 7 762.1 1159.9 1
8 3 436.8 670.3 1
2 5 349.9 843.3 1
2 8 538.7 836.8 1
4 7 620.4 752.3 1
9 1 774.9 896.8 1
2 4 498.2 748.0 1
1 10 618.8 1130.9 1
7 2 12.9 377.8 1
5 4 597.4 839.7 1
2 8 480.0 815.9 1
2 5 385.8 844.9 1
8 3 233.6 288.2 1
6 2 58.2 202.3 1
9 5 51.8 230.5 1
5 8 299.1 492.6 1
6 9 12.9 525.7 1
3 2 389.6 665.4 1
7 2 607.1 837.3 1
3 5 527.4 1060.7 1
9 2 125.5 384.0 1
9 5 108.6 574.4 1
5 3 754.0 1168.3 1
5 9 709.0 824.9 1
1 9 636.6 1097.4 1
0 4 94.5 388.8 1
3 5 358.6 600.3 1
8 7 532.2 646.5 1
3 4 63.5 414.6 1
7 2 367.9 930.6 1
9 8 49.5 302.5 1
4 6 431.6 886.6 1
2 3 689.9 1169.9 1
2 9 460.2 624.5 1
3 1 614.3 675.9 1
4 2 537.0 1101.7 1
3 8 634.0 1067.1 1
EOF
