NUM_STATIONS: 10
NUM_REQUESTS: 20
NUM_VEHICLES: 2
VEHICLE_CAPACITY: 8
DISTANCES
0 1 5.2
1 2 3.6
2 3 9.0
3 4 5.2
4 5 4.6
5 6 6.8
6 7 9.5
7 8 9.5
8 9 7.9
9 0 8.3
REQUEST_SECTION
3 5 141.4 364.4 1
5 3 209.3 301.5 5
0 4 1.3 271.1 6
0 7 239.7 489.6 6
0 5 152.7 247.5 7
3 5 258.0 457.9 4
2 7 132.8 215.9 5
4 5 161.1 259.3 8
7 10 66.3 369.6 1
4 5 111.8 419.3 2
9 5 94.7 258.8 4
5 8 166.3 365.9 6
0 8 219.6 440.6 2
4 5 238.6 359.8 6
1 9 47.9 152.0 6
7 8 214.3 517.0 3
1 3 140.9 385.1 5
1 8 156.3 429.2 4
6 3 18.3 342.7 6
6 7 154.6 280.4 8
EOF
