NUM_STATIONS: 10
NUM_REQUESTS: 40
NUM_VEHICLES: 3
VEHICLE_CAPACITY: 2
DISTANCES
0 1 2.8
1 2 2.9
2 3 8.4
3 4 7.3
4 5 6.1
5 6 1.6
6 7 8.4
7 8 7.7
8 9 3.2
9 0 1.5
REQUEST_SECTION
4 8 11.1 120.1 2
3 10 63.0 148.8 1
6 4 56.0 229.7 2
1 6 116.5 259.4 1
0 4 227.5 369.8 2
5 3 116.8 184.8 1
6 9 166.5 341.9 2
1 10 20.5 128.6 1
1 9 13.8 91.6 2
0 6 41.4 171.6 2
6 9 24.1 223.7 2
5 6 97.1 162.7 1
9 3 146.1 210.5 1
6 2 59.6 223.0 2
9 3 143.1 320.1 2
0 2 18.1 121.6 2
9 5 40.6 131.3 1
7 4 208.8 317.9 2
1 5 42.5 94.8 1
5 4 105.8 319.8 1
8 5 226.1 312.5 1
7 6 154.4 299.6 2
4 1 202.1 289.5 2
4 10 118.2 329.9 1
7 5 177.7 341.7 2
1 10 151.5 222.3 2
3 5 155.8 241.5 2
2 5 190.3 345.0 1
6 8 194.0 276.7 1
4 7 221.5 323.6 1
9 1 218.8 371.5 1
6 3 64.6 267.0 1
8 9 177.9 266.1 1
6 3 211.5 279.1 1
5 2 22.1 223.6 2
8 5 88.1 183.6 1
7 9 16.1 231.9 2
5 4 46.3 259.7 2
0 2 104.2 257.4 2
2 4 108.2 288.7 1
EOF
