NUM_STATIONS: 10
NUM_REQUESTS: 160
NUM_VEHICLES: 1
VEHICLE_CAPACITY: 8
DISTANCES
0 1 3.6
1 2 7.3
2 3 7.4
3 4 1.6
4 5 9.1
5 6 1.1
6 7 5.1
7 8 5.3
8 9 9.0
9 0 2.6
REQUEST_SECTION
0 6 3067.2 3324.1 5
6 7 525.4 1389.8 7
7 6 363.8 1974.3 5
0 1 375.9 2136.5 7
4 3 2088.2 3666.5 6
6 10 1550.2 2169.1 2
5 2 1170.2 1909.4 1
1 3 1903.2 2417.3 7
0 6 2573.1 2737.3 4
6 1 2494.7 3522.6 7
4 5 520.5 1666.8 1
6 2 2744.2 3520.6 5
3 4 1121.6 1840.5 8
3 4 2432.9 3377.2 4
7 9 766.6 1446.1 8
9 3 393.3 745.8 5
9 7 956.9 3057.2 6
4 8 2126.2 3086.4 4
3 7 2691.6 2966.9 3
2 3 1351.2 2621.3 7
0 7 805.2 2330.7 4
1 5 429.7 2397.1 8
8 2 983.6 2232.1 1
5 3 2573.3 3189.3 5
5 9 2134.3 3921.8 1
1 6 3104.5 5014.1 8
1 6 2333.8 3580.7 6
4 2 1939.2 2641.2 7
5 3 1329.1 1834.7 3
4 7 2377.4 3231.0 5
6 5 2152.1 4026.0 5
3 7 4.9 1122.9 6
5 3 814.7 2934.8 1
4 9 75.5 536.8 2
2 6 1745.8 1953.2 5
8 4 779.6 1877.0 7
0 3 2566.8 2856.1 3
8 9 1313.8 3030.9 4
9 5 1955.8 2177.0 6
5 7 2022.1 3958.4 2
1 5 2338.9 3014.0 7
6 8 1374.6 3006.0 6
3 8 1773.1 3471.1 3
8 5 1617.8 1867.8 3
3 10 1367.4 1774.5 5
8 7 2539.1 3677.0 1
9 4 662.0 1212.0 2
6 2 1118.6 2661.5 7
9 7 562.6 1048.8 6
0 8 1960.7 3862.5 4
3 9 1746.9 3796.1 3
7 10 1645.0 2604.5 3
7 3 218.0 1093.4 1
4 1 3018.8 3098.3 7
1 3 2041.7 3462.6 6
4 9 1458.8 1881.7 1
6 7 1614.3 1782.6 6
3 9 655.9 1400.8 6
1 5 1383.3 1602.9 8
9 7 2953.5 3620.3 4
4 8 2183.3 4045.8 7
7 10 2546.0 2931.0 3
2 9 564.4 956.2 7
8 1 731.9 2548.8 5
1 7 2563.8 3596.0 3
8 5 2093.4 3003.4 4
7 3 1505.9 2038.8 4
3 5 2428.9 3643.3 5
0 5 1533.0 3055.9 5
9 4 2749.3 3237.7 7
5 8 1922.2 2989.9 1
9 8 628.2 1853.9 6
6 9 280.8 2194.4 5
8 1 237.7 1889.4 2
6 7 456.2 1493.9 4
6 1 853.2 1948.6 5
3 5 1421.5 1789.9 6
4 7 218.6 1016.3 6
6 3 1599.7 3190.8 2
4 5 2023.4 2245.7 1
0 1 2253.3 2791.3 8
8 5 3073.9 4703.5 6
3 4 1873.9 2822.5 7
2 6 2991.0 4545.5 1
9 4 2162.7 3879.2 7
6 8 1980.3 4000.4 4
6 2 3044.4 3167.7 6
7 2 555.7 1216.2 3
1 8 1728.1 3146.8 4
9 5 1228.8 2252.3 5
6 2 2480.5 4556.9 5
1 5 2384.1 3834.7 1
5 4 874.2 2820.7 2
8 10 587.8 1200.7 5
3 6 157.8 744.3 3
5 2 1414.4 1605.7 8
6 3 1859.7 2875.3 4
4 6 2853.3 3628.0 5
5 7 644.9 707.6 4
2 3 1040.8 2831.2 2
4 9 2493.2 4418.7 6
4 1 2927.7 3104.8 3
5 6 2523.7 4462.4 3
5 10 18.1 1649.0 3
8 9 1044.8 1383.0 1
3 5 3028.7 4069.9 2
3 8 634.0 1604.0 2
7 8 1288.8 2401.4 3
4 8 1384.2 3354.8 3
1 6 2956.9 4115.8 3
3 9 3000.0 3257.1 7
0 8 723.6 1359.0 3
0 5 2172.1 3255.0 6
1 8 613.3 1574.9 3
3 6 5.6 499.3 8
7 1 1155.3 1699.9 2
7 1 2549.4 3800.0 7
4 1 1883.5 2102.6 7
1 2 594.1 2131.4 1
8 5 1425.2 3290.9 2
6 4 1877.8 3907.6 3
3 6 2935.5 4751.1 4
2 8 916.8 1991.4 3
6 1 2686.7 4488.0 6
6 10 884.0 2518.9 6
0 2 508.6 1875.7 3
0 1 205.9 1503.2 7
3 9 501.6 1412.6 6
2 8 579.4 2555.2 4
4 5 2648.6 3685.4 4
1 5 1437.9 3525.7 3
4 2 1840.4 2057.5 5
1 3 34.1 1379.6 3
1 3 1370.3 2588.0 2
6 1 1783.9 3866.0 5
8 9 1017.9 1994.5 1
7 6 1925.4 2762.5 1
1 7 2027.6 2106.8 7
6 1 1371.3 2122.4 6
4 6 724.7 2812.7 5
3 9 1846.0 3264.9 3
2 9 1870.1 2516.6 8
6 9 852.5 2807.4 1
2 4 2775.1 4378.8 3
9 6 1656.8 2670.3 5
1 6 18.1 1061.3 3
3 2 622.6 2278.6 5
4 1 1411.8 2908.8 6
8 9 914.6 2887.2 1
4 3 338.6 1362.9 7
7 5 409.0 2477.3 7
3 5 1022.1 2264.3 6
6 7 387.0 1036.0 2
9 5 1634.2 2061.3 5
6 5 2667.7 4136.7 3
3 8 142.1 412.3 3
4 9 3048.1 3873.5 8
4 10 2491.2 4250.3 5
6 8 2824.4 4776.4 5
3 1 1245.6 2376.3 7
EOF
