NUM_STATIONS: 10
NUM_REQUESTS: 160
NUM_VEHICLES: 3
VEHICLE_CAPACITY: 1
DISTANCES
0 1 7.9
1 2 8.7
2 3 5.6
3 4 8.4
4 5 6.3
5 6 1.2
6 7 4.8
7 8 8.8
8 9 1.4
9 0 2.6
REQUEST_SECTION
0 1 573.8 1161.9 1
7 1 1038.6 1624.6 1
6 4 668.7 971.5 1
1 3 927.4 1331.6 1
3 4 487.8 550.6 1
6 5 949.1 1567.3 1
7 4 591.2 1083.8 1
2 1 437.8 695.2 1
6 2 166.1 586.2 1
1 2 586.0 865.6 1
1 6 219.5 713.3 1
5 4 204.0 702.5 1
4 2 73.4 512.4 1
8 6 657.4 1124.3 1
6 7 1105.9 1617.1 1
7 1 412.1 592.1 1
6 5 313.4 519.5 1
0 8 802.5 1075.3 1
9 7 1085.0 1266.0 1
7 3 339.9 424.4 1
5 6 818.1 1091.8 1
1 10 209.0 326.5 1
9 4 601.7 911.0 1
0 1 380.7 449.8 1
3 5 885.2 1519.1 1
8 7 199.5 395.8 1
3 8 430.7 713.2 1
0 1 239.1 592.0 1
7 2 677.7 905.3 1
4 6 674.1 747.6 1
1 9 364.0 591.3 1
1 7 1063.6 1193.8 1
7 10 51.8 361.9 1
4 6 681.0 1099.5 1
7 5 86.5 368.0 1
8 1 895.3 1532.1 1
2 8 669.6 1173.3 1
3 10 575.3 658.2 1
7 8 672.0 781.9 1
7 10 114.0 222.8 1
3 7 78.4 595.8 1
9 10 434.6 1095.5 1
5 2 116.5 802.1 1
7 1 686.2 1079.8 1
1 10 427.1 506.6 1
9 10 1107.2 1693.2 1
3 4 289.5 615.0 1
9 10 298.1 1059.4 1
5 6 442.6 848.0 1
1 4 334.7 899.2 1
1 3 886.9 1263.0 1
8 2 836.5 1002.4 1
2 7 24.0 511.7 1
8 1 350.9 521.7 1
3 6 1110.2 1758.0 1
6 7 1097.8 1688.3 1
4 9 564.0 1011.2 1
3 5 456.4 1175.8 1
5 6 258.4 996.8 1
9 5 990.6 1768.6 1
4 10 266.2 1041.5 1
0 4 1000.8 1179.3 1
9 10 125.3 843.5 1
1 7 482.3 956.5 1
8 6 1001.1 1789.3 1
2 8 70.4 515.6 1
5 1 389.8 616.1 1
9 1 497.6 1263.9 1
8 4 336.5 1064.6 1
6 4 400.3 515.2 1
3 5 1034.2 1633.6 1
7 1 162.7 748.9 1
0 7 887.6 1317.7 1
5 9 7.1 500.0 1
1 9 751.6 914.6 1
4 1 948.0 1168.2 1
9 3 593.6 1066.8 1
8 5 776.3 989.7 1
6 10 918.7 1599.1 1
7 1 955.5 1708.6 1
3 10 522.1 745.9 1
6 8 702.0 969.0 1
5 8 750.9 984.8 1
9 8 1051.0 1678.2 1
7 4 495.9 669.7 1
0 4 667.5 1414.4 1
2 9 1017.9 1204.7 1
0 7 514.7 1047.7 1
0 4 197.6 950.4 1
1 6 380.5 1094.2 1
0 6 823.5 1583.5 1
0 5 565.0 1291.5 1
7 1 564.7 1125.1 1
1 3 979.7 1298.5 1
3 8 367.3 610.7 1
7 2 118.5 619.4 1
6 2 841.1 1152.5 1
8 9 68.2 311.3 1
0 3 880.5 1484.9 1
2 7 1024.5 1279.7 1
6 1 586.1 1169.8 1
8 9 36.3 597.5 1
6 4 166.0 507.5 1
0 4 451.1 735.0 1
7 3 892.3 1295.7 1
6 4 940.1 1714.5 1
3 8 565.1 938.9 1
9 7 1034.7 1479.5 1
3 1 739.1 1098.0 1
2 8 1026.9 1180.4 1
3 2 1037.7 1139.0 1
1 10 867.0 1642.4 1
8 5 565.7 756.5 1
1 8 693.9 823.6 1
1 10 205.2 717.0 1
8 10 619.7 1143.9 1
6 8 75.2 566.5 1
3 6 649.2 1099.5 1
8 9 989.6 1372.5 1
2 7 1023.2 1151.1 1
0 7 122.1 815.0 1
6 2 93.5 586.8 1
3 1 235.3 463.2 1
5 8 139.3 769.3 1
4 6 154.7 902.8 1
5 3 179.6 607.8 1
6 1 753.5 1529.5 1
2 9 422.3 1032.3 1
1 10 1065.7 1229.5 1
0 5 735.3 983.2 1
1 5 199.3 433.6 1
7 6 458.2 1182.9 1
1 6 461.8 774.0 1
5 10 1080.8 1350.7 1
4 10 908.6 1062.9 1
7 8 323.8 650.8 1
5 7 237.2 942.5 1
5 8 725.8 1117.6 1
3 8 678.6 1053.5 1
6 8 1026.6 1747.8 1
7 1 89.5 445.6 1
9 6 748.7 961.1 1
1 10 814.7 1109.2 1
1 5 221.7 486.1 1
1 9 204.4 320.3 1
4 6 527.7 803.0 1
7 6 345.7 664.3 1
6 9 328.1 657.0 1
7 2 121.1 886.3 1
5 7 657.0 1259.1 1
7 10 471.0 1143.8 1
3 8 35.1 686.2 1
1 3 290.4 466.3 1
2 8 30.3 518.5 1
4 2 399.4 745.7 1
5 8 925.8 1033.1 1
4 2 21.1 690.0 1
4 2 154.3 339.3 1
9 8 842.8 1626.4 1
0 9 207.3 967.2 1
EOF
