NUM_STATIONS: 10
NUM_REQUESTS: 80
NUM_VEHICLES: 3
VEHICLE_CAPACITY: 1
DISTANCES
0 1 7.9
1 2 8.1
2 3 2.5
3 4 7.9
4 5 2.3
5 6 7.4
6 7 8.2
7 8 1.4
8 9 7.4
9 0 3.5
REQUEST_SECTION
9 4 459.5 873.1 1
8 6 405.7 798.3 1
1 2 104.0 511.2 1
8 4 81.6 501.0 1
2 7 428.9 765.9 1
1 8 167.5 346.8 1
5 7 195.0 501.5 1
1 9 403.0 489.8 1
1 4 164.6 304.0 1
4 6 186.9 515.4 1
0 8 116.7 253.1 1
7 6 538.4 767.9 1
7 6 109.1 468.6 1
4 10 567.3 771.2 1
8 2 545.5 747.5 1
1 4 532.9 760.9 1
2 8 508.9 690.6 1
0 3 589.8 851.2 1
8 6 221.4 403.2 1
8 1 517.5 840.5 1
9 8 310.8 532.6 1
6 3 82.0 454.5 1
2 4 729.9 971.5 1
3 10 52.3 392.1 1
5 6 296.5 382.2 1
5 6 503.9 583.2 1
2 9 454.3 766.8 1
6 8 202.1 544.7 1
9 10 660.1 779.7 1
5 8 477.3 880.1 1
0 5 299.6 467.9 1
2 4 54.5 261.0 1
3 9 563.8 756.1 1
0 3 74.0 498.4 1
5 6 93.5 398.0 1
5 10 489.6 856.4 1
4 8 425.1 834.3 1
9 4 300.6 619.9 1
1 9 731.8 958.3 1
0 9 133.7 488.2 1
6 3 153.1 519.4 1
0 1 40.8 332.5 1
8 1 13.9 189.8 1
3 9 71.0 463.9 1
4 2 117.6 452.2 1
5 10 249.2 561.3 1
9 2 250.5 517.3 1
2 5 738.8 1143.4 1
3 4 327.3 559.1 1
3 1 328.5 605.9 1
3 2 520.8 943.0 1
4 3 46.7 241.7 1
1 4 80.2 227.3 1
2 7 251.0 469.8 1
1 9 701.1 1059.3 1
0 6 254.5 315.1 1
5 2 343.8 504.9 1
8 2 138.4 317.1 1
8 4 690.9 1059.1 1
2 4 252.7 566.0 1
6 8 580.2 791.2 1
2 9 311.6 448.3 1
2 8 110.1 380.6 1
1 8 368.6 467.2 1
9 7 561.8 942.4 1
6 2 304.2 662.2 1
2 8 726.6 1013.8 1
0 4 108.8 514.3 1
7 10 397.6 505.4 1
2 4 608.8 890.6 1
6 1 314.2 400.2 1
5 2 139.7 481.3 1
6 8 277.1 352.1 1
7 5 371.7 467.2 1
8 10 543.2 672.8 1
5 2 219.1 455.6 1
9 7 685.5 1065.4 1
7 6 80.2 173.8 1
4 9 272.9 331.5 1
3 10 611.2 883.3 1
EOF
