NUM_STATIONS: 10
NUM_REQUESTS: 160
NUM_VEHICLES: 2
VEHICLE_CAPACITY: 1
DISTANCES
0 1 6.3
1 2 1.5
2 3 7.8
3 4 9.8
4 5 9.9
5 6 6.9
6 7 1.6
7 8 5.2
8 9 2.2
9 0 6.8
REQUEST_SECTION
3 7 300.6 505.1 1
2 4 1607.8 3048.4 1
2 7 398.4 632.1 1
7 4 716.2 1926.5 1
4 10 660.7 769.8 1
1 4 1097.6 1267.2 1
2 1 373.2 1913.6 1
5 9 1304.1 2065.4 1
7 3 1146.1 1677.8 1
0 7 1407.0 2614.8 1
0 3 1475.1 3051.8 1
0 5 1041.5 1169.5 1
0 3 607.9 1082.0 1
8 4 2296.4 2992.4 1
3 4 1926.2 3230.0 1
0 7 1276.7 1530.5 1
5 4 249.2 1945.9 1
9 8 2062.9 2957.3 1
8 6 1289.2 2784.1 1
9 7 2081.3 2902.8 1
9 4 1965.4 2233.0 1
2 4 1176.9 1439.2 1
9 3 694.3 1178.4 1
9 5 1969.2 2853.6 1
1 6 1174.0 2130.6 1
9 4 404.3 1566.9 1
9 2 2195.5 3031.9 1
7 2 1386.4 2845.0 1
3 9 1980.7 2496.0 1
1 2 381.3 756.9 1
5 6 294.6 864.8 1
0 8 689.7 2056.5 1
1 4 1306.2 2072.7 1
8 3 317.6 1037.5 1
0 1 443.4 705.5 1
3 2 1896.6 2161.8 1
9 8 2311.7 3334.1 1
0 9 471.2 732.9 1
7 6 1865.0 3532.1 1
6 2 281.0 426.8 1
2 3 1426.6 2591.4 1
2 3 1432.7 2321.1 1
2 8 391.1 1725.1 1
7 3 628.0 721.9 1
5 1 33.7 1495.2 1
9 6 217.7 1652.4 1
0 2 2033.1 2136.5 1
5 2 127.2 1834.6 1
0 4 1359.7 2219.8 1
0 1 1734.5 3204.7 1
8 5 871.4 1511.9 1
1 9 565.9 1374.6 1
9 10 1854.1 2574.1 1
9 10 1533.0 1614.5 1
3 10 169.0 1871.2 1
0 5 1085.6 1346.4 1
9 3 263.6 324.2 1
1 7 173.2 268.3 1
2 9 123.6 1451.2 1
2 9 1672.5 2046.1 1
2 7 1194.9 2663.8 1
5 1 477.9 811.3 1
6 4 995.8 1238.2 1
1 4 1135.4 2848.2 1
5 3 1561.7 3123.0 1
2 5 1595.9 1867.0 1
4 10 724.4 987.0 1
0 6 1176.7 2338.6 1
3 2 1690.2 2497.6 1
6 1 1475.7 2905.8 1
6 1 955.4 2128.4 1
7 1 308.9 697.2 1
9 10 1629.0 3017.9 1
3 4 791.7 1079.3 1
3 6 595.8 1901.3 1
1 4 826.3 1426.7 1
2 4 1231.3 3025.3 1
6 9 1357.5 1905.4 1
3 7 102.3 177.0 1
9 4 981.7 1986.1 1
5 4 1686.1 2018.8 1
0 3 1348.0 2613.6 1
1 3 256.9 988.7 1
9 1 216.5 1176.6 1
4 3 1539.4 2149.5 1
9 10 1256.0 2105.3 1
8 7 72.9 1225.2 1
1 7 1201.0 1813.4 1
7 6 1126.7 2678.4 1
2 5 2015.3 3299.5 1
0 2 793.1 1298.0 1
5 7 1720.6 3462.3 1
3 7 1494.2 3066.1 1
4 10 2254.1 2641.6 1
5 10 2054.8 2972.7 1
7 5 1937.4 2065.8 1
1 6 128.9 1347.5 1
7 1 1639.8 3328.3 1
1 5 1826.2 2486.2 1
6 8 1498.0 2260.8 1
3 5 2064.2 2877.7 1
9 7 1033.3 1189.7 1
4 9 114.8 1576.9 1
7 4 413.1 613.6 1
4 9 2265.6 4057.6 1
8 2 1773.1 2990.4 1
4 9 1803.9 2196.9 1
2 1 1387.2 1855.1 1
8 10 1956.9 3254.9 1
5 1 1767.7 3464.6 1
9 1 54.7 1153.2 1
0 4 1995.3 2550.6 1
0 2 870.3 1790.6 1
6 1 1.3 571.1 1
5 4 610.4 1499.1 1
5 1 2234.2 2547.8 1
0 9 228.3 1950.7 1
6 9 169.0 1392.2 1
6 5 1135.9 1809.2 1
7 9 1920.9 3006.9 1
8 6 214.2 1445.8 1
1 6 1837.9 3592.7 1
2 8 2178.1 3364.5 1
1 9 1861.7 3198.5 1
0 8 1215.0 2301.3 1
7 1 21.3 1174.7 1
3 9 1010.5 2182.8 1
7 10 1831.2 3030.8 1
2 4 1871.3 2850.8 1
8 7 127.5 602.2 1
7 1 852.5 1861.4 1
3 7 0.6 281.8 1
9 5 900.1 2420.3 1
0 8 1868.2 2622.6 1
9 3 653.0 1980.5 1
5 8 779.6 1684.4 1
1 3 367.2 718.9 1
1 9 864.0 2002.1 1
5 9 248.4 358.0 1
2 5 901.0 2028.7 1
8 3 1127.4 1797.9 1
1 8 981.6 1692.1 1
6 9 9.2 454.1 1
0 9 162.9 322.4 1
4 7 2035.5 2852.8 1
2 8 273.6 815.5 1
1 6 1936.6 3037.4 1
1 10 2018.4 2536.3 1
0 5 608.4 2098.9 1
3 9 1576.3 2306.8 1
5 9 606.6 1840.7 1
4 5 1690.5 3389.2 1
7 1 2099.6 3093.3 1
9 1 1349.6 2493.2 1
4 10 1092.0 1190.6 1
6 1 1266.1 2291.8 1
7 3 2175.0 3319.0 1
3 8 855.2 1490.6 1
0 9 1203.4 1654.9 1
5 3 712.4 2392.2 1
EOF
