NUM_STATIONS: 10
NUM_REQUESTS: 160
NUM_VEHICLES: 3
VEHICLE_CAPACITY: 2
DISTANCES
0 1 7.9
1 2 8.7
2 3 5.6
3 4 8.4
4 5 6.3
5 6 1.2
6 7 4.8
7 8 8.8
8 9 1.4
9 0 2.6
REQUEST_SECTION
0 1 288.5 704.1 2
7 1 580.9 1637.8 1
6 4 1024.0 1857.9 1
1 3 499.9 1223.6 2
3 4 489.5 601.1 1
6 5 339.4 780.5 1
7 4 123.2 1007.5 1
2 1 873.6 1135.2 1
6 2 1000.4 1129.8 1
1 2 1088.5 1684.6 2
1 6 308.7 744.7 2
5 4 174.4 451.2 2
4 2 642.0 1292.6 1
8 6 94.4 785.2 2
6 7 1082.5 2121.9 1
7 1 268.2 406.9 1
6 5 891.8 1604.0 2
0 8 981.0 2000.3 1
9 7 383.0 542.9 1
7 3 369.7 992.6 2
5 6 820.9 1958.2 1
1 10 483.4 876.3 1
9 4 178.6 1321.5 1
0 1 582.0 1675.8 2
3 5 1086.6 1445.7 1
8 7 972.3 1888.0 1
3 8 1056.9 1528.2 2
0 1 2.6 731.0 1
7 2 262.0 1235.5 1
4 6 828.6 912.0 2
1 9 295.9 534.0 2
1 7 541.4 977.0 1
7 10 221.2 491.7 2
4 6 559.9 855.4 1
7 5 105.2 245.2 1
8 1 847.8 1863.1 1
2 8 519.3 926.9 2
3 10 140.8 258.5 1
7 8 403.2 602.8 1
7 10 407.2 1306.1 1
3 7 712.6 1047.3 2
9 10 949.8 1679.6 1
5 2 650.7 1488.3 1
7 1 433.3 591.7 2
1 10 589.3 1263.4 1
9 10 45.1 855.0 1
3 4 707.7 1009.2 1
9 10 442.3 1196.9 2
5 6 539.6 920.9 2
1 4 181.0 1212.9 2
1 3 716.4 1305.9 1
8 2 538.1 1333.7 2
2 7 950.7 1740.1 1
8 1 1019.3 1362.3 2
3 6 8.3 707.4 2
6 7 494.0 1129.1 1
4 9 626.2 946.3 2
3 5 508.7 1248.4 1
5 6 608.5 1210.0 1
9 5 87.7 840.3 2
4 10 917.8 1952.5 1
0 4 862.1 1342.7 1
9 10 849.9 1189.8 1
1 7 690.5 1020.5 2
8 6 1080.1 1361.0 1
2 8 185.2 440.6 1
5 1 269.9 1210.5 1
9 1 308.4 1290.9 1
8 4 451.4 1317.4 1
6 4 961.2 2095.3 1
3 5 190.1 635.8 1
7 1 1022.5 2178.0 1
0 7 774.6 1527.4 1
5 9 843.2 1827.8 1
1 9 1090.7 1765.8 1
4 1 965.5 1099.6 2
9 3 855.1 1023.5 1
8 5 303.5 805.4 1
6 10 125.4 320.1 2
7 1 925.9 1446.2 1
3 10 274.6 768.8 2
6 8 391.1 1409.1 1
5 8 1033.0 1275.2 1
9 8 1061.0 1322.8 1
7 4 1014.4 1523.7 1
0 4 629.4 1410.1 1
2 9 786.8 990.4 2
0 7 1092.7 2073.4 2
0 4 303.6 1434.0 2
1 6 396.2 1238.7 1
0 6 899.3 1372.5 1
0 5 643.3 923.1 1
7 1 321.9 1142.1 1
1 3 442.7 946.7 2
3 8 1036.4 1474.9 1
7 2 823.7 1174.1 2
6 2 211.8 817.7 2
8 9 94.7 232.5 2
0 3 571.4 1075.1 1
2 7 390.0 947.9 2
6 1 488.3 1367.9 2
8 9 164.7 418.3 1
6 4 278.3 632.1 1
0 4 954.2 1709.2 1
7 3 901.4 2026.0 1
6 4 431.5 575.3 1
3 8 821.3 963.4 1
9 7 75.6 908.5 1
3 1 666.9 1004.0 2
2 8 602.0 1171.9 2
3 2 269.4 415.9 1
1 10 93.3 1063.3 2
8 5 1065.1 1439.5 2
1 8 298.7 756.3 1
1 10 664.6 1787.3 2
8 10 382.0 729.3 2
6 8 378.6 1461.2 1
3 6 299.8 1276.5 2
8 9 243.9 1138.6 1
2 7 891.4 1909.9 2
0 7 112.0 693.0 2
6 2 576.0 862.2 1
3 1 285.8 844.8 2
5 8 252.1 470.0 2
4 6 208.9 906.9 2
5 3 695.7 816.6 2
6 1 953.4 1193.2 2
2 9 708.1 789.0 1
1 10 1092.5 1939.5 2
0 5 368.9 1184.3 1
1 5 619.9 1732.9 2
7 6 929.5 1160.6 2
1 6 275.2 673.4 2
5 10 130.4 499.3 2
4 10 905.0 1231.6 1
7 8 108.9 1201.4 1
5 7 250.6 884.5 2
5 8 1048.8 1940.0 2
3 8 706.6 1810.6 2
6 8 1082.8 1180.5 1
7 1 923.5 1635.9 1
9 6 115.7 261.2 2
1 10 401.8 543.5 1
1 5 218.8 1071.2 2
1 9 1093.9 2110.2 1
4 6 263.0 765.1 1
7 6 614.8 835.3 2
6 9 845.4 1551.2 1
7 2 81.5 590.7 2
5 7 459.1 1218.4 2
7 10 10.1 120.4 1
3 8 75.2 268.7 1
1 3 602.3 965.2 1
2 8 432.1 1350.8 1
4 2 1025.2 1799.0 1
5 8 283.5 1200.5 2
4 2 641.9 1120.5 1
4 2 1074.8 2045.1 2
9 8 141.7 1263.3 1
0 9 668.2 1445.6 2
EOF
