NUM_STATIONS: 10
NUM_REQUESTS: 20
NUM_VEHICLES: 2
VEHICLE_CAPACITY: 4
DISTANCES
0 1 8.3
1 2 2.5
2 3 8.9
3 4 6.4
4 5 8.5
5 6 5.9
6 7 7.6
7 8 9.1
8 9 7.1
9 0 6.5
REQUEST_SECTION
4 1 133.7 291.2 4
9 3 62.3 197.9 1
9 10 244.9 460.7 3
7 2 224.5 423.1 4
9 1 90.1 392.6 2
4 2 66.3 345.0 4
1 10 237.9 522.3 3
1 5 175.5 478.1 1
5 7 214.7 296.8 4
6 7 118.9 388.5 4
2 1 77.5 367.3 4
0 3 195.6 525.6 3
8 5 77.8 375.4 1
0 6 75.9 203.0 2
3 2 151.4 273.9 2
1 2 104.0 331.4 2
0 9 35.2 125.0 1
2 5 33.1 145.5 2
2 1 153.9 481.9 4
9 8 175.7 507.0 4
EOF
