NUM_STATIONS: 10
NUM_REQUESTS: 40
NUM_VEHICLES: 2
VEHICLE_CAPACITY: 8
DISTANCES
0 1 2.8
1 2 2.9
2 3 8.4
3 4 7.3
4 5 6.1
5 6 1.6
6 7 8.4
7 8 7.7
8 9 3.2
9 0 1.5
REQUEST_SECTION
4 8 3.4 325.0 4
3 10 150.9 494.1 1
6 4 75.5 268.9 6
1 6 257.7 408.4 4
0 4 144.5 536.7 8
5 3 310.1 604.8 2
6 9 284.0 471.1 5
1 10 108.2 256.3 8
1 9 262.9 330.9 1
0 6 99.3 374.3 5
6 9 333.0 696.6 7
5 6 343.4 505.3 2
9 3 231.4 588.5 6
6 2 220.6 297.5 1
9 3 5.1 161.6 5
0 2 340.7 399.3 4
9 5 100.4 386.7 7
7 4 79.9 145.1 8
1 5 216.0 346.6 7
5 4 53.0 319.7 3
8 5 339.1 628.1 5
7 6 328.4 607.4 5
4 1 102.4 358.1 3
4 10 332.3 392.0 8
7 5 254.1 475.9 8
1 10 218.8 360.1 2
3 5 135.7 416.7 5
2 5 308.4 495.2 7
6 8 192.8 422.5 1
4 7 240.4 510.7 5
9 1 50.4 395.0 8
6 3 47.8 176.6 6
8 9 55.5 405.8 1
6 3 315.9 730.4 3
5 2 183.0 503.3 4
8 5 268.7 342.7 7
7 9 96.8 449.4 2
5 4 288.1 523.7 4
0 2 241.0 387.7 8
2 4 234.9 371.3 1
EOF
