NUM_STATIONS: 10
NUM_REQUESTS: 80
NUM_VEHICLES: 2
VEHICLE_CAPACITY: 4
DISTANCES
0 1 8.0
1 2 8.3
2 3 3.5
3 4 6.0
4 5 1.1
5 6 2.5
6 7 5.2
7 8 7.5
8 9 5.8
9 0 8.4
REQUEST_SECTION
9 3 327.7 1157.0 2
9 7 468.6 535.2 1
9 1 866.1 1622.2 4
2 6 304.4 1004.4 3
5 4 333.1 1049.9 1
6 5 250.1 493.4 4
3 2 807.1 1614.7 3
6 2 551.3 1080.4 1
0 9 627.4 1508.8 4
3 8 990.8 1890.5 2
1 2 814.7 967.0 1
9 2 359.5 1128.8 3
4 3 595.3 783.5 3
3 8 402.5 974.0 2
8 3 516.3 636.6 3
8 5 329.5 600.3 4
8 5 649.7 1015.9 1
0 3 96.0 210.5 3
7 10 1106.6 1418.1 4
2 10 799.0 1070.2 3
7 9 246.0 578.7 2
6 5 109.6 757.2 1
4 8 52.2 420.2 4
6 10 385.5 453.3 3
3 4 545.5 889.4 3
9 5 339.9 673.2 2
7 6 586.1 1171.8 1
9 7 305.4 1128.5 4
5 9 458.3 1214.1 3
5 7 986.1 1125.8 2
6 1 1059.8 1577.0 2
7 4 943.8 1547.6 4
2 8 714.6 1184.6 4
9 1 882.1 1714.1 3
4 1 212.3 851.4 1
5 6 821.0 909.5 3
0 9 189.3 322.1 3
8 2 476.2 969.8 4
6 3 326.3 648.3 3
6 9 205.9 558.2 4
9 7 255.7 1046.9 1
2 8 444.5 626.1 3
6 8 383.2 936.7 2
5 2 363.7 698.6 4
4 6 264.4 806.3 2
4 9 445.5 1258.4 4
4 9 627.9 1057.4 3
9 8 689.8 1442.5 3
6 4 1051.9 1212.5 2
8 6 268.7 848.6 4
4 3 513.0 601.7 1
9 10 492.9 580.5 4
8 7 701.4 1508.7 2
7 1 1124.5 1624.3 2
1 3 164.9 960.2 1
6 3 918.5 1319.2 1
8 3 586.7 1156.1 1
4 6 313.4 663.9 2
6 9 863.3 1341.9 3
9 4 252.0 403.7 1
7 8 287.8 1118.9 4
6 3 685.8 891.8 4
7 5 27.5 816.1 1
9 3 632.1 856.1 1
1 9 536.2 1027.4 2
8 1 1085.3 1894.8 2
9 8 993.4 1304.5 2
9 7 254.1 590.6 1
6 7 665.7 1519.7 3
5 9 455.9 704.4 4
1 5 392.6 536.5 4
8 6 365.4 573.6 2
2 1 712.4 770.9 2
1 7 962.7 1418.2 3
4 6 465.0 1169.5 2
0 3 4.7 412.0 3
1 10 274.7 990.2 2
7 8 1112.0 1826.4 4
9 6 100.9 856.9 4
3 10 1025.1 1371.9 1
EOF
