NUM_STATIONS: 10
NUM_REQUESTS: 40
NUM_VEHICLES: 2
VEHICLE_CAPACITY: 1
DISTANCES
0 1 4.3
1 2 4.7
2 3 7.7
3 4 5.3
4 5 3.2
5 6 1.5
6 7 9.1
7 8 3.7
8 9 3.4
9 0 3.5
REQUEST_SECTION
2 7 459.7 758.7 1
8 10 146.4 254.0 1
4 9 66.4 380.1 1
1 7 139.8 194.6 1
9 5 349.6 659.5 1
8 6 14.3 162.3 1
2 6 432.9 553.6 1
6 5 397.6 681.7 1
4 9 370.9 623.9 1
6 9 228.7 383.1 1
1 5 333.7 440.9 1
3 8 217.1 609.0 1
9 10 255.8 634.3 1
4 5 269.0 485.0 1
5 6 24.5 88.5 1
3 9 363.9 572.8 1
5 7 45.4 330.6 1
0 5 189.3 407.3 1
5 10 401.2 528.4 1
0 2 48.3 368.9 1
0 4 302.0 486.3 1
1 7 206.0 278.2 1
0 3 221.4 282.5 1
9 3 259.3 401.6 1
3 6 56.9 348.4 1
9 7 344.1 508.8 1
4 7 353.0 504.8 1
2 5 187.3 578.6 1
2 5 390.8 478.3 1
0 4 141.5 420.4 1
0 9 182.6 411.9 1
7 1 209.8 413.4 1
7 2 174.5 410.6 1
1 9 269.4 400.5 1
2 7 121.8 421.7 1
9 8 288.7 679.0 1
7 6 230.2 420.2 1
4 2 29.9 152.2 1
1 6 454.6 806.4 1
4 1 284.3 576.9 1
EOF
