NUM_STATIONS: 10
NUM_REQUESTS: 160
NUM_VEHICLES: 1
VEHICLE_CAPACITY: 4
DISTANCES
0 1 3.3
1 2 8.6
2 3 9.8
3 4 4.8
4 5 3.7
5 6 5.0
6 7 1.8
7 8 2.0
8 9 1.3
9 0 2.7
REQUEST_SECTION
9 3 372.9 920.4 1
8 4 2206.9 3130.2 3
4 8 545.8 2987.7 4
6 3 1028.4 2974.6 4
8 2 263.6 1739.2 4
7 2 2567.6 3819.0 2
8 1 1320.7 3877.3 3
6 4 1042.3 1963.1 2
7 2 882.9 978.7 3
2 6 266.9 1663.8 3
3 7 1779.0 1891.0 4
8 4 1601.9 2313.7 1
0 8 2287.9 3390.3 2
8 10 14.1 219.1 3
8 2 2426.0 4898.1 2
4 2 210.2 1605.5 1
3 5 808.7 952.4 4
5 7 1871.1 2381.6 1
3 7 1108.1 3289.0 2
7 4 1908.4 3211.6 1
6 7 2182.2 3111.4 1
3 7 1301.8 2583.9 4
5 2 1170.9 2463.5 2
4 7 221.6 465.3 2
3 5 1615.5 2165.4 4
1 3 2387.3 4032.3 3
9 10 1956.4 3305.7 3
3 6 2093.1 3852.5 1
3 7 130.2 2221.3 1
7 10 537.0 1911.0 2
8 9 2466.1 2565.2 2
3 9 1766.0 3344.1 4
4 7 680.0 1275.4 4
4 6 1483.0 1903.1 4
6 10 206.6 302.1 2
1 3 1222.6 2009.6 2
8 7 2019.6 3473.6 2
8 10 2065.2 2111.5 2
2 1 631.7 1552.7 4
5 1 119.9 183.5 2
2 4 601.3 2475.9 4
5 10 2161.7 2589.2 1
8 6 1218.4 1940.8 3
5 2 1459.1 2108.1 2
6 2 498.5 2708.3 3
5 4 1527.9 3956.0 3
0 9 1551.4 3471.3 1
3 4 2163.6 3952.6 4
0 2 531.9 1441.5 3
9 7 2094.2 2802.3 2
8 3 884.5 1425.7 2
1 4 1959.3 4309.0 2
3 1 2267.3 3622.0 3
2 7 310.7 1863.6 2
3 10 1160.9 1439.7 4
2 4 2300.6 3770.4 2
5 8 352.0 2666.6 3
8 1 361.0 1572.3 1
2 3 79.7 2546.2 3
6 8 480.6 1298.4 3
8 10 1429.1 1714.1 3
6 8 2011.7 3809.3 4
2 6 2464.4 2693.8 2
6 7 2043.2 2792.7 2
7 2 2274.1 3411.2 4
0 7 1626.0 2172.9 4
3 5 1128.3 3623.2 2
4 5 123.1 762.3 3
5 2 1644.1 4192.8 1
5 4 1203.7 2426.2 4
5 3 1728.5 2258.6 1
3 10 1343.6 2159.1 4
6 7 2174.9 3333.1 4
2 9 2331.1 3774.7 1
1 8 1704.3 2004.9 2
0 1 661.0 1627.8 3
2 9 2323.3 3647.5 1
9 5 451.4 2618.8 4
6 5 361.9 2855.1 4
3 7 198.9 349.7 3
7 1 1474.6 3846.7 3
3 2 6.3 801.7 3
2 7 1573.3 3697.8 4
1 8 147.1 1125.8 2
1 10 233.6 524.0 1
9 8 1642.1 2940.1 3
7 8 1384.1 3983.2 3
2 7 257.0 2818.5 4
6 1 1036.5 2342.3 2
7 3 13.1 270.3 4
8 2 1630.0 2176.9 4
2 6 1657.0 1855.9 2
8 6 1378.1 2482.0 4
1 3 2454.0 2655.7 2
9 5 755.6 1279.9 2
0 3 1284.4 3370.0 4
5 10 203.6 1818.9 2
7 3 1738.1 3167.1 3
5 10 366.2 860.5 4
6 2 2049.6 3437.0 4
6 8 2052.1 3204.7 4
8 5 530.1 1101.1 1
0 2 1826.8 3857.8 1
9 5 203.0 1498.2 4
8 3 973.1 2537.0 4
4 9 198.0 1237.1 2
4 9 612.8 2193.3 2
1 6 1279.5 1866.1 2
9 4 723.7 2305.0 2
9 6 221.2 2177.7 1
0 2 1531.5 2838.5 3
6 8 401.4 1743.5 2
6 2 1895.7 3943.8 4
2 6 488.4 2028.6 3
6 3 871.5 1867.7 1
7 3 1433.6 1719.1 4
3 9 2206.6 4683.6 2
6 10 1347.7 3435.2 2
3 2 2266.8 4103.7 1
9 1 497.4 2777.2 3
6 9 2249.1 4031.7 4
4 9 1409.0 2564.9 4
3 9 2057.1 3592.8 1
8 5 630.3 2665.5 2
4 5 1286.4 1906.3 2
0 4 805.1 3135.5 4
5 8 655.8 1965.9 1
9 10 1080.0 1895.4 1
0 2 1075.6 1264.9 4
1 3 2205.5 4112.8 1
4 2 1396.7 3040.8 2
4 3 2331.1 3963.0 2
0 1 2305.5 2385.6 3
9 3 1875.5 2179.8 4
5 6 1995.2 4213.0 2
4 9 1178.3 2083.9 1
5 2 1355.6 1642.6 2
0 6 1607.2 3836.0 4
1 9 1741.8 2616.6 3
9 3 1533.7 3816.3 1
4 10 219.8 2483.6 1
2 7 420.9 896.9 3
5 1 1312.5 3211.1 1
3 10 2435.2 3669.1 1
3 6 1338.6 2645.8 2
2 4 2000.7 4426.5 2
0 4 329.5 540.7 1
0 8 1790.0 3871.2 1
3 5 184.5 1281.2 4
0 3 1900.9 3539.5 3
3 8 382.7 948.6 3
4 9 438.0 1107.7 1
3 10 1285.9 2868.9 1
6 3 760.8 3188.2 2
7 3 663.5 3051.1 3
6 10 1399.1 3436.1 3
9 7 1179.2 2505.4 3
0 6 2428.3 4797.4 3
6 5 1628.2 3256.7 4
7 4 1736.0 2894.1 3
EOF
