NUM_STATIONS: 10
NUM_REQUESTS: 80
NUM_VEHICLES: 3
VEHICLE_CAPACITY: 8
DISTANCES
0 1 9.9
1 2 5.8
2 3 2.8
3 4 4.2
4 5 8.2
5 6 9.6
6 7 7.3
7 8 4.0
8 9 8.9
9 0 4.1
REQUEST_SECTION
8 2 581.7 920.9 3
3 8 12.4 485.7 7
0 4 719.0 1210.8 6
4 8 53.0 432.5 6
7 10 864.8 951.9 5
4 1 668.4 740.2 1
1 9 380.5 481.6 1
3 6 659.4 870.9 8
5 9 824.1 909.8 4
9 5 473.1 712.0 5
1 7 123.0 374.2 6
7 3 217.3 540.6 7
9 7 40.2 105.8 6
1 6 369.9 506.3 2
5 3 648.1 966.0 4
0 4 771.1 972.5 1
7 1 137.0 348.6 8
0 4 848.9 942.1 1
2 9 526.6 855.1 8
0 6 130.7 238.1 6
0 9 358.6 793.0 2
4 10 258.5 498.7 4
2 5 59.4 427.3 5
1 10 631.7 697.3 2
7 10 185.5 529.7 7
2 10 154.9 436.7 5
3 8 49.2 304.8 5
5 8 679.8 1098.3 4
6 8 325.5 688.4 8
6 5 365.3 769.7 2
5 10 680.2 1040.1 1
2 8 262.5 752.1 7
8 9 349.0 423.3 2
2 7 223.0 513.2 7
4 6 506.8 589.9 6
5 8 506.2 619.8 8
9 8 762.7 1073.0 5
3 1 777.0 910.5 3
3 4 747.3 830.3 1
2 6 742.2 881.7 1
4 9 861.4 1171.4 7
7 5 179.9 376.4 7
6 4 157.7 591.7 5
7 3 12.7 184.6 4
5 10 152.2 499.7 8
3 8 445.3 646.6 4
9 6 408.1 766.3 3
5 1 417.1 898.0 3
8 4 753.6 1052.3 7
0 5 453.4 746.5 4
5 10 307.0 699.7 1
7 5 172.2 456.9 7
6 10 374.6 586.0 6
6 1 326.6 433.8 3
2 6 528.5 1024.3 6
4 5 640.0 841.8 7
7 3 127.4 407.6 2
0 4 715.0 989.0 6
0 9 651.0 808.8 5
4 10 470.5 678.6 3
2 1 321.4 546.5 6
1 10 458.7 753.9 3
0 7 636.5 716.9 8
0 4 247.8 712.6 8
2 6 697.0 938.2 8
6 8 421.3 577.3 3
7 9 684.6 914.3 8
0 1 314.0 564.6 6
3 6 767.0 1252.6 3
5 1 502.1 978.1 5
1 8 329.4 654.4 2
7 5 434.4 631.0 8
3 2 266.8 669.6 7
2 5 221.6 553.4 4
4 2 242.7 408.4 4
7 10 437.0 898.1 3
3 7 578.9 1064.4 7
4 6 281.4 395.7 3
1 2 681.3 908.9 8
1 8 94.2 567.7 1
EOF
