NUM_STATIONS: 10
NUM_REQUESTS: 20
NUM_VEHICLES: 3
VEHICLE_CAPACITY: 8
DISTANCES
0 1 8.3
1 2 2.5
2 3 8.9
3 4 6.4
4 5 8.5
5 6 5.9
6 7 7.6
7 8 9.1
8 9 7.1
9 0 6.5
REQUEST_SECTION
4 1 29.4 240.0 8
9 3 71.8 196.5 8
9 10 43.4 183.1 6
7 2 163.9 286.2 5
9 1 19.5 251.5 3
4 2 44.3 282.1 8
1 10 71.6 298.7 5
1 5 160.2 377.9 8
5 7 83.4 270.3 2
6 7 38.9 171.4 1
2 1 83.9 181.3 5
0 3 120.9 325.3 5
8 5 169.1 296.0 4
0 6 36.7 201.0 7
3 2 63.0 258.9 8
1 2 6.4 208.5 2
0 9 92.3 173.3 2
2 5 108.7 285.2 5
2 1 132.7 256.6 1
9 8 32.5 237.6 6
EOF
