NUM_STATIONS: 10
NUM_REQUESTS: 160
NUM_VEHICLES: 1
VEHICLE_CAPACITY: 2
DISTANCES
0 1 3.6
1 2 7.3
2 3 7.4
3 4 1.6
4 5 9.1
5 6 1.1
6 7 5.1
7 8 5.3
8 9 9.0
9 0 2.6
REQUEST_SECTION
0 6 3906.4 4538.0 2
6 7 641.6 1149.8 2
7 6 896.2 1664.0 1
0 1 197.7 2024.5 1
4 3 2699.6 3379.3 2
6 10 3166.1 5216.8 2
5 2 2744.9 3107.7 1
1 3 3923.2 4239.6 2
0 6 1362.8 2731.0 1
6 1 3881.1 4264.8 2
4 5 1366.0 1468.8 1
6 2 2022.8 3069.9 2
3 4 3375.0 3704.3 1
3 4 4069.7 4488.9 1
7 9 1545.5 3608.8 2
9 3 1794.0 2880.0 2
9 7 3349.0 3740.8 1
4 8 1544.4 3626.0 2
3 7 2968.7 4563.5 1
2 3 3314.0 3541.7 1
0 7 3057.2 3236.4 2
1 5 1052.8 2479.7 2
8 2 1870.5 3446.5 1
5 3 1743.3 3463.9 2
5 9 2888.5 3540.7 2
1 6 114.0 1546.8 1
1 6 1572.7 2362.7 2
4 2 2698.0 4453.7 1
5 3 2190.8 2602.7 1
4 7 470.8 1565.5 2
6 5 2631.6 2969.3 1
3 7 506.2 1676.7 2
5 3 136.6 811.7 1
4 9 3335.5 3799.9 1
2 6 1876.3 2776.3 2
8 4 2991.0 4724.2 2
0 3 1294.2 2393.6 2
8 9 976.6 1701.4 1
9 5 330.2 1639.4 1
5 7 2406.6 4047.9 1
1 5 810.3 1909.0 2
6 8 2285.7 3672.7 2
3 8 3293.2 3810.5 2
8 5 1267.6 1960.6 1
3 10 3572.9 3946.7 2
8 7 316.4 1204.1 2
9 4 36.1 907.5 2
6 2 1059.6 1550.1 2
9 7 2075.0 2826.1 2
0 8 3079.2 3662.1 2
3 9 2566.0 2715.8 2
7 10 4020.2 5790.1 2
7 3 805.3 1767.2 1
4 1 2125.7 3810.5 1
1 3 1273.5 2907.1 1
4 9 2896.2 3841.0 1
6 7 3521.9 4617.0 1
3 9 207.0 1621.6 1
1 5 562.1 953.7 2
9 7 497.9 1003.8 1
4 8 1049.0 3131.0 1
7 10 1814.6 2732.4 2
2 9 633.6 782.0 2
8 1 502.2 2407.6 2
1 7 1417.7 1633.5 1
8 5 61.8 2000.9 1
7 3 705.7 798.1 2
3 5 2959.9 4800.9 2
0 5 1979.8 3776.6 1
9 4 1728.0 2351.6 2
5 8 2753.5 4564.1 2
9 8 325.3 626.6 2
6 9 3865.0 5311.4 1
8 1 2639.8 4082.6 2
6 7 3227.0 4028.8 2
6 1 3285.3 4839.6 1
3 5 1869.5 3326.4 1
4 7 1213.1 2275.9 1
6 3 2019.4 2226.8 1
4 5 195.3 2000.5 1
0 1 4140.9 5224.2 1
8 5 4155.6 4858.3 2
3 4 3594.4 4351.3 2
2 6 680.8 1843.9 1
9 4 2200.6 3979.8 2
6 8 3415.4 4395.9 2
6 2 1908.3 2290.9 2
7 2 302.6 487.7 2
1 8 39.6 1233.0 2
9 5 3838.2 3995.1 2
6 2 3492.3 4909.6 1
1 5 110.9 2022.0 1
5 4 1914.7 2933.5 1
8 10 1163.6 3213.9 2
3 6 874.1 1151.1 1
5 2 1630.3 2196.7 1
6 3 668.1 2180.1 1
4 6 2362.0 2528.0 2
5 7 888.4 2341.7 1
2 3 2366.9 3214.4 1
4 9 27.1 1528.8 1
4 1 494.8 1266.0 1
5 6 3325.3 4771.6 1
5 10 203.1 1077.5 2
8 9 3968.0 5762.6 1
3 5 279.1 1553.2 2
3 8 1012.0 2201.1 1
7 8 2497.1 4041.0 2
4 8 2422.8 3946.6 2
1 6 2357.2 3632.4 2
3 9 1328.0 2285.9 1
0 8 2247.7 2707.7 1
0 5 3510.3 5588.8 2
1 8 632.7 921.2 1
3 6 2239.3 3012.6 2
7 1 786.1 2595.6 1
7 1 3559.2 5443.1 2
4 1 1041.7 1993.5 2
1 2 2312.9 4419.9 2
8 5 1714.3 2074.8 1
6 4 3656.5 4509.6 1
3 6 3207.0 4203.4 1
2 8 2889.3 3329.7 1
6 1 1185.9 1410.8 1
6 10 1626.5 3590.3 2
0 2 3524.9 4688.7 2
0 1 2414.0 4546.3 1
3 9 3800.7 5271.1 2
2 8 1261.2 2855.9 1
4 5 2958.6 4838.3 1
1 5 3837.7 4609.5 2
4 2 1383.6 1970.0 1
1 3 1162.1 3242.7 1
1 3 2806.8 4043.7 1
6 1 1628.9 2470.4 2
8 9 2472.8 3093.2 2
7 6 833.3 1314.3 1
1 7 995.3 1553.4 1
6 1 2766.4 3632.9 1
4 6 3779.2 5490.9 1
3 9 3117.0 4774.1 1
2 9 1437.0 2247.3 1
6 9 2250.4 3122.7 1
2 4 3990.7 5285.2 2
9 6 420.0 1710.5 2
1 6 3006.4 3331.2 1
3 2 959.3 1652.8 2
4 1 1371.0 3254.4 1
8 9 3288.1 4862.0 2
4 3 1580.4 1680.0 1
7 5 3116.2 4797.6 2
3 5 245.6 1590.0 2
6 7 2585.8 3611.7 2
9 5 967.8 3010.2 2
6 5 1734.5 3087.6 1
3 8 1280.5 2482.3 1
4 9 3296.8 3545.8 1
4 10 3450.2 3607.8 2
6 8 2222.8 4118.5 2
3 1 650.1 2265.7 2
EOF
