NUM_STATIONS: 10
NUM_REQUESTS: 40
NUM_VEHICLES: 3
VEHICLE_CAPACITY: 2
DISTANCES
0 1 5.8
1 2 5.9
2 3 5.5
3 4 4.6
4 5 6.6
5 6 8.5
6 7 2.2
7 8 4.0
8 9 2.7
9 0 5.9
REQUEST_SECTION
5 3 270.9 533.9 2
6 3 94.2 277.7 2
4 5 251.8 446.9 1
3 7 96.8 157.9 2
8 3 306.9 540.7 2
2 5 140.0 333.5 1
2 8 294.1 557.5 2
4 7 188.2 289.6 1
9 1 62.0 301.9 1
2 4 63.4 143.4 2
1 10 57.3 333.9 1
7 2 175.6 409.3 1
5 4 60.0 354.1 1
2 8 213.7 438.4 1
2 5 233.6 377.0 1
8 3 70.8 265.2 1
6 2 237.6 450.9 2
9 5 215.7 304.1 2
5 8 247.6 321.2 2
6 9 273.1 444.8 2
3 2 316.4 388.3 2
7 2 257.4 479.2 1
3 5 200.3 279.4 2
9 2 123.0 308.4 1
9 5 218.7 518.4 1
5 3 9.3 314.9 2
5 9 101.1 253.2 2
1 9 287.5 431.8 1
0 4 182.2 315.3 1
3 5 343.0 535.2 1
8 7 175.4 264.4 2
3 4 22.6 87.3 1
7 2 228.4 330.2 2
9 8 270.0 346.4 1
4 6 183.0 432.7 2
2 3 333.2 526.3 2
2 9 18.5 305.7 2
3 1 123.6 176.4 1
4 2 156.5 310.7 1
3 8 288.1 544.4 1
EOF
