NUM_STATIONS: 10
NUM_REQUESTS: 80
NUM_VEHICLES: 2
VEHICLE_CAPACITY: 4
DISTANCES
0 1 9.9
1 2 5.8
2 3 2.8
3 4 4.2
4 5 8.2
5 6 9.6
6 7 7.3
7 8 4.0
8 9 8.9
9 0 4.1
REQUEST_SECTION
8 2 875.8 1431.2 1
3 8 668.9 993.7 2
0 4 268.4 418.0 4
4 8 372.6 510.4 3
7 10 443.4 1350.2 3
4 1 704.9 944.1 2
1 9 325.3 1303.2 2
3 6 513.3 822.2 4
5 9 26.7 160.5 4
9 5 646.1 1378.0 2
1 7 810.5 1299.4 2
7 3 926.5 1517.0 4
9 7 515.1 883.8 3
1 6 159.0 362.9 3
5 3 676.8 1515.4 2
0 4 50.5 742.9 3
7 1 162.6 239.9 2
0 4 775.0 1128.1 3
2 9 316.6 1276.5 4
0 6 756.3 1547.4 2
0 9 332.6 545.7 4
4 10 93.6 271.4 3
2 5 59.1 156.9 3
1 10 713.5 936.4 4
7 10 644.2 907.2 2
2 10 724.0 1059.5 3
3 8 736.6 1718.0 1
5 8 417.9 1104.0 2
6 8 87.6 835.5 3
6 5 832.9 1148.0 3
5 10 476.3 1411.2 2
2 8 622.8 928.5 4
8 9 210.1 696.1 1
2 7 407.2 521.9 4
4 6 383.0 547.7 1
5 8 865.0 1842.2 3
9 8 628.4 939.9 3
3 1 815.0 1396.5 1
3 4 599.7 1510.0 1
2 6 63.2 789.3 4
4 9 508.9 1090.5 1
7 5 593.1 1053.7 3
6 4 387.3 770.8 2
7 3 160.2 480.5 3
5 10 171.0 437.4 1
3 8 124.2 1000.4 1
9 6 275.2 1157.6 4
5 1 143.5 889.6 4
8 4 861.6 1408.2 4
0 5 590.7 1266.3 4
5 10 436.3 1460.8 3
7 5 905.5 1224.8 1
6 10 755.1 1004.1 4
6 1 125.8 304.9 3
2 6 157.4 415.3 3
4 5 482.2 682.9 4
7 3 819.2 1480.9 3
0 4 806.8 1472.4 3
0 9 355.7 438.6 2
4 10 131.8 907.8 2
2 1 83.0 322.8 4
1 10 177.1 747.6 1
0 7 369.9 1380.5 1
0 4 791.0 1385.1 1
2 6 772.5 1410.6 1
6 8 432.2 519.2 3
7 9 719.4 850.4 3
0 1 627.6 1413.4 2
3 6 898.7 1584.7 2
5 1 185.5 717.0 3
1 8 139.8 1122.4 4
7 5 509.8 858.5 3
3 2 611.3 1326.1 4
2 5 974.0 1391.9 2
4 2 534.6 1179.6 1
7 10 828.6 1637.5 3
3 7 877.6 1551.4 4
4 6 242.9 1156.0 1
1 2 355.9 1182.9 4
1 8 389.4 1164.1 2
EOF
