NUM_STATIONS: 10
NUM_REQUESTS: 80
NUM_VEHICLES: 2
VEHICLE_CAPACITY: 2
DISTANCES
0 1 9.9
1 2 5.8
2 3 2.8
3 4 4.2
4 5 8.2
5 6 9.6
6 7 7.3
7 8 4.0
8 9 8.9
9 0 4.1
REQUEST_SECTION
8 2 757.5 1460.7 2
3 8 397.5 1393.6 2
0 4 488.0 1508.6 2
4 8 638.9 1093.0 2
7 10 23.9 669.1 1
4 1 971.9 1605.3 1
1 9 528.3 1315.6 2
3 6 720.7 1753.2 1
5 9 860.8 1483.2 1
9 5 965.0 1119.2 1
1 7 774.3 1752.4 1
7 3 425.8 1087.6 1
9 7 185.7 494.9 2
1 6 838.8 1527.4 1
5 3 32.3 566.3 1
0 4 286.2 1096.2 2
7 1 967.4 1804.3 1
0 4 218.2 371.4 2
2 9 535.6 1440.5 2
0 6 737.2 1171.6 1
0 9 673.4 1146.6 1
4 10 132.5 301.1 1
2 5 837.7 922.5 2
1 10 521.9 1288.3 1
7 10 302.9 957.9 1
2 10 507.5 1423.2 2
3 8 520.7 1419.9 1
5 8 90.8 1051.6 2
6 8 873.3 1810.8 2
6 5 701.7 1202.6 1
5 10 154.0 564.7 1
2 8 250.5 450.9 2
8 9 28.7 427.5 2
2 7 165.2 940.9 1
4 6 399.3 798.3 1
5 8 934.1 1344.1 1
9 8 463.4 1091.5 1
3 1 194.4 317.7 1
3 4 263.4 1171.9 1
2 6 93.7 903.5 2
4 9 927.5 1480.1 1
7 5 936.3 1433.4 2
6 4 345.4 597.8 2
7 3 509.7 1382.5 2
5 10 21.6 665.0 2
3 8 463.3 914.7 2
9 6 358.6 856.1 1
5 1 157.2 1125.3 1
8 4 114.2 1023.9 2
0 5 791.6 1264.9 2
5 10 672.0 1562.8 2
7 5 233.6 923.0 2
6 10 660.7 1137.3 1
6 1 378.4 533.5 2
2 6 76.1 740.5 2
4 5 640.2 1357.6 2
7 3 415.6 1109.9 1
0 4 383.6 1231.3 1
0 9 491.2 992.8 2
4 10 458.1 875.0 2
2 1 739.7 827.3 2
1 10 334.3 486.0 1
0 7 104.7 817.6 1
0 4 494.9 1411.8 2
2 6 260.0 892.4 2
6 8 732.1 1394.2 2
7 9 272.0 1268.9 2
0 1 106.1 1108.8 2
3 6 370.2 1369.1 2
5 1 910.2 1715.2 1
1 8 846.1 1654.8 1
7 5 959.6 1399.7 1
3 2 133.2 282.8 2
2 5 909.9 1811.5 1
4 2 500.7 840.1 2
7 10 203.6 1186.4 2
3 7 76.9 647.3 2
4 6 555.6 652.8 2
1 2 99.8 252.8 2
1 8 320.7 516.2 2
EOF
