NUM_STATIONS: 10
NUM_REQUESTS: 20
NUM_VEHICLES: 1
VEHICLE_CAPACITY: 2
DISTANCES
0 1 6.6
1 2 8.7
2 3 5.9
3 4 9.0
4 5 3.2
5 6 7.2
6 7 4.7
7 8 8.2
8 9 3.5
9 0 6.8
REQUEST_SECTION
3 5 635.6 705.8 2
1 7 459.8 811.3 1
4 5 131.3 251.5 1
0 6 529.3 600.2 1
1 7 610.0 745.6 2
6 7 566.5 934.0 1
0 8 458.6 746.5 2
1 4 582.0 727.4 2
0 5 280.8 449.9 2
6 1 356.8 738.9 2
0 8 217.6 515.0 1
8 2 384.1 584.6 2
8 2 286.2 657.9 2
4 1 613.0 684.3 2
4 7 87.5 156.7 2
5 10 525.5 666.1 1
7 3 294.3 659.0 1
6 2 566.2 926.4 1
0 8 356.7 665.7 1
5 8 156.3 470.2 1
EOF
