NUM_STATIONS: 10
NUM_REQUESTS: 20
NUM_VEHICLES: 2
VEHICLE_CAPACITY: 1
DISTANCES
0 1 8.9
1 2 4.6
2 3 7.4
3 4 8.4
4 5 9.1
5 6 4.1
6 7 8.9
7 8 3.5
8 9 7.1
9 0 5.5
REQUEST_SECTION
2 3 124.1 193.9 1
4 1 44.1 299.3 1
1 10 168.8 251.0 1
5 4 184.2 418.8 1
6 5 32.0 142.3 1
0 8 132.7 223.7 1
2 9 183.6 403.1 1
9 1 200.6 481.8 1
2 3 17.1 332.8 1
5 9 213.7 505.7 1
6 4 4.7 292.1 1
5 1 5.0 236.3 1
8 4 116.7 343.8 1
8 1 173.8 274.0 1
9 2 140.0 405.2 1
5 8 210.5 347.0 1
3 5 70.5 254.3 1
8 1 67.7 250.1 1
4 9 144.2 258.2 1
6 4 250.6 453.3 1
EOF
