NUM_STATIONS: 10
NUM_REQUESTS: 160
NUM_VEHICLES: 1
VEHICLE_CAPACITY: 4
DISTANCES
0 1 7.9
1 2 8.7
2 3 5.6
3 4 8.4
4 5 6.3
5 6 1.2
6 7 4.8
7 8 8.8
8 9 1.4
9 0 2.6
REQUEST_SECTION
0 1 1589.3 2918.0 1
7 1 3615.3 3981.8 4
6 4 3495.9 6336.8 4
1 3 2749.9 3071.3 4
3 4 4166.7 4506.2 2
6 5 2906.7 5974.1 4
7 4 3538.1 4357.0 1
2 1 4423.9 7064.2 3
6 2 3929.3 6315.6 3
1 2 3800.3 3870.9 2
1 6 4093.9 7142.3 3
5 4 3683.1 6740.2 4
4 2 1081.5 3036.9 2
8 6 3990.5 5216.9 4
6 7 605.5 2171.6 1
7 1 2725.0 5894.5 4
6 5 3180.8 3989.8 2
0 8 1598.8 4067.5 2
9 7 2389.4 3462.0 2
7 3 457.2 2823.9 3
5 6 2657.6 4388.2 4
1 10 2365.1 5432.1 4
9 4 3748.1 4095.7 4
0 1 4424.6 5506.0 3
3 5 3927.4 4942.3 3
8 7 650.8 2215.6 4
3 8 216.8 2719.2 2
0 1 3174.8 5963.1 2
7 2 2024.9 5132.5 3
4 6 1117.4 1611.5 4
1 9 908.9 1483.4 2
1 7 1589.7 2964.4 2
7 10 1915.4 2474.8 1
4 6 843.8 3993.4 2
7 5 1299.8 3288.8 4
8 1 3280.4 3971.9 2
2 8 2700.7 5575.3 1
3 10 3203.9 5626.6 2
7 8 1144.6 2760.5 2
7 10 2455.3 5215.1 3
3 7 213.7 796.9 4
9 10 1098.8 2913.3 1
5 2 664.7 1045.4 1
7 1 3092.5 4503.8 2
1 10 3543.8 5157.2 3
9 10 863.6 2626.5 4
3 4 1749.3 4309.6 3
9 10 3006.0 4426.1 1
5 6 3083.6 5969.5 4
1 4 2156.6 3587.2 2
1 3 798.7 2595.6 1
8 2 759.6 3709.3 1
2 7 1541.6 2316.5 4
8 1 692.2 3276.9 2
3 6 4413.6 7046.6 2
6 7 3136.1 4596.0 2
4 9 934.4 1249.6 4
3 5 448.1 2640.1 3
5 6 1063.8 1737.6 1
9 5 1961.1 5041.0 1
4 10 3510.4 6606.3 4
0 4 4140.0 4615.8 2
9 10 180.5 1795.4 1
1 7 519.1 2467.8 4
8 6 4313.7 4900.5 1
2 8 4254.0 5288.6 2
5 1 482.1 2723.0 3
9 1 405.3 3513.5 3
8 4 2137.0 5124.6 3
6 4 1382.7 4401.4 1
3 5 3434.7 3693.8 4
7 1 2310.5 2993.0 2
0 7 2116.1 5416.3 3
5 9 828.7 2912.6 2
1 9 522.7 3402.6 3
4 1 2903.3 4508.2 4
9 3 1051.2 1378.3 2
8 5 852.8 973.1 1
6 10 1196.9 1907.1 3
7 1 1186.5 2475.6 3
3 10 30.6 386.6 1
6 8 3763.7 4119.7 3
5 8 3429.1 4001.6 2
9 8 951.7 2459.7 3
7 4 4240.0 5114.5 2
0 4 822.9 2027.7 3
2 9 485.9 720.5 2
0 7 419.4 691.2 4
0 4 1038.9 4159.2 4
1 6 2280.9 4516.5 1
0 6 1632.7 3637.2 4
0 5 265.1 778.0 2
7 1 1003.1 4321.4 3
1 3 1106.5 3305.8 1
3 8 4359.7 6028.5 2
7 2 3289.8 4090.6 3
6 2 3743.2 6466.4 3
8 9 4138.5 6629.2 2
0 3 2827.7 5751.8 4
2 7 1272.6 2791.5 1
6 1 4399.6 7435.7 1
8 9 1386.6 4054.8 3
6 4 1327.6 1791.7 3
0 4 2500.5 5602.1 1
7 3 694.7 1261.1 1
6 4 2755.3 4162.5 2
3 8 1552.3 3485.8 1
9 7 1905.2 4922.8 3
3 1 542.4 3085.4 2
2 8 4001.5 6888.6 4
3 2 3797.9 5618.8 3
1 10 792.3 2321.5 2
8 5 3468.3 5522.3 4
1 8 2284.7 4147.9 1
1 10 4264.2 5169.9 1
8 10 380.8 3235.2 2
6 8 418.6 2297.7 1
3 6 3357.9 4276.7 1
8 9 1829.6 2876.2 2
2 7 357.9 2060.6 1
0 7 871.3 1166.3 2
6 2 2570.8 5631.3 1
3 1 922.5 2982.9 3
5 8 2448.5 4437.8 2
4 6 2556.1 4927.1 3
5 3 2090.3 5149.9 2
6 1 1579.9 2270.5 3
2 9 1169.5 2032.8 4
1 10 1849.3 5115.5 4
0 5 1933.9 2876.3 3
1 5 3434.7 5129.1 3
7 6 1886.2 3457.6 3
1 6 268.5 631.1 2
5 10 473.5 1328.4 2
4 10 1344.3 2275.8 3
7 8 3765.5 5430.8 3
5 7 2610.1 3408.7 2
5 8 4414.4 6399.7 1
3 8 3866.7 4496.4 3
6 8 1117.0 4474.5 1
7 1 2270.2 3277.0 4
9 6 3667.0 5274.2 1
1 10 3257.4 6596.6 2
1 5 3120.8 5685.6 2
1 9 2783.5 4553.6 3
4 6 270.6 483.1 3
7 6 3974.7 5262.9 1
6 9 622.6 722.4 1
7 2 4259.7 6226.9 3
5 7 2211.6 4258.0 2
7 10 2706.9 3969.2 4
3 8 348.4 1928.4 1
1 3 3748.8 4840.8 3
2 8 4426.0 5442.4 4
4 2 160.5 1583.5 3
5 8 1729.3 4438.7 4
4 2 621.3 1142.9 4
4 2 1562.8 3685.2 1
9 8 33.7 339.7 2
0 9 1027.5 4423.5 2
EOF
