NUM_STATIONS: 10
NUM_REQUESTS: 20
NUM_VEHICLES: 1
VEHICLE_CAPACITY: 4
DISTANCES
0 1 8.3
1 2 2.5
2 3 8.9
3 4 6.4
4 5 8.5
5 6 5.9
6 7 7.6
7 8 9.1
8 9 7.1
9 0 6.5
REQUEST_SECTION
4 1 434.7 672.3 1
9 3 468.6 661.7 2
9 10 466.5 965.7 1
7 2 31.4 481.9 1
9 1 238.5 747.3 4
4 2 211.6 694.4 1
1 10 131.6 640.1 3
1 5 107.2 179.4 1
5 7 286.4 574.4 2
6 7 510.3 849.0 4
2 1 382.3 826.9 3
0 3 457.9 818.5 3
8 5 26.9 247.3 4
0 6 335.9 466.4 4
3 2 301.9 659.3 3
1 2 15.8 392.0 1
0 9 383.4 955.0 2
2 5 393.8 525.1 2
2 1 391.4 480.0 1
9 8 526.4 616.6 1
EOF
