NUM_STATIONS: 10
NUM_REQUESTS: 40
NUM_VEHICLES: 1
VEHICLE_CAPACITY: 2
DISTANCES
0 1 5.8
1 2 5.9
2 3 5.5
3 4 4.6
4 5 6.6
5 6 8.5
6 7 2.2
7 8 4.0
8 9 2.7
9 0 5.9
REQUEST_SECTION
5 3 723.4 811.6 2
6 3 724.1 870.3 1
4 5 337.2 647.4 2
3 7 560.4 660.4 2
8 3 824.5 1365.3 2
2 5 215.0 431.7 2
2 8 767.1 1011.7 2
4 7 792.8 982.9 1
9 1 610.7 676.9 2
2 4 363.2 630.8 2
1 10 813.4 1093.6 1
7 2 291.7 633.2 1
5 4 191.3 687.7 2
2 8 933.3 1466.0 2
2 5 819.5 1199.7 1
8 3 541.9 1107.3 2
6 2 536.6 906.5 1
9 5 396.4 547.6 2
5 8 78.5 159.8 1
6 9 33.1 296.4 1
3 2 720.8 821.6 1
7 2 51.1 336.1 1
3 5 857.4 1064.3 2
9 2 512.7 727.6 1
9 5 460.9 697.4 1
5 3 7.5 334.7 2
5 9 151.0 404.9 2
1 9 967.1 1206.2 1
0 4 718.4 1274.1 2
3 5 466.6 581.9 1
8 7 163.8 398.9 2
3 4 1032.8 1310.6 2
7 2 296.5 819.3 1
9 8 29.2 431.4 2
4 6 322.8 584.3 1
2 3 403.0 655.4 2
2 9 833.0 897.4 1
3 1 333.3 882.3 2
4 2 784.4 1231.9 1
3 8 429.9 673.4 2
EOF
