NUM_STATIONS: 10
NUM_REQUESTS: 20
NUM_VEHICLES: 3
VEHICLE_CAPACITY: 2
DISTANCES
0 1 10.0
1 2 3.1
2 3 7.4
3 4 2.1
4 5 5.5
5 6 6.0
6 7 3.5
7 8 7.1
8 9 7.6
9 0 5.4
REQUEST_SECTION
4 9 101.9 197.7 1
8 3 82.3 143.8 2
4 3 151.7 224.2 1
5 2 124.9 240.2 2
7 5 59.1 157.6 1
3 6 20.1 95.0 1
9 4 93.5 230.4 2
5 4 2.8 99.6 2
7 6 20.8 129.4 2
5 4 141.5 202.4 1
6 8 181.6 299.8 2
3 1 67.0 153.1 1
3 10 65.9 164.5 1
8 9 68.0 219.0 2
8 3 123.4 217.8 2
3 2 88.9 157.1 2
0 3 119.2 258.5 1
1 3 10.0 145.4 1
7 5 159.2 237.8 2
8 7 58.8 204.2 1
EOF
