NUM_STATIONS: 10
NUM_REQUESTS: 40
NUM_VEHICLES: 1
VEHICLE_CAPACITY: 4
DISTANCES
0 1 5.8
1 2 5.9
2 3 5.5
3 4 4.6
4 5 6.6
5 6 8.5
6 7 2.2
7 8 4.0
8 9 2.7
9 0 5.9
REQUEST_SECTION
5 3 26.9 532.5 4
6 3 46.3 512.1 3
4 5 321.8 650.5 3
3 7 535.3 764.9 2
8 3 202.6 711.5 4
2 5 558.8 892.5 4
2 8 490.9 1054.0 2
4 7 546.1 825.2 4
9 1 138.8 540.8 1
2 4 21.1 520.9 4
1 10 559.6 929.3 4
7 2 546.4 805.4 1
5 4 348.7 910.6 1
2 8 727.6 801.7 2
2 5 427.4 991.0 1
8 3 615.2 832.2 4
6 2 436.6 540.3 3
9 5 109.2 225.3 1
5 8 750.9 926.4 3
6 9 437.1 978.5 1
3 2 267.1 685.9 2
7 2 325.1 726.8 2
3 5 172.7 293.5 4
9 2 597.1 937.5 1
9 5 343.5 822.9 2
5 3 481.3 937.9 2
5 9 561.7 707.5 2
1 9 682.1 823.5 2
0 4 110.3 536.7 2
3 5 703.5 831.2 3
8 7 576.0 1105.5 3
3 4 360.1 544.3 1
7 2 259.6 510.3 2
9 8 413.0 797.8 2
4 6 95.0 224.1 2
2 3 705.9 994.8 1
2 9 7.4 275.3 1
3 1 659.3 798.7 2
4 2 481.8 664.9 4
3 8 319.0 640.6 2
EOF
