NUM_STATIONS: 10
NUM_REQUESTS: 40
NUM_VEHICLES: 1
VEHICLE_CAPACITY: 2
DISTANCES
0 1 5.5
1 2 7.8
2 3 7.1
3 4 4.8
4 5 4.5
5 6 3.9
6 7 2.7
7 8 6.4
8 9 8.5
9 0 7.6
REQUEST_SECTION
8 7 824.7 1180.6 1
8 6 851.1 1208.9 1
7 5 157.8 714.8 2
5 10 633.2 730.5 1
6 9 273.6 895.8 1
3 4 504.8 928.1 1
4 2 521.8 864.6 2
5 3 20.3 113.6 2
5 10 605.2 1157.2 2
2 9 664.9 1089.6 1
2 8 340.1 755.3 2
0 7 80.2 472.1 2
4 5 720.5 835.5 1
3 9 76.8 714.0 1
5 7 573.9 861.2 2
8 4 52.9 416.9 2
9 8 449.7 1007.8 1
2 10 84.5 621.9 1
4 7 316.4 765.2 1
4 10 234.2 546.5 2
7 2 349.1 692.8 2
3 5 533.3 1013.6 1
1 9 751.6 1277.3 1
9 8 643.2 1191.7 1
5 1 451.0 664.8 1
5 3 260.9 904.6 2
5 8 362.0 659.2 1
5 6 473.8 547.3 2
0 1 682.1 910.8 1
5 2 829.8 1349.9 1
5 3 140.6 763.6 1
1 10 719.4 1347.3 2
2 4 838.8 1461.6 2
8 3 294.0 473.5 2
5 7 215.8 668.8 1
1 10 497.9 993.1 2
5 1 198.9 655.2 1
2 6 257.9 396.4 1
7 5 494.6 942.3 1
8 7 8.9 238.8 1
EOF
