NUM_STATIONS: 10
NUM_REQUESTS: 40
NUM_VEHICLES: 2
VEHICLE_CAPACITY: 2
DISTANCES
0 1 4.3
1 2 4.7
2 3 7.7
3 4 5.3
4 5 3.2
5 6 1.5
6 7 9.1
7 8 3.7
8 9 3.4
9 0 3.5
REQUEST_SECTION
2 7 145.8 276.5 1
8 10 247.1 323.8 2
4 9 90.9 325.6 1
1 7 138.4 280.8 1
9 5 26.2 290.9 1
8 6 107.4 360.5 1
2 6 28.4 170.5 2
6 5 256.6 376.7 1
4 9 150.7 213.0 2
6 9 253.5 361.1 1
1 5 87.3 258.5 1
3 8 132.5 389.3 2
9 10 159.6 405.6 1
4 5 244.8 335.1 2
5 6 105.0 197.2 1
3 9 322.9 460.6 2
5 7 245.0 514.5 2
0 5 0.4 209.9 1
5 10 54.0 324.8 1
0 2 37.5 310.1 1
0 4 156.5 317.5 2
1 7 212.8 317.3 1
0 3 248.7 429.0 2
9 3 322.2 436.1 1
3 6 224.9 414.6 2
9 7 197.6 262.7 1
4 7 35.6 214.3 1
2 5 78.6 260.1 1
2 5 340.8 547.6 1
0 4 50.3 223.8 1
0 9 53.9 149.0 1
7 1 239.9 425.6 1
7 2 321.8 483.1 2
1 9 217.8 420.4 2
2 7 83.9 219.0 1
9 8 238.3 495.1 2
7 6 41.3 201.9 1
4 2 129.1 364.4 1
1 6 6.6 216.8 2
4 1 341.5 532.9 2
EOF
