NUM_STATIONS: 10
NUM_REQUESTS: 40
NUM_VEHICLES: 3
VEHICLE_CAPACITY: 4
DISTANCES
0 1 5.5
1 2 7.8
2 3 7.1
3 4 4.8
4 5 4.5
5 6 3.9
6 7 2.7
7 8 6.4
8 9 8.5
9 0 7.6
REQUEST_SECTION
8 7 227.9 376.7 4
8 6 215.9 294.5 3
7 5 189.8 293.8 1
5 10 318.3 486.1 2
6 9 185.3 425.7 3
3 4 203.0 393.1 3
4 2 221.0 474.3 4
5 3 145.4 349.6 2
5 10 43.1 126.9 3
2 9 208.5 272.7 1
2 8 249.2 379.6 2
0 7 190.7 396.5 1
4 5 355.8 525.0 1
3 9 294.7 473.6 2
5 7 228.2 293.0 4
8 4 39.4 246.1 4
9 8 151.5 327.9 2
2 10 163.4 373.6 4
4 7 90.0 337.6 4
4 10 354.3 565.7 4
7 2 51.9 204.8 1
3 5 286.8 356.9 1
1 9 156.1 271.1 4
9 8 320.1 442.3 3
5 1 363.7 616.7 3
5 3 352.3 443.1 3
5 8 33.8 232.7 3
5 6 214.4 393.9 1
0 1 390.5 597.2 2
5 2 100.6 259.2 2
5 3 296.3 488.8 3
1 10 121.5 278.5 3
2 4 136.9 221.0 2
8 3 211.6 354.0 4
5 7 305.5 373.6 3
1 10 257.3 498.5 1
5 1 109.0 313.2 2
2 6 115.7 363.1 3
7 5 379.9 525.1 2
8 7 171.4 251.5 3
EOF
