NUM_STATIONS: 10
NUM_REQUESTS: 160
NUM_VEHICLES: 3
VEHICLE_CAPACITY: 2
DISTANCES
0 1 6.3
1 2 1.5
2 3 7.8
3 4 9.8
4 5 9.9
5 6 6.9
6 7 1.6
7 8 5.2
8 9 2.2
9 0 6.8
REQUEST_SECTION
3 7 943.1 1107.9 2
2 4 788.7 936.2 1
2 7 807.1 887.4 2
7 4 1030.8 1450.2 1
4 10 282.6 822.7 2
1 4 229.8 360.6 1
2 1 965.9 1046.7 2
5 9 725.9 909.4 2
7 3 1055.1 1793.8 2
0 7 817.4 1525.7 1
0 3 472.4 1236.3 1
0 5 637.0 1356.5 1
0 3 186.6 691.5 1
8 4 837.2 1505.6 1
3 4 987.2 1698.7 1
0 7 1100.1 1734.5 1
5 4 600.4 1297.4 2
9 8 872.1 1634.2 1
8 6 7.2 754.7 2
9 7 677.7 759.3 2
9 4 1085.1 1332.7 2
2 4 759.1 1556.0 2
9 3 75.9 193.7 2
9 5 7.0 324.1 2
1 6 470.1 562.3 1
9 4 129.1 523.2 2
9 2 154.8 654.7 2
7 2 1089.7 1858.2 2
3 9 697.5 1494.8 2
1 2 897.8 1383.3 1
5 6 451.2 570.4 1
0 8 682.2 849.2 2
1 4 921.6 1261.6 2
8 3 213.9 903.1 1
0 1 357.5 451.2 2
3 2 233.3 403.3 2
9 8 875.5 1304.9 1
0 9 79.4 550.8 1
7 6 1071.3 1716.3 2
6 2 856.6 1091.4 1
2 3 994.5 1742.1 1
2 3 102.7 882.1 2
2 8 674.5 1460.2 1
7 3 1142.6 1879.1 1
5 1 129.9 460.9 2
9 6 760.1 890.1 2
0 2 203.1 985.8 2
5 2 1110.8 1881.1 1
0 4 391.4 557.6 2
0 1 1030.3 1434.0 2
8 5 362.6 481.4 2
1 9 1096.0 1763.9 1
9 10 224.4 918.4 2
9 10 373.5 456.2 1
3 10 458.3 768.2 1
0 5 29.7 339.8 1
9 3 343.8 1018.3 1
1 7 521.6 764.4 1
2 9 83.9 741.6 2
2 9 477.5 649.8 1
2 7 152.5 538.5 2
5 1 808.5 1067.8 2
6 4 49.9 212.8 1
1 4 524.9 1348.9 2
5 3 1141.5 1284.3 1
2 5 1070.8 1875.5 2
4 10 777.2 1419.8 2
0 6 759.4 844.6 2
3 2 701.6 899.7 1
6 1 46.3 425.8 2
6 1 438.4 732.4 1
7 1 638.7 1218.3 2
9 10 967.8 1718.5 2
3 4 981.2 1614.2 2
3 6 353.7 951.7 1
1 4 890.4 1474.9 2
2 4 1040.0 1428.7 2
6 9 768.1 1297.0 1
3 7 199.7 533.1 2
9 4 156.8 413.3 2
5 4 682.0 878.9 2
0 3 1014.9 1813.9 2
1 3 980.8 1348.9 2
9 1 209.5 986.6 2
4 3 90.1 347.4 1
9 10 1122.0 1408.7 2
8 7 640.7 1375.2 2
1 7 984.7 1630.6 2
7 6 623.0 1034.2 2
2 5 163.4 373.9 1
0 2 266.0 770.2 1
5 7 925.5 1628.1 2
3 7 367.9 890.2 2
4 10 139.5 408.8 2
5 10 1116.9 1651.8 2
7 5 126.3 574.5 2
1 6 1040.3 1544.8 1
7 1 266.5 564.1 2
1 5 1152.4 1419.0 2
6 8 878.6 1216.9 2
3 5 363.3 1131.7 2
9 7 396.4 1073.3 2
4 9 297.6 539.2 1
7 4 794.0 1149.1 2
4 9 349.3 608.2 2
8 2 913.3 1426.6 1
4 9 1071.1 1823.8 2
2 1 951.0 1200.5 2
8 10 990.1 1460.2 1
5 1 955.0 1665.4 2
9 1 1056.1 1615.5 1
0 4 1035.6 1302.5 2
0 2 492.8 726.7 2
6 1 869.7 989.4 1
5 4 966.2 1738.6 1
5 1 439.4 1227.8 1
0 9 577.7 1077.7 1
6 9 315.3 720.9 1
6 5 420.9 1249.7 2
7 9 493.3 966.8 2
8 6 844.9 1652.6 1
1 6 231.4 302.0 2
2 8 540.1 708.5 1
1 9 113.9 730.9 2
0 8 450.4 929.1 1
7 1 90.7 333.9 1
3 9 558.5 825.8 2
7 10 924.0 1536.4 2
2 4 382.2 538.6 1
8 7 981.7 1330.7 2
7 1 605.9 1132.8 1
3 7 201.8 942.2 2
9 5 209.3 685.3 1
0 8 126.6 208.9 1
9 3 175.0 643.6 1
5 8 484.5 754.3 2
1 3 1160.2 1611.6 1
1 9 151.5 647.3 1
5 9 943.1 1125.4 1
2 5 255.6 384.3 2
8 3 120.5 221.9 1
1 8 145.5 656.7 1
6 9 1146.9 1797.0 2
0 9 344.0 796.2 2
4 7 331.2 947.2 1
2 8 1110.0 1346.2 2
1 6 620.1 1155.9 2
1 10 907.2 1625.4 1
0 5 168.5 566.9 2
3 9 957.2 1384.2 1
5 9 213.4 557.3 2
4 5 419.3 932.6 1
7 1 873.5 1269.4 2
9 1 53.5 254.1 2
4 10 781.1 1261.5 2
6 1 545.6 677.0 1
7 3 413.4 1222.0 2
3 8 592.7 718.9 1
0 9 538.7 792.2 2
5 3 475.9 1068.5 2
EOF
