NUM_STATIONS: 10
NUM_REQUESTS: 40
NUM_VEHICLES: 3
VEHICLE_CAPACITY: 4
DISTANCES
0 1 5.5
1 2 7.8
2 3 7.1
3 4 4.8
4 5 4.5
5 6 3.9
6 7 2.7
7 8 6.4
8 9 8.5
9 0 7.6
REQUEST_SECTION
8 7 29.3 143.8 4
8 6 273.5 498.6 3
7 5 216.3 305.0 1
5 10 206.8 420.2 2
6 9 109.5 294.0 3
3 4 45.5 115.4 3
4 2 214.5 317.8 4
5 3 76.6 135.8 2
5 10 170.5 375.4 3
2 9 240.2 410.8 1
2 8 71.6 290.5 2
0 7 253.5 474.5 1
4 5 165.3 323.7 1
3 9 114.3 343.0 2
5 7 143.9 318.0 4
8 4 163.1 278.1 4
9 8 66.3 173.3 2
2 10 239.3 437.3 4
4 7 274.2 528.0 4
4 10 72.8 172.7 4
7 2 271.8 503.7 1
3 5 32.2 153.9 1
1 9 167.7 387.9 4
9 8 64.5 250.8 3
5 1 218.8 386.5 3
5 3 127.8 372.7 3
5 8 237.3 471.5 3
5 6 93.8 183.7 1
0 1 204.6 322.3 2
5 2 66.6 213.7 2
5 3 90.3 334.9 3
1 10 172.2 381.6 3
2 4 151.5 230.4 2
8 3 73.2 311.2 4
5 7 175.9 262.3 3
1 10 152.9 230.7 1
5 1 25.5 275.0 2
2 6 35.4 99.6 3
7 5 249.8 335.8 2
8 7 206.9 326.6 3
EOF
