NUM_STATIONS: 10
NUM_REQUESTS: 160
NUM_VEHICLES: 1
VEHICLE_CAPACITY: 2
DISTANCES
0 1 3.3
1 2 8.6
2 3 9.8
3 4 4.8
4 5 3.7
5 6 5.0
6 7 1.8
7 8 2.0
8 9 1.3
9 0 2.7
REQUEST_SECTION
9 3 117.9 646.7 2
8 4 1635.6 4152.1 1
4 8 439.2 1118.7 2
6 3 354.2 944.3 2
8 2 1356.0 1888.1 2
7 2 2199.5 4006.2 1
8 1 468.2 994.4 2
6 4 2991.9 4741.9 1
7 2 512.6 1635.5 2
2 6 100.3 1791.1 1
3 7 3016.6 3723.8 2
8 4 1257.0 1889.8 1
0 8 2869.7 4574.2 2
8 10 522.2 2716.1 2
8 2 2324.7 3553.3 1
4 2 2417.5 2858.9 2
3 5 3014.0 3393.4 1
5 7 2291.6 4847.0 1
3 7 1342.3 2143.1 2
7 4 513.8 1582.9 1
6 7 636.5 2703.9 2
3 7 3081.3 5443.3 2
5 2 344.4 2250.3 1
4 7 614.0 1650.3 1
3 5 3060.8 5602.2 2
1 3 1618.5 3337.1 2
9 10 3097.7 5156.5 2
3 6 2398.6 3430.4 1
3 7 801.0 3125.5 2
7 10 319.4 775.6 1
8 9 2907.7 4991.8 1
3 9 1297.3 2652.6 1
4 7 1770.4 3413.2 1
4 6 1504.0 3016.6 2
6 10 3341.5 3929.7 2
1 3 329.0 1292.2 2
8 7 845.5 2966.3 1
8 10 612.7 1120.1 2
2 1 1705.5 2016.3 1
5 1 1821.2 2510.8 1
2 4 1230.6 3608.5 1
5 10 400.8 3009.9 2
8 6 350.2 1019.0 1
5 2 2980.7 3347.8 1
6 2 2004.1 2368.4 2
5 4 1587.7 4065.0 2
0 9 1278.6 3460.9 2
3 4 2168.8 2289.6 1
0 2 3214.4 5657.4 1
9 7 782.1 2553.8 1
8 3 1183.0 3413.1 2
1 4 2178.9 2878.3 1
3 1 1130.7 1813.8 2
2 7 2537.0 5117.0 1
3 10 609.1 725.1 2
2 4 242.7 517.0 1
5 8 1046.4 1609.2 1
8 1 1007.0 3458.4 2
2 3 3273.6 4447.1 2
6 8 2438.7 2989.5 2
8 10 3111.8 4585.3 2
6 8 3134.0 4443.3 2
2 6 2110.6 4036.1 2
6 7 855.5 2495.4 1
7 2 2292.9 4241.3 2
0 7 886.1 3150.9 2
3 5 3419.9 5956.1 2
4 5 2555.7 3661.8 2
5 2 2459.6 3816.6 1
5 4 2149.2 3339.9 2
5 3 69.6 388.5 2
3 10 745.8 3070.3 1
6 7 77.7 716.2 1
2 9 397.5 1418.0 1
1 8 3350.1 3612.7 2
0 1 1171.7 2499.1 1
2 9 2576.3 4647.0 1
9 5 3015.7 4980.7 2
6 5 3334.5 4809.1 2
3 7 993.7 1935.2 2
7 1 2622.3 2992.0 1
3 2 1826.8 2867.6 2
2 7 1587.9 2232.0 1
1 8 2339.9 3184.3 2
1 10 769.7 1852.2 1
9 8 2269.8 3180.0 1
7 8 3208.2 5452.9 1
2 7 2311.2 4380.9 1
6 1 1137.8 3191.8 2
7 3 1633.4 3978.8 2
8 2 2443.4 4533.8 1
2 6 541.4 816.1 2
8 6 669.2 2855.9 1
1 3 1966.3 2834.1 1
9 5 2987.5 3737.6 1
0 3 333.4 1495.3 1
5 10 2788.8 4319.8 1
7 3 2865.8 3269.2 2
5 10 1029.1 1617.2 1
6 2 3375.1 4920.6 1
6 8 666.8 1079.3 2
8 5 1544.9 1834.3 2
0 2 2978.8 4818.9 1
9 5 1458.1 1736.3 1
8 3 2010.3 2174.5 2
4 9 177.2 2043.7 1
4 9 2524.5 2820.9 2
1 6 2873.5 3382.1 1
9 4 2906.9 3233.8 2
9 6 3394.8 4659.0 2
0 2 2639.2 4639.5 2
6 8 1012.7 1713.8 2
6 2 3197.7 5790.7 1
2 6 2515.7 4288.4 2
6 3 342.9 1367.3 2
7 3 1618.6 1723.1 1
3 9 1727.5 2670.3 1
6 10 1296.4 3429.9 2
3 2 2716.7 5234.2 1
9 1 2518.5 3206.6 2
6 9 2297.9 3940.0 1
4 9 1016.1 2863.2 1
3 9 2246.1 3368.0 2
8 5 1181.9 1591.3 1
4 5 2925.3 4103.1 2
0 4 3111.1 3491.8 1
5 8 541.2 2636.2 2
9 10 2707.8 3637.4 1
0 2 2649.3 4409.6 2
1 3 1964.5 2513.6 1
4 2 1660.8 2029.0 2
4 3 840.6 2364.6 1
0 1 1922.1 2097.6 2
9 3 2097.4 2755.8 1
5 6 2439.6 4750.3 1
4 9 513.2 2814.9 2
5 2 3423.1 4784.2 2
0 6 1539.2 2638.0 1
1 9 368.3 661.8 1
9 3 3143.2 4470.2 1
4 10 3029.6 3224.4 2
2 7 3025.9 5292.2 1
5 1 1901.9 2134.3 1
3 10 2633.7 3683.8 1
3 6 1763.3 2613.1 1
2 4 1651.4 3175.4 2
0 4 371.2 2302.6 1
0 8 2349.9 3282.9 1
3 5 1040.8 2834.7 2
0 3 346.3 2387.0 2
3 8 2271.8 3853.5 1
4 9 1700.7 3654.8 1
3 10 1777.7 2153.1 2
6 3 1810.8 1929.5 1
7 3 2607.9 3610.3 2
6 10 273.0 2717.6 1
9 7 494.9 2077.5 2
0 6 875.9 3257.4 1
6 5 1762.2 2268.8 2
7 4 2393.2 3060.3 2
EOF
