NUM_STATIONS: 10
NUM_REQUESTS: 40
NUM_VEHICLES: 3
VEHICLE_CAPACITY: 4
DISTANCES
0 1 5.8
1 2 5.9
2 3 5.5
3 4 4.6
4 5 6.6
5 6 8.5
6 7 2.2
7 8 4.0
8 9 2.7
9 0 5.9
REQUEST_SECTION
5 3 161.7 326.4 1
6 3 197.0 331.4 2
4 5 212.1 383.8 4
3 7 201.7 314.7 3
8 3 226.3 301.3 2
2 5 16.7 203.5 2
2 8 224.1 326.6 4
4 7 12.5 206.4 1
9 1 181.5 266.1 3
2 4 45.1 113.9 3
1 10 81.9 223.8 3
7 2 114.0 202.6 1
5 4 218.4 298.5 1
2 8 191.8 390.6 1
2 5 87.6 166.4 2
8 3 138.2 304.1 2
6 2 171.3 236.9 3
9 5 70.2 184.4 3
5 8 22.1 73.8 1
6 9 187.2 322.6 2
3 2 123.2 344.9 3
7 2 239.4 338.6 2
3 5 132.8 320.3 4
9 2 35.7 140.0 2
9 5 134.8 269.4 3
5 3 11.5 221.8 1
5 9 45.0 133.3 2
1 9 142.9 225.6 2
0 4 216.9 338.4 2
3 5 18.8 133.5 4
8 7 141.7 238.6 3
3 4 73.1 265.5 2
7 2 250.0 327.7 2
9 8 38.1 185.6 2
4 6 12.0 171.5 4
2 3 129.9 262.9 1
2 9 196.4 347.2 3
3 1 8.7 124.7 2
4 2 62.0 174.8 4
3 8 254.0 412.7 4
EOF
