NUM_STATIONS: 10
NUM_REQUESTS: 40
NUM_VEHICLES: 3
VEHICLE_CAPACITY: 8
DISTANCES
0 1 5.8
1 2 5.9
2 3 5.5
3 4 4.6
4 5 6.6
5 6 8.5
6 7 2.2
7 8 4.0
8 9 2.7
9 0 5.9
REQUEST_SECTION
5 3 46.3 225.2 5
6 3 257.9 355.9 2
4 5 241.3 316.3 7
3 7 238.6 374.3 7
8 3 127.0 217.2 7
2 5 101.2 276.1 8
2 8 235.0 455.6 2
4 7 120.8 396.9 7
9 1 180.6 471.9 7
2 4 31.7 153.7 4
1 10 254.3 504.5 7
7 2 242.9 425.3 5
5 4 28.0 149.4 8
2 8 201.0 271.9 3
2 5 213.1 486.7 1
8 3 203.8 443.6 1
6 2 194.1 393.1 2
9 5 183.3 292.7 8
5 8 57.4 135.9 7
6 9 213.7 278.3 6
3 2 55.4 283.1 3
7 2 134.2 297.3 2
3 5 125.6 241.6 1
9 2 203.5 347.1 8
9 5 154.4 216.9 2
5 3 174.8 468.5 6
5 9 249.1 314.3 2
1 9 257.6 534.9 1
0 4 154.0 317.0 5
3 5 65.3 192.9 5
8 7 177.5 319.0 5
3 4 45.6 296.6 5
7 2 182.2 323.7 6
9 8 203.3 456.6 8
4 6 35.7 277.6 4
2 3 94.8 245.7 3
2 9 143.8 199.1 2
3 1 70.5 234.1 3
4 2 37.9 323.5 5
3 8 253.4 319.1 6
EOF
