NUM_STATIONS: 10
NUM_REQUESTS: 80
NUM_VEHICLES: 3
VEHICLE_CAPACITY: 2
DISTANCES
0 1 7.9
1 2 8.1
2 3 2.5
3 4 7.9
4 5 2.3
5 6 7.4
6 7 8.2
7 8 1.4
8 9 7.4
9 0 3.5
REQUEST_SECTION
9 4 62.0 456.9 1
8 6 199.4 611.1 2
1 2 312.6 542.5 2
8 4 373.2 698.9 2
2 7 53.5 296.9 2
1 8 471.9 847.8 2
5 7 270.9 614.9 1
1 9 629.4 1050.1 1
1 4 329.3 462.2 2
4 6 426.1 647.6 1
0 8 467.0 571.7 2
7 6 444.6 614.5 2
7 6 155.5 544.2 1
4 10 499.7 723.0 1
8 2 445.0 736.3 2
1 4 595.9 994.5 2
2 8 714.7 918.5 2
0 3 491.1 835.0 2
8 6 208.0 308.2 1
8 1 150.7 362.1 2
9 8 48.0 376.3 1
6 3 738.8 1086.4 2
2 4 291.2 716.5 2
3 10 142.9 285.7 2
5 6 520.9 679.4 1
5 6 6.3 343.2 1
2 9 46.9 450.0 1
6 8 185.3 265.6 2
9 10 185.5 331.1 1
5 8 616.8 823.6 2
0 5 165.7 577.5 2
2 4 73.9 323.1 2
3 9 435.5 543.0 1
0 3 498.4 775.0 1
5 6 396.4 614.0 2
5 10 355.4 716.0 2
4 8 570.5 795.8 1
9 4 15.5 99.3 2
1 9 749.6 932.3 2
0 9 352.5 666.0 1
6 3 364.9 567.9 2
0 1 228.6 468.9 1
8 1 158.2 419.4 2
3 9 427.7 617.3 2
4 2 94.6 452.8 2
5 10 119.6 310.8 2
9 2 130.2 300.4 1
2 5 196.0 493.1 2
3 4 281.3 403.1 1
3 1 314.4 479.0 2
3 2 583.8 947.4 1
4 3 223.7 353.0 1
1 4 399.8 753.3 2
2 7 496.2 650.5 1
1 9 675.0 1088.7 2
0 6 430.1 815.9 2
5 2 317.6 747.1 1
8 2 303.0 383.9 1
8 4 95.0 173.7 2
2 4 466.9 609.2 2
6 8 698.3 972.6 1
2 9 696.3 1071.9 2
2 8 85.6 502.5 2
1 8 569.3 664.6 2
9 7 107.9 288.1 2
6 2 526.3 877.4 1
2 8 405.3 831.8 1
0 4 616.7 820.3 2
7 10 127.6 423.8 2
2 4 349.0 736.4 1
6 1 532.6 670.5 2
5 2 418.3 808.0 2
6 8 388.3 553.2 2
7 5 687.4 1083.5 2
8 10 587.1 948.9 1
5 2 469.6 628.9 1
9 7 104.3 293.8 1
7 6 8.8 226.1 2
4 9 461.9 686.1 1
3 10 165.6 316.0 2
EOF
