NUM_STATIONS: 10
NUM_REQUESTS: 80
NUM_VEHICLES: 3
VEHICLE_CAPACITY: 2
DISTANCES
0 1 2.4
1 2 8.8
2 3 9.2
3 4 4.4
4 5 2.3
5 6 10.0
6 7 6.1
7 8 3.9
8 9 6.9
9 0 4.1
REQUEST_SECTION
4 2 328.1 934.3 1
1 6 659.6 1173.3 2
9 8 271.1 355.7 2
7 1 627.2 892.9 2
1 5 409.4 513.8 1
5 9 152.2 287.0 1
1 5 128.6 739.8 2
5 6 159.8 390.8 2
2 8 691.9 1148.8 1
6 1 403.6 473.2 2
5 3 50.8 183.7 1
2 7 266.1 889.3 1
5 9 247.8 847.9 1
0 2 434.4 768.3 1
1 8 195.1 319.6 1
7 10 140.8 661.8 2
1 3 511.7 1137.1 2
5 3 562.5 986.0 1
2 5 181.7 615.8 2
4 8 538.2 758.1 2
2 4 86.3 175.5 1
4 2 625.0 1032.5 1
7 10 150.1 545.7 2
5 6 103.2 283.9 2
5 9 500.6 680.2 2
7 6 623.5 1262.5 2
1 5 362.7 665.3 1
1 2 331.0 671.7 1
9 1 433.0 860.9 1
3 7 690.6 776.3 2
7 2 129.2 467.1 2
1 7 541.0 911.5 1
3 8 113.0 551.0 2
1 5 378.3 636.1 2
1 8 705.9 1155.2 2
3 9 703.1 997.7 2
1 10 391.5 625.3 2
7 2 369.2 563.3 2
3 6 536.2 1124.0 1
8 7 483.7 795.2 2
1 2 356.1 744.9 1
0 7 407.7 943.5 1
0 3 670.7 816.6 1
0 4 714.8 1111.1 2
6 5 472.9 665.8 1
5 8 430.1 831.6 2
1 10 201.2 288.9 1
5 6 307.1 573.6 1
4 7 396.4 649.5 2
8 9 239.9 684.4 1
5 8 323.8 529.3 1
6 7 239.8 533.2 1
0 8 753.4 978.1 2
1 9 56.7 511.5 1
0 5 742.7 973.7 2
0 4 667.5 1117.1 1
4 9 371.5 765.4 1
3 1 385.9 619.6 1
7 2 48.6 195.8 2
5 8 450.3 653.1 2
2 10 583.6 719.7 1
7 9 433.7 685.2 2
8 5 72.7 353.4 1
5 6 659.3 1176.4 2
8 2 323.5 549.1 1
5 2 498.0 838.1 1
5 1 254.2 849.8 1
8 7 423.2 824.8 2
3 7 624.5 900.3 1
4 7 577.7 1073.0 2
6 4 637.0 987.4 2
9 7 626.8 848.4 2
9 3 684.0 1297.2 1
9 5 630.0 927.6 1
9 10 309.1 754.2 2
8 10 727.6 864.1 2
9 6 229.8 673.7 1
3 9 149.5 590.5 2
2 9 593.0 907.6 1
2 4 321.8 388.6 2
EOF
