NUM_STATIONS: 10
NUM_REQUESTS: 80
NUM_VEHICLES: 2
VEHICLE_CAPACITY: 8
DISTANCES
0 1 2.4
1 2 8.8
2 3 9.2
3 4 4.4
4 5 2.3
5 6 10.0
6 7 6.1
7 8 3.9
8 9 6.9
9 0 4.1
REQUEST_SECTION
4 2 481.3 876.1 7
1 6 334.2 863.7 4
9 8 155.8 881.3 4
7 1 442.7 726.7 4
1 5 101.6 651.3 6
5 9 521.8 1070.5 7
1 5 332.1 866.7 4
5 6 372.6 808.9 1
2 8 545.0 993.1 8
6 1 184.2 649.4 5
5 3 725.5 1235.5 8
2 7 78.4 187.2 8
5 9 757.2 1245.9 8
0 2 310.4 665.8 6
1 8 702.1 981.4 1
7 10 517.0 918.7 8
1 3 359.2 1258.3 3
5 3 329.7 1051.2 5
2 5 639.1 1549.1 7
4 8 616.6 1373.9 3
2 4 127.1 421.7 7
4 2 691.2 1551.5 1
7 10 714.1 1400.1 6
5 6 347.7 565.8 4
5 9 837.2 1726.7 5
7 6 318.1 710.9 2
1 5 677.3 833.5 4
1 2 412.5 514.9 1
9 1 474.7 767.7 8
3 7 278.6 745.7 6
7 2 604.3 1350.6 6
1 7 299.5 543.7 7
3 8 276.2 705.1 6
1 5 584.8 857.4 4
1 8 13.7 441.5 4
3 9 808.3 951.1 5
1 10 411.8 834.3 6
7 2 592.6 797.8 7
3 6 583.3 984.3 2
8 7 577.3 1233.2 2
1 2 138.1 641.2 3
0 7 380.8 725.7 7
0 3 250.3 359.3 1
0 4 571.6 703.6 2
6 5 678.5 1022.5 8
5 8 496.5 845.8 4
1 10 508.8 1158.0 6
5 6 828.7 1512.6 7
4 7 359.5 925.4 5
8 9 63.0 829.0 3
5 8 727.8 1605.5 1
6 7 802.5 979.7 4
0 8 326.2 748.5 2
1 9 232.3 760.2 5
0 5 431.4 598.5 1
0 4 689.3 1156.1 7
4 9 769.6 1163.1 2
3 1 767.0 995.1 6
7 2 815.7 1651.1 6
5 8 244.8 720.5 6
2 10 752.8 842.8 1
7 9 220.7 926.3 2
8 5 266.7 919.3 7
5 6 328.2 616.3 2
8 2 763.3 955.9 1
5 2 590.2 1021.6 6
5 1 457.9 1180.8 5
8 7 193.0 745.1 4
3 7 140.6 714.5 2
4 7 734.3 1153.6 5
6 4 341.3 1167.7 8
9 7 120.7 805.8 4
9 3 718.7 1429.4 8
9 5 371.7 456.9 1
9 10 718.0 1257.8 2
8 10 675.5 914.6 8
9 6 109.1 751.1 2
3 9 697.8 1329.5 5
2 9 192.7 1096.2 1
2 4 321.0 1134.5 4
EOF
