NUM_STATIONS: 10
NUM_REQUESTS: 40
NUM_VEHICLES: 1
VEHICLE_CAPACITY: 4
DISTANCES
0 1 5.8
1 2 5.9
2 3 5.5
3 4 4.6
4 5 6.6
5 6 8.5
6 7 2.2
7 8 4.0
8 9 2.7
9 0 5.9
REQUEST_SECTION
5 3 494.9 658.2 4
6 3 309.1 796.2 3
4 5 316.8 734.7 3
3 7 400.2 656.3 2
8 3 664.3 908.3 4
2 5 419.6 593.2 4
2 8 682.8 743.5 2
4 7 444.0 555.8 4
9 1 698.2 995.0 1
2 4 146.4 698.6 4
1 10 458.9 675.9 4
7 2 797.6 1221.1 1
5 4 866.4 1165.1 1
2 8 438.7 970.9 2
2 5 58.2 222.5 1
8 3 213.1 283.6 4
6 2 18.8 372.9 3
9 5 60.1 359.2 1
5 8 114.8 577.8 3
6 9 723.9 1030.9 1
3 2 966.0 1340.2 2
7 2 613.8 1107.4 2
3 5 212.4 426.4 4
9 2 335.5 563.5 1
9 5 489.7 568.3 2
5 3 330.8 493.5 2
5 9 842.0 1163.4 2
1 9 310.9 617.1 2
0 4 147.6 501.3 2
3 5 386.9 587.4 3
8 7 322.2 685.0 3
3 4 185.3 239.4 1
7 2 675.1 959.2 2
9 8 1015.3 1412.0 2
4 6 115.1 546.8 2
2 3 144.4 284.1 1
2 9 649.3 839.1 1
3 1 849.1 1271.2 2
4 2 971.4 1174.7 4
3 8 430.1 608.0 2
EOF
