NUM_STATIONS: 10
NUM_REQUESTS: 20
NUM_VEHICLES: 1
VEHICLE_CAPACITY: 2
DISTANCES
0 1 8.9
1 2 4.6
2 3 7.4
3 4 8.4
4 5 9.1
5 6 4.1
6 7 8.9
7 8 3.5
8 9 7.1
9 0 5.5
REQUEST_SECTION
2 3 419.6 686.3 1
4 1 200.2 465.6 1
1 10 313.7 687.9 1
5 4 411.3 593.7 2
6 5 213.3 485.5 1
0 8 112.3 340.3 2
2 9 115.4 253.4 1
9 1 162.7 476.4 2
2 3 374.4 753.8 2
5 9 442.3 683.3 2
6 4 408.6 691.3 1
5 1 249.2 587.2 1
8 4 428.9 501.3 2
8 1 489.4 741.1 1
9 2 432.9 703.7 2
5 8 328.6 679.8 1
3 5 201.5 444.7 1
8 1 343.5 479.6 2
4 9 273.1 553.5 1
6 4 304.1 402.1 2
EOF
