NUM_STATIONS: 10
NUM_REQUESTS: 40
NUM_VEHICLES: 3
VEHICLE_CAPACITY: 8
DISTANCES
0 1 3.4
1 2 6.2
2 3 7.9
3 4 7.1
4 5 5.2
5 6 1.5
6 7 5.2
7 8 1.2
8 9 5.0
9 0 2.1
REQUEST_SECTION
3 7 45.6 193.8 8
4 5 17.1 127.5 5
4 5 53.8 165.3 7
2 9 209.1 401.6 2
4 6 166.6 319.3 6
2 7 120.3 185.9 4
2 4 183.6 248.1 6
5 6 7.8 108.4 4
4 1 8.1 163.2 4
0 7 102.7 158.9 2
6 3 79.4 146.2 5
0 2 35.0 187.8 5
9 3 133.7 198.5 2
7 6 9.0 110.1 7
7 5 123.7 207.1 1
3 7 184.8 344.7 8
4 2 13.7 87.6 5
0 9 143.6 272.9 1
2 3 134.9 323.1 4
2 9 17.5 106.1 5
0 4 160.9 328.6 8
2 10 218.8 393.5 3
2 6 141.6 257.0 3
8 4 33.8 212.2 2
3 7 79.8 188.7 5
0 1 195.0 362.5 1
7 1 207.7 319.3 1
8 4 150.1 246.2 3
0 3 211.6 286.6 3
9 7 121.1 206.3 8
0 4 169.8 345.9 5
7 2 121.0 280.7 8
8 6 69.4 190.6 1
4 10 200.3 301.8 1
9 6 32.8 103.3 7
1 5 55.4 193.1 5
4 2 75.5 214.7 2
3 5 177.1 330.4 6
9 7 95.8 261.9 1
5 7 183.2 328.2 7
EOF
