NUM_STATIONS: 10
NUM_REQUESTS: 160
NUM_VEHICLES: 3
VEHICLE_CAPACITY: 4
DISTANCES
0 1 7.9
1 2 8.7
2 3 5.6
3 4 8.4
4 5 6.3
5 6 1.2
6 7 4.8
7 8 8.8
8 9 1.4
9 0 2.6
REQUEST_SECTION
0 1 73.0 1037.6 1
7 1 532.4 822.6 1
6 4 1098.0 2101.8 1
1 3 956.0 1018.3 3
3 4 684.0 1245.8 2
6 5 1093.7 1854.8 1
7 4 382.3 1133.2 2
2 1 926.7 1774.5 4
6 2 122.2 924.6 4
1 2 688.8 1509.9 3
1 6 937.2 1550.3 2
5 4 54.9 830.0 3
4 2 172.3 391.7 3
8 6 971.2 1378.2 4
6 7 518.4 654.2 3
7 1 92.6 205.1 1
6 5 173.8 537.5 1
0 8 810.8 956.0 4
9 7 1081.8 1972.9 4
7 3 750.6 1684.4 1
5 6 316.1 690.9 3
1 10 320.2 736.2 2
9 4 446.7 730.5 2
0 1 450.7 853.5 1
3 5 616.1 1781.0 4
8 7 563.4 1677.0 3
3 8 815.2 1355.5 4
0 1 562.4 915.7 4
7 2 33.6 302.4 1
4 6 60.2 1049.4 3
1 9 714.2 1278.4 4
1 7 862.0 1713.6 2
7 10 185.5 948.7 1
4 6 345.1 1378.3 3
7 5 450.1 1196.7 3
8 1 703.6 1844.1 4
2 8 282.4 1106.7 2
3 10 521.3 1274.9 2
7 8 1016.4 1687.7 1
7 10 329.4 496.3 2
3 7 6.3 702.7 1
9 10 870.0 1592.0 1
5 2 910.9 1772.2 1
7 1 90.8 1238.0 3
1 10 298.4 627.2 2
9 10 1025.7 1270.9 1
3 4 894.5 1657.0 4
9 10 922.5 1037.6 4
5 6 943.3 1994.4 2
1 4 521.0 711.2 3
1 3 1087.0 1855.6 4
8 2 498.7 1294.4 3
2 7 521.1 666.3 4
8 1 584.1 1518.0 2
3 6 431.8 915.6 3
6 7 673.1 761.0 2
4 9 956.1 1557.0 1
3 5 504.1 1513.1 1
5 6 757.8 1783.5 4
9 5 569.9 1559.1 3
4 10 1061.5 1455.0 4
0 4 821.7 1726.4 1
9 10 949.8 1173.5 1
1 7 958.9 1543.7 2
8 6 252.4 542.0 2
2 8 1087.3 1964.4 2
5 1 175.1 947.5 2
9 1 968.9 1991.5 2
8 4 169.5 259.6 2
6 4 1101.9 1671.6 2
3 5 133.1 270.4 2
7 1 512.5 1636.4 3
0 7 870.4 2012.1 4
5 9 68.0 514.9 2
1 9 759.7 859.8 4
4 1 621.1 1571.5 4
9 3 502.6 1133.1 2
8 5 337.7 915.8 3
6 10 526.7 813.2 4
7 1 576.4 957.0 4
3 10 688.9 1747.1 4
6 8 156.1 276.9 3
5 8 225.4 415.7 1
9 8 752.7 1364.3 2
7 4 907.1 1263.7 1
0 4 1031.2 1872.5 4
2 9 202.3 981.3 1
0 7 27.1 812.4 2
0 4 810.3 1338.4 1
1 6 755.6 945.2 2
0 6 1077.0 1188.1 4
0 5 15.0 898.2 1
7 1 457.8 725.4 4
1 3 1055.1 1726.9 2
3 8 142.2 934.9 2
7 2 529.5 1390.3 4
6 2 684.9 1223.5 3
8 9 889.3 1862.4 2
0 3 162.0 461.9 4
2 7 752.8 1229.7 4
6 1 269.1 1085.7 2
8 9 1035.2 2187.4 1
6 4 477.4 1421.8 4
0 4 546.3 1481.5 4
7 3 1036.4 1522.5 2
6 4 1010.0 1739.4 1
3 8 511.7 985.3 3
9 7 785.9 1321.3 4
3 1 848.0 1783.2 4
2 8 589.8 1405.7 4
3 2 70.0 155.8 3
1 10 493.0 1543.7 1
8 5 100.4 644.5 2
1 8 354.0 606.4 4
1 10 893.7 1775.7 1
8 10 791.9 1106.2 2
6 8 562.0 963.7 1
3 6 140.1 384.9 3
8 9 552.8 1567.5 1
2 7 90.6 1194.6 1
0 7 1007.9 1695.5 3
6 2 980.5 1762.6 2
3 1 965.4 1184.6 4
5 8 545.3 1209.9 1
4 6 793.1 1887.8 2
5 3 492.8 1586.3 4
6 1 339.5 924.0 1
2 9 176.7 1161.9 3
1 10 222.9 1056.2 4
0 5 667.4 1468.6 2
1 5 856.9 1076.3 4
7 6 727.9 1556.9 2
1 6 1062.2 1508.6 1
5 10 193.0 850.2 1
4 10 893.4 1881.3 3
7 8 58.8 776.1 4
5 7 497.7 1475.9 2
5 8 294.1 925.4 3
3 8 752.5 977.8 2
6 8 282.7 1092.3 2
7 1 840.6 1336.8 4
9 6 678.4 1604.3 2
1 10 736.8 1717.7 4
1 5 439.5 1034.6 4
1 9 424.9 649.6 1
4 6 80.7 424.2 2
7 6 473.2 1142.8 3
6 9 453.2 846.5 1
7 2 245.5 476.0 1
5 7 289.7 1212.4 2
7 10 606.0 1085.2 1
3 8 770.0 980.6 4
1 3 706.4 969.8 3
2 8 284.2 1296.9 1
4 2 172.7 1158.9 4
5 8 1022.5 1427.5 3
4 2 737.3 915.5 1
4 2 538.6 725.6 1
9 8 803.9 1502.2 4
0 9 1060.7 1881.6 3
EOF
