NUM_STATIONS: 10
NUM_REQUESTS: 40
NUM_VEHICLES: 2
VEHICLE_CAPACITY: 8
DISTANCES
0 1 3.4
1 2 6.2
2 3 7.9
3 4 7.1
4 5 5.2
5 6 1.5
6 7 5.2
7 8 1.2
8 9 5.0
9 0 2.1
REQUEST_SECTION
3 7 137.1 378.4 3
4 5 339.0 487.6 2
4 5 186.2 351.0 2
2 9 78.0 342.5 8
4 6 331.4 461.3 4
2 7 369.0 543.3 6
2 4 8.2 100.0 8
5 6 343.1 435.0 7
4 1 221.5 362.8 6
0 7 377.4 571.8 2
6 3 146.7 299.2 6
0 2 235.8 433.3 2
9 3 180.3 446.0 1
7 6 256.1 429.0 1
7 5 219.8 473.3 8
3 7 289.2 557.4 6
4 2 61.6 243.3 1
0 9 259.1 488.2 2
2 3 85.6 278.4 2
2 9 180.0 365.4 7
0 4 173.6 429.4 3
2 10 368.4 616.2 4
2 6 396.0 566.6 7
8 4 134.7 286.5 5
3 7 71.6 294.8 8
0 1 163.1 238.2 5
7 1 76.7 174.8 7
8 4 156.1 218.8 6
0 3 90.1 333.4 2
9 7 85.4 164.5 4
0 4 122.0 286.9 3
7 2 199.1 336.0 2
8 6 247.4 330.8 6
4 10 80.5 140.4 4
9 6 292.5 496.0 3
1 5 403.7 523.5 6
4 2 100.9 331.1 1
3 5 79.9 169.7 3
9 7 339.2 428.0 3
5 7 41.1 234.8 3
EOF
