NUM_STATIONS: 10
NUM_REQUESTS: 20
NUM_VEHICLES: 3
VEHICLE_CAPACITY: 2
DISTANCES
0 1 10.0
1 2 3.1
2 3 7.4
3 4 2.1
4 5 5.5
5 6 6.0
6 7 3.5
7 8 7.1
8 9 7.6
9 0 5.4
REQUEST_SECTION
4 9 90.1 201.4 1
8 3 110.5 243.9 2
4 3 3.8 65.8 1
5 2 107.2 254.6 2
7 5 107.8 237.6 1
3 6 134.3 199.2 1
9 4 77.9 223.2 2
5 4 80.9 159.9 2
7 6 23.5 93.4 2
5 4 143.0 286.5 1
6 8 70.9 142.1 2
3 1 30.5 174.6 1
3 10 15.2 142.9 1
8 9 131.9 201.5 2
8 3 90.7 211.4 2
3 2 30.7 156.0 2
0 3 5.3 131.3 1
1 3 76.9 222.6 1
7 5 37.4 161.5 2
8 7 29.2 164.6 1
EOF
