NUM_STATIONS: 10
NUM_REQUESTS: 160
NUM_VEHICLES: 2
VEHICLE_CAPACITY: 2
DISTANCES
0 1 3.6
1 2 7.3
2 3 7.4
3 4 1.6
4 5 9.1
5 6 1.1
6 7 5.1
7 8 5.3
8 9 9.0
9 0 2.6
REQUEST_SECTION
0 6 316.3 579.5 1
6 7 1061.0 1141.9 2
7 6 638.4 1254.7 1
0 1 1728.7 3201.9 1
4 3 1285.4 2880.8 2
6 10 1848.2 2182.9 1
5 2 1561.8 2949.4 2
1 3 227.4 540.9 1
0 6 786.8 1592.3 2
6 1 1717.8 2991.2 1
4 5 1343.8 1886.8 1
6 2 1275.7 1341.7 2
3 4 1671.8 2345.1 1
3 4 863.2 1395.3 2
7 9 434.2 524.8 1
9 3 1490.3 2512.5 1
9 7 692.3 1339.4 2
4 8 1565.1 2220.5 1
3 7 1862.6 2997.9 2
2 3 314.5 760.8 1
0 7 1741.8 3296.0 2
1 5 1893.5 3204.8 2
8 2 561.8 1800.8 1
5 3 124.3 302.9 1
5 9 81.9 396.7 1
1 6 127.2 453.4 2
1 6 137.4 739.5 2
4 2 322.8 1425.4 1
5 3 288.5 1606.2 2
4 7 1524.9 1930.1 1
6 5 624.0 2007.3 1
3 7 59.9 222.6 1
5 3 1001.4 1549.0 1
4 9 265.4 1415.6 1
2 6 1139.4 1297.2 2
8 4 1214.1 2120.3 2
0 3 846.4 1336.2 1
8 9 1379.2 2846.3 2
9 5 709.7 886.6 1
5 7 1179.9 2662.9 2
1 5 436.5 1359.5 2
6 8 1120.4 2505.7 1
3 8 1446.9 2527.8 1
8 5 553.7 1429.1 1
3 10 452.3 553.8 1
8 7 1056.6 1209.4 2
9 4 1532.2 2104.7 1
6 2 626.8 2031.0 2
9 7 2075.1 2129.1 2
0 8 1510.1 3093.9 2
3 9 1007.6 1212.9 2
7 10 1138.5 2374.1 1
7 3 1407.5 1724.6 2
4 1 1533.3 3101.2 1
1 3 1554.8 2730.7 1
4 9 382.7 799.1 1
6 7 885.2 1374.7 1
3 9 1236.7 1319.9 1
1 5 263.4 1358.1 2
9 7 1848.6 3463.2 1
4 8 38.0 668.3 2
7 10 196.0 271.5 2
2 9 388.2 1535.8 2
8 1 212.1 1075.1 1
1 7 1151.0 2219.9 2
8 5 302.7 1346.7 2
7 3 1457.4 1580.8 1
3 5 1045.7 2284.8 2
0 5 548.4 607.9 1
9 4 512.2 1961.2 2
5 8 97.8 496.2 1
9 8 1059.7 1923.1 2
6 9 1050.6 1305.8 2
8 1 217.3 748.2 2
6 7 1576.3 2364.0 1
6 1 2061.7 2760.4 1
3 5 1690.5 2172.0 2
4 7 791.6 1902.6 2
6 3 237.1 1591.0 1
4 5 84.4 866.4 2
0 1 236.9 1272.0 1
8 5 1121.9 1945.6 2
3 4 2021.8 3376.8 2
2 6 1959.3 2533.3 2
9 4 162.4 715.8 2
6 8 1765.5 3347.6 1
6 2 1246.2 2555.3 1
7 2 330.1 618.2 1
1 8 1143.8 1281.5 1
9 5 1005.3 2208.7 2
6 2 1553.1 2886.6 2
1 5 1203.6 1267.5 1
5 4 278.7 892.9 2
8 10 1620.9 1750.1 1
3 6 1575.9 2041.7 2
5 2 1577.6 1697.5 1
6 3 1929.0 2705.7 1
4 6 1193.1 2477.9 2
5 7 1776.2 1875.6 2
2 3 786.2 1105.0 2
4 9 640.3 1952.6 2
4 1 1489.3 2997.8 1
5 6 1086.1 1646.4 2
5 10 1651.5 2364.0 1
8 9 1963.5 2263.3 1
3 5 1381.5 2594.2 2
3 8 86.1 316.1 1
7 8 1441.6 2941.1 1
4 8 1714.8 2379.3 1
1 6 480.8 1391.1 1
3 9 261.5 616.6 1
0 8 1909.1 2734.4 1
0 5 1046.9 2410.1 1
1 8 943.6 1233.2 1
3 6 1429.6 2856.0 2
7 1 771.7 2176.8 2
7 1 869.6 1395.9 1
4 1 1172.9 2579.0 2
1 2 1518.9 2057.7 1
8 5 182.9 1057.8 2
6 4 714.7 1864.0 2
3 6 237.5 545.5 1
2 8 792.3 1501.5 1
6 1 826.0 1200.3 1
6 10 2043.8 2557.1 1
0 2 461.7 2060.2 1
0 1 58.1 844.6 1
3 9 452.3 2015.2 1
2 8 1362.8 2335.4 1
4 5 1911.7 2954.2 2
1 5 1233.9 1690.5 2
4 2 1044.3 2525.2 2
1 3 326.0 1661.3 1
1 3 1325.1 1846.8 2
6 1 1898.0 3421.4 1
8 9 1603.6 2538.7 2
7 6 1463.7 1666.0 1
1 7 1758.0 2202.2 2
6 1 558.1 1316.9 1
4 6 1654.7 2974.9 2
3 9 2081.1 2367.4 2
2 9 1582.4 2557.3 1
6 9 90.2 1075.4 2
2 4 828.3 1679.1 2
9 6 963.9 2128.1 1
1 6 473.1 1584.7 2
3 2 983.3 2165.2 1
4 1 797.9 1981.5 1
8 9 1164.3 2015.6 2
4 3 1474.8 1782.6 1
7 5 1119.1 1236.9 2
3 5 1203.2 2108.8 2
6 7 500.6 1994.1 2
9 5 783.3 1859.5 1
6 5 2085.6 3050.0 1
3 8 17.4 997.9 2
4 9 1138.9 1493.7 1
4 10 790.3 2385.2 2
6 8 1115.7 2321.8 2
3 1 450.5 646.6 1
EOF
