NUM_STATIONS: 10
NUM_REQUESTS: 40
NUM_VEHICLES: 3
VEHICLE_CAPACITY: 8
DISTANCES
0 1 5.8
1 2 5.9
2 3 5.5
3 4 4.6
4 5 6.6
5 6 8.5
6 7 2.2
7 8 4.0
8 9 2.7
9 0 5.9
REQUEST_SECTION
5 3 219.5 300.9 5
6 3 145.0 247.3 2
4 5 193.7 394.2 7
3 7 47.1 184.5 7
8 3 194.9 389.5 7
2 5 199.6 475.1 8
2 8 142.3 332.2 2
4 7 149.1 408.3 7
9 1 149.4 204.0 7
2 4 99.4 326.2 4
1 10 203.0 486.3 7
7 2 175.5 380.9 5
5 4 166.2 250.9 8
2 8 188.1 473.6 3
2 5 157.9 464.0 1
8 3 39.7 166.9 1
6 2 158.4 248.4 2
9 5 50.1 247.3 8
5 8 272.9 333.3 7
6 9 309.2 596.0 6
3 2 154.8 318.9 3
7 2 56.3 351.1 2
3 5 56.3 108.6 1
9 2 328.3 442.2 8
9 5 285.7 490.2 2
5 3 197.4 446.5 6
5 9 159.8 215.4 2
1 9 173.6 438.5 1
0 4 121.9 230.2 5
3 5 338.5 642.6 5
8 7 189.3 352.2 5
3 4 240.3 434.7 5
7 2 124.2 251.6 6
9 8 171.7 263.8 8
4 6 3.3 192.3 4
2 3 183.7 463.2 3
2 9 34.9 130.6 2
3 1 245.6 437.4 3
4 2 21.1 290.3 5
3 8 314.6 544.3 6
EOF
