NUM_STATIONS: 10
NUM_REQUESTS: 40
NUM_VEHICLES: 3
VEHICLE_CAPACITY: 4
DISTANCES
0 1 4.3
1 2 4.7
2 3 7.7
3 4 5.3
4 5 3.2
5 6 1.5
6 7 9.1
7 8 3.7
8 9 3.4
9 0 3.5
REQUEST_SECTION
2 7 56.9 166.2 1
8 10 26.7 166.0 2
4 9 32.9 206.0 2
1 7 114.7 164.7 3
9 5 161.5 361.5 1
8 6 55.1 233.2 3
2 6 179.5 276.1 2
6 5 86.9 192.7 2
4 9 9.4 72.2 3
6 9 211.8 332.3 1
1 5 57.0 145.0 1
3 8 156.5 286.5 2
9 10 17.9 152.3 4
4 5 172.2 280.2 1
5 6 269.3 428.5 4
3 9 11.1 189.1 3
5 7 165.6 301.0 4
0 5 75.6 145.7 1
5 10 98.8 254.3 4
0 2 221.6 305.4 2
0 4 95.3 250.0 4
1 7 212.1 406.4 1
0 3 261.3 375.8 2
9 3 89.7 145.3 3
3 6 184.3 312.0 4
9 7 128.3 227.1 2
4 7 124.6 226.5 1
2 5 180.4 310.3 4
2 5 176.4 361.7 3
0 4 249.9 366.1 1
0 9 231.0 375.4 3
7 1 246.8 433.2 4
7 2 20.1 190.7 4
1 9 135.6 330.7 2
2 7 212.6 317.6 3
9 8 291.3 351.3 3
7 6 126.4 307.9 3
4 2 177.3 315.2 2
1 6 152.7 270.9 3
4 1 116.6 175.8 4
EOF
