NUM_STATIONS: 10
NUM_REQUESTS: 40
NUM_VEHICLES: 2
VEHICLE_CAPACITY: 1
DISTANCES
0 1 5.5
1 2 7.8
2 3 7.1
3 4 4.8
4 5 4.5
5 6 3.9
6 7 2.7
7 8 6.4
8 9 8.5
9 0 7.6
REQUEST_SECTION
8 7 336.1 631.6 1
8 6 495.3 662.2 1
7 5 477.3 581.3 1
5 10 245.6 404.2 1
6 9 129.7 413.7 1
3 4 396.0 589.6 1
4 2 366.2 711.0 1
5 3 400.2 721.2 1
5 10 536.2 722.3 1
2 9 578.6 913.9 1
2 8 512.4 645.9 1
0 7 221.0 390.9 1
4 5 164.7 317.6 1
3 9 29.3 252.9 1
5 7 400.8 631.1 1
8 4 497.1 663.3 1
9 8 445.4 687.4 1
2 10 418.2 605.7 1
4 7 384.0 514.3 1
4 10 10.9 312.7 1
7 2 129.6 301.3 1
3 5 545.1 756.6 1
1 9 320.2 427.0 1
9 8 273.7 594.1 1
5 1 409.4 546.3 1
5 3 232.3 479.7 1
5 8 42.4 257.1 1
5 6 373.7 495.1 1
0 1 150.8 493.8 1
5 2 189.4 313.9 1
5 3 486.9 549.1 1
1 10 100.2 447.4 1
2 4 573.7 711.4 1
8 3 194.4 421.8 1
5 7 207.6 439.0 1
1 10 211.1 434.7 1
5 1 45.0 300.3 1
2 6 276.1 584.0 1
7 5 166.1 238.9 1
8 7 430.3 701.3 1
EOF
