NUM_STATIONS: 10
NUM_REQUESTS: 160
NUM_VEHICLES: 3
VEHICLE_CAPACITY: 8
DISTANCES
0 1 7.9
1 2 8.7
2 3 5.6
3 4 8.4
4 5 6.3
5 6 1.2
6 7 4.8
7 8 8.8
8 9 1.4
9 0 2.6
REQUEST_SECTION
0 1 116.3 270.6 3
7 1 288.7 978.6 7
6 4 426.0 798.0 5
1 3 266.7 655.2 8
3 4 634.0 1076.6 1
6 5 742.6 961.5 3
7 4 396.0 804.5 2
2 1 592.8 1164.3 1
6 2 1428.8 1580.2 1
1 2 1384.8 1790.1 4
1 6 1371.3 1521.5 6
5 4 51.2 581.5 5
4 2 1022.6 1768.8 2
8 6 904.7 1069.2 5
6 7 1412.5 1727.6 6
7 1 51.7 770.4 8
6 5 597.5 1135.4 7
0 8 14.6 686.2 8
9 7 813.6 1406.5 5
7 3 187.2 880.9 5
5 6 216.8 568.5 8
1 10 132.5 782.5 3
9 4 645.1 989.3 5
0 1 1467.2 1676.7 8
3 5 1175.9 1919.0 1
8 7 763.8 1062.5 2
3 8 1482.8 1990.2 4
0 1 820.8 1596.6 2
7 2 1109.6 1531.6 1
4 6 41.4 524.1 6
1 9 836.8 1605.9 8
1 7 645.0 896.0 5
7 10 1171.6 1514.1 6
4 6 1394.9 1553.3 6
7 5 1166.7 1337.3 6
8 1 707.7 1237.7 1
2 8 27.0 110.5 8
3 10 1088.6 1296.0 3
7 8 252.7 660.4 8
7 10 637.7 732.5 5
3 7 1404.2 2041.7 4
9 10 1205.8 1511.3 1
5 2 1068.7 1748.0 6
7 1 1114.4 1516.2 8
1 10 1028.9 1263.6 1
9 10 530.4 1242.9 4
3 4 1038.1 1468.4 7
9 10 786.0 889.3 2
5 6 490.8 780.4 8
1 4 472.6 543.2 1
1 3 793.3 1121.9 8
8 2 802.5 938.2 6
2 7 493.3 1160.2 8
8 1 780.2 1131.5 6
3 6 1231.9 1968.9 4
6 7 619.3 974.6 3
4 9 232.1 846.3 8
3 5 1377.8 1759.9 4
5 6 760.5 1407.9 5
9 5 1415.6 1769.9 2
4 10 1417.9 1574.9 1
0 4 1421.6 1657.5 3
9 10 152.5 947.2 2
1 7 784.2 1524.2 1
8 6 597.3 1070.7 3
2 8 24.2 168.2 5
5 1 162.6 711.5 1
9 1 978.5 1400.5 1
8 4 976.0 1251.2 7
6 4 137.8 752.4 7
3 5 812.9 1284.8 7
7 1 1001.7 1307.9 4
0 7 653.4 736.2 5
5 9 736.0 1523.0 5
1 9 864.8 1002.3 6
4 1 768.7 1535.8 3
9 3 360.1 637.6 7
8 5 1068.5 1291.2 5
6 10 448.1 579.8 7
7 1 995.6 1322.8 6
3 10 979.1 1341.0 6
6 8 643.4 1060.3 6
5 8 904.5 963.0 1
9 8 302.9 1047.9 4
7 4 1253.4 1423.1 3
0 4 881.2 970.3 1
2 9 358.7 1084.0 1
0 7 1421.1 2100.1 4
0 4 136.4 934.1 1
1 6 1011.8 1606.5 8
0 6 1363.2 1469.1 2
0 5 1236.0 1454.1 5
7 1 814.6 872.6 2
1 3 99.8 758.2 6
3 8 896.6 1066.1 7
7 2 336.4 1012.4 2
6 2 56.5 337.9 8
8 9 741.7 1227.5 6
0 3 1352.0 1409.5 6
2 7 861.3 1252.2 2
6 1 36.0 277.5 5
8 9 1062.1 1459.3 7
6 4 907.2 1033.5 8
0 4 74.2 723.9 6
7 3 1025.0 1197.0 4
6 4 268.4 935.8 7
3 8 426.1 937.0 7
9 7 468.4 656.3 3
3 1 214.8 777.1 2
2 8 1419.2 1764.0 8
3 2 144.5 296.8 7
1 10 741.4 1297.4 3
8 5 1125.0 1799.9 8
1 8 1005.8 1255.2 8
1 10 999.1 1746.8 8
8 10 328.1 390.2 6
6 8 909.6 1407.9 2
3 6 1007.4 1498.8 4
8 9 199.4 962.5 3
2 7 1147.7 1215.2 5
0 7 137.3 329.5 5
6 2 330.3 1013.1 7
3 1 356.8 669.0 3
5 8 621.3 1222.4 1
4 6 869.7 1611.3 5
5 3 1290.9 1904.9 6
6 1 970.9 1525.7 6
2 9 1219.9 1373.0 1
1 10 469.0 1084.4 5
0 5 1425.9 2077.0 7
1 5 500.7 1090.5 5
7 6 881.7 1273.2 3
1 6 448.8 769.2 3
5 10 347.3 716.4 3
4 10 108.9 862.9 1
7 8 1445.2 1643.2 4
5 7 652.9 1385.3 3
5 8 839.3 1460.4 1
3 8 161.7 604.6 7
6 8 924.4 1494.1 2
7 1 1048.6 1454.4 2
9 6 1225.6 1354.0 4
1 10 1372.3 1482.7 5
1 5 827.6 1154.2 1
1 9 734.0 1511.6 6
4 6 1295.7 2002.9 7
7 6 186.4 947.1 5
6 9 289.1 745.6 4
7 2 103.4 793.9 5
5 7 987.4 1316.8 7
7 10 698.6 888.9 1
3 8 788.6 1539.8 6
1 3 225.9 522.5 4
2 8 740.8 1504.7 1
4 2 8.0 103.1 8
5 8 654.1 1276.3 8
4 2 924.4 1148.7 1
4 2 551.8 632.9 4
9 8 506.0 774.8 1
0 9 152.4 532.5 5
EOF
