NUM_STATIONS: 10
NUM_REQUESTS: 80
NUM_VEHICLES: 2
VEHICLE_CAPACITY: 2
DISTANCES
0 1 2.4
1 2 8.8
2 3 9.2
3 4 4.4
4 5 2.3
5 6 10.0
6 7 6.1
7 8 3.9
8 9 6.9
9 0 4.1
REQUEST_SECTION
4 2 1119.2 1987.8 1
1 6 809.6 1720.5 2
9 8 150.7 1040.4 2
7 1 389.4 495.1 2
1 5 624.5 1518.4 1
5 9 247.2 329.0 1
1 5 1107.4 1394.9 1
5 6 1.2 488.2 2
2 8 291.5 1001.1 2
6 1 51.7 958.3 1
5 3 798.7 1435.1 1
2 7 46.8 545.7 2
5 9 317.3 479.6 2
0 2 840.6 1081.6 2
1 8 209.6 710.7 2
7 10 818.7 1218.9 1
1 3 653.2 1285.4 2
5 3 151.4 385.7 2
2 5 818.0 881.3 2
4 8 359.0 746.1 1
2 4 1064.8 1602.4 2
4 2 1117.0 1269.7 2
7 10 73.6 898.4 1
5 6 298.8 840.7 2
5 9 172.5 281.7 2
7 6 346.1 437.5 2
1 5 981.3 1603.2 1
1 2 209.7 664.9 1
9 1 454.9 1058.6 1
3 7 378.9 1247.3 2
7 2 891.3 1417.7 1
1 7 243.8 508.9 1
3 8 600.9 1171.9 2
1 5 184.9 287.2 2
1 8 209.6 287.4 1
3 9 429.8 926.7 1
1 10 803.5 1324.4 2
7 2 930.0 1106.4 2
3 6 785.1 1698.3 1
8 7 113.5 817.0 2
1 2 56.6 337.1 2
0 7 255.0 427.5 1
0 3 952.2 1424.3 1
0 4 1034.6 1430.6 1
6 5 575.5 965.3 1
5 8 659.5 1222.8 2
1 10 24.5 231.1 1
5 6 78.6 597.3 2
4 7 731.8 1280.8 2
8 9 582.3 1180.6 1
5 8 607.9 985.8 1
6 7 787.3 1023.2 2
0 8 928.1 1288.3 2
1 9 748.8 1346.6 1
0 5 589.6 1220.7 1
0 4 585.0 955.5 1
4 9 313.2 923.7 2
3 1 195.5 625.1 1
7 2 394.7 639.6 2
5 8 253.2 661.4 2
2 10 621.5 1362.2 2
7 9 582.0 857.2 1
8 5 1082.3 1752.6 2
5 6 753.9 1163.5 1
8 2 852.1 1200.3 2
5 2 179.4 376.9 1
5 1 260.5 1023.2 2
8 7 199.3 1049.2 2
3 7 235.8 598.2 1
4 7 799.7 1053.0 2
6 4 942.7 1354.3 1
9 7 272.2 658.5 1
9 3 185.0 588.8 1
9 5 912.1 1190.2 2
9 10 773.5 1126.5 1
8 10 1159.1 1438.2 1
9 6 571.6 749.4 2
3 9 536.2 753.5 2
2 9 12.9 795.5 2
2 4 119.5 751.3 1
EOF
