NUM_STATIONS: 10
NUM_REQUESTS: 160
NUM_VEHICLES: 2
VEHICLE_CAPACITY: 2
DISTANCES
0 1 3.3
1 2 8.6
2 3 9.8
3 4 4.8
4 5 3.7
5 6 5.0
6 7 1.8
7 8 2.0
8 9 1.3
9 0 2.7
REQUEST_SECTION
9 3 450.0 1136.5 2
8 4 1183.1 1526.1 2
4 8 310.7 1206.5 1
6 3 764.8 1424.1 2
8 2 644.9 691.9 1
7 2 428.8 1184.6 2
8 1 201.9 1074.4 2
6 4 1001.4 1285.8 2
7 2 368.8 902.5 2
2 6 389.3 691.1 2
3 7 13.7 677.3 2
8 4 1113.3 1767.1 1
0 8 986.3 1067.4 1
8 10 725.1 879.7 1
8 2 46.3 488.9 2
4 2 578.3 904.7 1
3 5 55.3 954.0 2
5 7 797.7 1391.8 1
3 7 915.7 1556.6 1
7 4 688.4 867.7 2
6 7 769.5 1096.0 2
3 7 469.6 625.0 2
5 2 736.3 934.6 1
4 7 1161.8 1820.6 1
3 5 201.6 314.8 1
1 3 465.6 1259.2 1
9 10 302.1 522.4 2
3 6 389.7 712.7 1
3 7 135.1 620.6 1
7 10 328.1 1062.5 2
8 9 13.4 185.0 1
3 9 241.3 922.0 1
4 7 149.5 749.8 2
4 6 348.2 1127.9 2
6 10 1190.5 1898.1 1
1 3 295.3 792.4 1
8 7 48.4 906.6 1
8 10 369.5 969.4 2
2 1 656.9 929.2 2
5 1 402.1 1239.0 2
2 4 836.0 1251.9 2
5 10 560.2 1067.0 2
8 6 225.6 647.4 1
5 2 299.0 888.6 1
6 2 508.5 1296.0 2
5 4 903.7 1557.4 1
0 9 705.9 857.0 2
3 4 1053.0 1379.6 1
0 2 834.5 1144.1 2
9 7 652.1 960.7 2
8 3 778.1 955.4 1
1 4 908.4 1132.7 2
3 1 844.2 1479.9 1
2 7 911.4 1193.8 2
3 10 1180.3 2062.3 1
2 4 588.1 1073.4 1
5 8 905.4 1522.1 2
8 1 46.7 928.0 2
2 3 1159.7 1469.8 1
6 8 349.6 619.4 2
8 10 813.0 1256.2 2
6 8 487.0 663.8 1
2 6 477.0 1234.9 2
6 7 1278.3 1417.3 2
7 2 358.6 1186.3 2
0 7 1204.7 1582.0 2
3 5 337.9 718.2 1
4 5 823.4 1425.7 1
5 2 1217.7 1624.8 1
5 4 874.0 1422.8 2
5 3 1127.7 1739.9 2
3 10 196.3 251.8 1
6 7 640.9 760.2 2
2 9 107.6 703.3 1
1 8 599.2 1293.8 2
0 1 794.7 909.3 1
2 9 189.3 798.9 2
9 5 807.6 1548.2 1
6 5 662.7 1347.5 1
3 7 850.0 1075.7 1
7 1 735.3 1297.8 1
3 2 19.1 884.9 2
2 7 742.2 1250.7 2
1 8 284.8 972.0 2
1 10 546.6 1401.5 2
9 8 724.1 948.5 1
7 8 1259.2 1422.7 1
2 7 575.7 823.4 1
6 1 1069.1 1231.1 2
7 3 1004.7 1174.8 1
8 2 345.9 966.5 2
2 6 1187.8 1749.9 2
8 6 1262.5 1874.4 2
1 3 708.4 846.3 1
9 5 925.8 1184.2 2
0 3 1208.6 1456.0 2
5 10 518.9 1078.0 2
7 3 1171.1 1830.7 1
5 10 989.7 1065.9 2
6 2 41.2 280.5 2
6 8 7.3 784.5 1
8 5 1171.9 1388.8 1
0 2 902.8 1435.1 2
9 5 649.5 1269.6 1
8 3 639.9 925.7 2
4 9 634.3 1208.3 1
4 9 568.6 1255.6 2
1 6 222.0 568.5 2
9 4 348.5 755.1 2
9 6 1121.3 1666.1 2
0 2 1021.6 1497.8 1
6 8 4.1 600.3 2
6 2 423.4 535.4 1
2 6 511.4 1050.1 1
6 3 1255.5 1781.2 1
7 3 1185.2 1228.8 1
3 9 487.4 892.6 1
6 10 441.6 853.6 1
3 2 1004.2 1339.5 2
9 1 607.7 1373.6 2
6 9 846.5 1642.3 1
4 9 788.4 911.9 1
3 9 284.8 655.4 1
8 5 706.7 950.5 2
4 5 779.7 1252.7 2
0 4 1054.7 1333.7 1
5 8 1280.4 1610.5 1
9 10 1210.6 1357.5 1
0 2 1235.7 1317.9 2
1 3 916.9 990.8 1
4 2 804.1 1643.9 1
4 3 1139.1 1658.4 2
0 1 499.3 939.1 1
9 3 532.9 1383.6 1
5 6 755.8 1595.9 1
4 9 462.1 1096.9 1
5 2 284.6 370.2 2
0 6 572.2 1367.4 1
1 9 410.7 898.4 1
9 3 416.8 1241.2 2
4 10 542.8 1393.5 2
2 7 0.7 116.1 1
5 1 519.3 644.8 1
3 10 837.8 1697.9 1
3 6 444.0 666.3 2
2 4 571.0 1087.8 2
0 4 1039.7 1898.6 2
0 8 1201.2 1528.9 1
3 5 514.4 747.2 2
0 3 638.2 976.9 2
3 8 646.9 1367.0 1
4 9 1170.2 2023.7 2
3 10 271.4 795.7 1
6 3 97.1 938.3 2
7 3 390.2 908.5 1
6 10 922.6 1127.9 2
9 7 466.7 643.2 2
0 6 344.1 525.1 1
6 5 377.8 894.4 2
7 4 897.9 1294.6 1
EOF
