NUM_STATIONS: 10
NUM_REQUESTS: 40
NUM_VEHICLES: 3
VEHICLE_CAPACITY: 4
DISTANCES
0 1 3.4
1 2 6.2
2 3 7.9
3 4 7.1
4 5 5.2
5 6 1.5
6 7 5.2
7 8 1.2
8 9 5.0
9 0 2.1
REQUEST_SECTION
3 7 81.0 139.5 2
4 5 195.9 321.8 2
4 5 194.0 387.3 1
2 9 163.6 338.5 2
4 6 62.4 110.0 3
2 7 118.4 245.0 2
2 4 180.4 268.9 4
5 6 292.3 368.1 4
4 1 155.4 276.3 1
0 7 149.4 329.8 4
6 3 82.1 233.9 4
0 2 96.4 222.8 4
9 3 216.9 293.8 3
7 6 120.4 192.7 2
7 5 118.0 287.8 3
3 7 169.0 340.5 2
4 2 53.6 159.5 3
0 9 83.4 253.3 1
2 3 180.4 319.6 1
2 9 26.9 75.8 2
0 4 294.5 372.4 4
2 10 111.6 193.6 4
2 6 129.4 253.0 3
8 4 166.2 250.3 1
3 7 20.9 136.9 2
0 1 137.6 232.0 3
7 1 125.3 178.7 1
8 4 279.0 466.7 2
0 3 98.3 169.3 1
9 7 127.1 290.7 2
0 4 102.9 169.2 2
7 2 191.3 279.1 4
8 6 284.6 416.3 3
4 10 289.3 337.9 1
9 6 178.1 225.5 2
1 5 240.9 345.9 4
4 2 251.7 439.5 2
3 5 132.9 263.5 2
9 7 197.3 352.7 2
5 7 203.3 284.1 2
EOF
