NUM_STATIONS: 10
NUM_REQUESTS: 20
NUM_VEHICLES: 2
VEHICLE_CAPACITY: 1
DISTANCES
0 1 10.0
1 2 3.1
2 3 7.4
3 4 2.1
4 5 5.5
5 6 6.0
6 7 3.5
7 8 7.1
8 9 7.6
9 0 5.4
REQUEST_SECTION
4 9 89.8 236.5 1
8 3 76.6 216.3 1
4 3 209.4 313.2 1
5 2 183.9 277.8 1
7 5 131.2 256.9 1
3 6 213.1 327.5 1
9 4 94.7 158.0 1
5 4 83.9 145.5 1
7 6 102.7 282.3 1
5 4 39.3 198.2 1
6 8 108.5 216.8 1
3 1 24.4 171.6 1
3 10 115.5 203.4 1
8 9 199.5 368.7 1
8 3 155.6 322.7 1
3 2 94.6 187.5 1
0 3 81.1 156.4 1
1 3 144.6 311.2 1
7 5 171.9 351.0 1
8 7 125.6 324.5 1
EOF
