NUM_STATIONS: 10
NUM_REQUESTS: 160
NUM_VEHICLES: 1
VEHICLE_CAPACITY: 2
DISTANCES
0 1 3.3
1 2 8.6
2 3 9.8
3 4 4.8
4 5 3.7
5 6 5.0
6 7 1.8
7 8 2.0
8 9 1.3
9 0 2.7
REQUEST_SECTION
9 3 2260.6 3573.8 2
8 4 1603.7 2044.9 1
4 8 110.0 300.1 2
6 3 3004.6 3414.2 2
8 2 2952.4 3117.4 2
7 2 340.4 731.4 1
8 1 1233.0 2793.7 2
6 4 2096.7 2373.7 1
7 2 366.7 605.8 2
2 6 634.6 1783.0 1
3 7 3047.4 4555.6 2
8 4 2197.4 2919.4 1
0 8 2748.8 2866.4 2
8 10 91.8 490.9 2
8 2 81.1 1398.5 1
4 2 2888.9 4598.2 2
3 5 585.3 1846.6 1
5 7 1732.4 3351.7 1
3 7 2207.2 3938.0 2
7 4 2298.7 2760.6 1
6 7 2951.7 4386.6 2
3 7 2072.1 3204.0 2
5 2 2710.5 3899.4 1
4 7 805.7 2120.5 1
3 5 2368.6 3556.8 2
1 3 178.9 386.8 2
9 10 1578.3 1857.7 2
3 6 1749.3 2700.3 1
3 7 1731.8 2866.1 2
7 10 309.1 1421.4 1
8 9 1822.2 2226.8 1
3 9 2292.0 2688.5 1
4 7 573.1 869.8 1
4 6 1270.3 2067.2 2
6 10 2801.7 2899.0 2
1 3 1833.7 2792.5 2
8 7 2297.3 2962.3 1
8 10 3339.6 4413.7 2
2 1 826.5 1792.7 1
5 1 581.2 1818.9 1
2 4 1299.8 2133.3 1
5 10 1907.4 2932.1 2
8 6 461.3 1475.3 1
5 2 1969.2 2311.3 1
6 2 1334.2 2318.6 2
5 4 2101.0 2852.1 2
0 9 2284.5 3296.7 2
3 4 1810.5 2276.3 1
0 2 60.8 440.5 1
9 7 3011.3 4072.9 1
8 3 1349.0 3020.6 2
1 4 1848.0 2106.5 1
3 1 1421.7 2481.6 2
2 7 2896.2 3699.4 1
3 10 3197.7 3367.9 2
2 4 3186.7 4440.4 1
5 8 1044.2 1671.1 1
8 1 1389.2 1787.9 2
2 3 2630.7 4082.2 2
6 8 152.0 1820.3 2
8 10 2898.0 4405.8 2
6 8 2134.2 3453.2 2
2 6 575.5 2057.3 2
6 7 1977.0 3523.5 1
7 2 2129.9 2871.3 2
0 7 2149.7 3637.0 2
3 5 836.8 1525.0 2
4 5 118.4 529.9 2
5 2 2576.4 3958.9 1
5 4 2171.0 2487.3 2
5 3 423.3 1766.7 2
3 10 1074.1 2199.8 1
6 7 455.5 1459.1 1
2 9 294.1 1684.6 1
1 8 852.7 1736.1 2
0 1 1405.8 2526.4 1
2 9 2735.0 2837.9 1
9 5 3175.1 3981.7 2
6 5 2760.1 4466.8 2
3 7 862.5 972.8 2
7 1 1406.3 2715.1 1
3 2 3405.9 3965.3 2
2 7 934.7 2430.1 1
1 8 2234.4 2545.7 2
1 10 2983.1 4074.5 1
9 8 1843.6 2577.9 1
7 8 333.6 2064.0 1
2 7 1358.5 2242.6 1
6 1 206.7 1588.8 2
7 3 2967.7 4302.5 2
8 2 1700.4 1853.2 1
2 6 1527.1 1822.0 2
8 6 2401.3 4114.7 1
1 3 391.8 2144.7 1
9 5 1310.3 2730.0 1
0 3 926.2 2385.2 1
5 10 1185.2 2177.1 1
7 3 476.0 1787.6 2
5 10 1419.5 2850.6 1
6 2 1049.6 1880.7 1
6 8 1682.6 2023.5 2
8 5 1844.8 2721.7 2
0 2 591.8 719.1 1
9 5 1843.1 2670.1 1
8 3 2790.4 2954.5 2
4 9 2731.7 3134.3 1
4 9 1579.1 3233.9 2
1 6 701.0 1755.2 1
9 4 1847.6 3551.6 2
9 6 1902.6 2873.3 2
0 2 2504.8 2697.8 2
6 8 2165.5 3052.5 2
6 2 3156.7 4265.4 1
2 6 6.6 1058.8 2
6 3 2174.8 3273.0 2
7 3 655.1 2054.7 1
3 9 2960.3 4653.5 1
6 10 1355.8 2043.6 2
3 2 2392.5 2700.0 1
9 1 1294.6 2814.8 2
6 9 2244.1 3828.4 1
4 9 2433.0 4034.2 1
3 9 426.2 1200.8 2
8 5 75.4 467.9 1
4 5 2843.8 4116.5 2
0 4 1376.7 2911.0 1
5 8 2454.6 3318.2 2
9 10 2116.4 2922.6 1
0 2 555.2 803.8 2
1 3 1045.3 2683.1 1
4 2 3191.8 4130.0 2
4 3 2680.6 4393.2 1
0 1 2646.2 4203.1 2
9 3 2234.0 3468.0 1
5 6 188.1 934.1 1
4 9 2867.9 3240.0 2
5 2 1274.4 1572.8 2
0 6 744.7 1244.1 1
1 9 1710.9 3009.1 1
9 3 1761.5 2469.6 1
4 10 2130.1 2730.3 2
2 7 2009.2 2800.9 1
5 1 802.8 1772.7 1
3 10 2702.6 3173.8 1
3 6 2134.6 3255.3 1
2 4 1890.5 2802.0 2
0 4 1143.0 2375.7 1
0 8 2869.3 4603.4 1
3 5 1814.8 2275.4 2
0 3 2162.1 3444.3 2
3 8 2237.1 3707.3 1
4 9 406.3 602.0 1
3 10 982.4 1202.3 2
6 3 2440.5 3080.1 1
7 3 2159.5 3874.1 2
6 10 1984.0 3226.2 1
9 7 1690.5 2254.0 2
0 6 2821.0 3460.8 1
6 5 724.1 2039.4 2
7 4 3386.8 4503.3 2
EOF
