NUM_STATIONS: 10
NUM_REQUESTS: 20
NUM_VEHICLES: 2
VEHICLE_CAPACITY: 1
DISTANCES
0 1 10.0
1 2 3.1
2 3 7.4
3 4 2.1
4 5 5.5
5 6 6.0
6 7 3.5
7 8 7.1
8 9 7.6
9 0 5.4
REQUEST_SECTION
4 9 192.6 377.5 1
8 3 159.2 232.5 1
4 3 207.9 345.3 1
5 2 5.4 113.3 1
7 5 234.6 384.8 1
3 6 81.8 151.9 1
9 4 186.0 254.4 1
5 4 281.3 438.2 1
7 6 252.8 329.2 1
5 4 288.8 449.0 1
6 8 133.0 269.6 1
3 1 239.0 326.9 1
3 10 107.9 236.0 1
8 9 62.4 214.1 1
8 3 141.7 200.4 1
3 2 130.0 236.8 1
0 3 267.4 350.4 1
1 3 171.7 341.4 1
7 5 171.6 302.5 1
8 7 234.1 412.4 1
EOF
