NUM_STATIONS: 10
NUM_REQUESTS: 80
NUM_VEHICLES: 1
VEHICLE_CAPACITY: 2
DISTANCES
0 1 5.3
1 2 5.1
2 3 4.1
3 4 5.8
4 5 8.8
5 6 4.0
6 7 7.4
7 8 2.6
8 9 6.4
9 0 5.7
REQUEST_SECTION
7 4 1293.8 2798.4 2
7 1 767.2 2115.6 1
9 2 37.3 1610.3 2
2 9 466.1 1911.8 2
6 10 489.3 1846.8 2
0 9 791.7 1181.0 2
6 8 415.3 692.2 1
2 3 1388.1 2804.5 2
4 7 943.1 2196.5 2
1 4 177.7 1606.7 2
5 9 535.6 1452.1 1
7 1 655.5 1362.7 1
5 3 1576.6 3017.1 2
4 10 535.9 1365.1 2
0 1 1123.7 1619.7 1
8 9 1454.7 2009.2 1
8 2 984.7 1859.6 1
8 4 951.7 1207.8 1
1 5 413.4 1635.8 2
5 3 1481.9 3008.8 2
8 2 1623.7 2800.3 1
3 6 985.6 1968.5 1
5 4 1329.7 1852.4 2
7 9 1415.3 2649.7 2
3 5 164.2 1043.8 2
7 8 1402.9 3104.1 1
0 8 1530.8 2622.5 1
9 2 1205.1 1709.2 1
1 6 352.2 1804.6 1
4 7 978.9 2475.7 1
0 7 1004.2 2325.9 2
5 7 699.3 2201.7 1
4 7 470.1 780.0 2
1 6 945.4 2324.0 2
0 9 782.2 1589.0 1
8 9 1301.8 2409.5 2
2 5 3.7 554.1 2
1 10 557.3 1616.1 2
3 2 1038.0 2136.7 1
9 6 404.0 1413.0 1
7 8 732.0 1808.5 2
6 8 299.9 1194.7 1
6 3 214.9 274.2 2
0 6 63.9 1556.0 1
1 6 590.6 728.2 2
0 7 1172.4 1907.1 2
6 3 143.6 1433.0 1
3 2 197.8 585.8 2
8 10 131.2 862.3 1
6 3 48.4 668.7 2
9 8 627.7 1262.5 1
1 6 1065.3 1552.0 2
3 2 101.8 1444.2 1
2 5 936.4 2633.3 2
6 1 18.3 1002.1 1
9 4 177.8 816.5 1
7 9 59.2 166.1 2
1 2 840.9 1563.0 2
8 4 124.9 962.7 2
3 7 152.2 431.3 1
1 8 1318.0 2148.9 2
3 5 1436.4 2736.9 1
6 4 594.4 1857.0 2
5 9 1076.8 1929.9 2
4 3 1020.3 2067.0 2
1 8 297.3 842.2 1
0 9 931.3 2410.9 1
9 5 517.8 1358.5 2
2 9 453.6 552.7 2
6 2 1332.9 2057.3 2
9 1 245.7 1519.6 2
9 3 1166.0 2066.3 2
5 2 1185.7 2014.0 1
8 10 1474.4 2769.1 2
3 7 1338.4 1641.5 2
7 5 1344.5 2302.9 2
0 5 579.5 2129.5 1
6 1 1522.7 2569.8 1
7 1 950.1 1867.6 1
3 9 1416.9 2225.4 1
EOF
