NUM_STATIONS: 10
NUM_REQUESTS: 160
NUM_VEHICLES: 2
VEHICLE_CAPACITY: 8
DISTANCES
0 1 7.9
1 2 8.7
2 3 5.6
3 4 8.4
4 5 6.3
5 6 1.2
6 7 4.8
7 8 8.8
8 9 1.4
9 0 2.6
REQUEST_SECTION
0 1 1936.1 2653.4 4
7 1 1503.2 1708.9 2
6 4 213.2 1617.4 7
1 3 1192.8 1448.4 2
3 4 1096.4 1474.9 8
6 5 1226.8 2702.3 6
7 4 177.6 1550.4 2
2 1 1389.6 1884.9 5
6 2 725.8 1509.4 7
1 2 2201.1 3698.0 7
1 6 1380.6 2743.2 2
5 4 1692.4 2804.1 4
4 2 1122.3 1528.8 1
8 6 578.6 1806.7 3
6 7 1809.0 1946.7 6
7 1 1132.7 2002.2 6
6 5 827.6 1037.8 5
0 8 1780.2 2822.4 4
9 7 953.4 2598.5 2
7 3 1693.3 2152.4 8
5 6 989.3 1507.9 4
1 10 1802.1 2797.2 4
9 4 967.2 1674.0 4
0 1 899.7 1679.0 7
3 5 1085.4 1691.0 3
8 7 5.9 472.4 1
3 8 1415.8 2935.7 2
0 1 291.5 884.6 7
7 2 1615.6 2615.0 5
4 6 1042.7 1559.1 4
1 9 992.1 1415.8 6
1 7 798.8 1041.7 2
7 10 382.5 529.1 8
4 6 1453.8 2055.4 8
7 5 1739.2 3212.5 5
8 1 627.1 2023.3 4
2 8 197.7 675.7 6
3 10 1067.3 2417.5 8
7 8 178.1 1475.6 5
7 10 106.4 1255.5 6
3 7 1263.0 1737.6 8
9 10 1300.8 2995.8 1
5 2 1003.7 1078.6 5
7 1 133.0 680.3 8
1 10 518.2 1670.4 6
9 10 1512.7 1908.3 1
3 4 2082.7 2265.0 1
9 10 889.5 1669.4 4
5 6 181.2 398.2 2
1 4 91.3 366.6 7
1 3 2020.3 2893.4 7
8 2 843.7 1260.2 7
2 7 966.3 1605.3 7
8 1 278.8 410.3 5
3 6 1317.5 2004.4 4
6 7 483.4 860.8 3
4 9 38.1 249.7 4
3 5 672.8 1735.5 2
5 6 1579.4 2482.6 3
9 5 1872.6 3461.0 2
4 10 388.2 930.3 5
0 4 1608.2 2075.7 4
9 10 543.2 2226.2 6
1 7 1799.4 2138.1 5
8 6 431.0 803.5 4
2 8 673.2 1135.0 6
5 1 759.2 1684.7 6
9 1 805.0 2204.0 6
8 4 1709.0 3354.4 4
6 4 1877.2 2501.2 5
3 5 718.3 1575.4 8
7 1 1345.7 1769.5 1
0 7 1274.6 2844.9 7
5 9 580.1 723.6 1
1 9 1861.2 2480.9 1
4 1 1777.9 2608.8 2
9 3 2181.6 2960.8 1
8 5 2132.9 3146.4 1
6 10 263.5 1869.4 4
7 1 1763.9 3400.4 2
3 10 1966.0 2792.1 4
6 8 677.1 1244.6 7
5 8 888.0 1353.4 1
9 8 1271.1 2650.5 3
7 4 1466.3 2524.9 5
0 4 571.6 676.9 5
2 9 912.3 2456.4 1
0 7 2078.0 3496.9 5
0 4 548.1 2098.6 7
1 6 207.0 1397.8 7
0 6 80.3 359.6 7
0 5 644.1 890.9 1
7 1 794.9 1186.3 8
1 3 617.1 1939.2 2
3 8 188.7 1260.0 2
7 2 1316.7 1863.3 5
6 2 1789.7 2169.4 1
8 9 994.0 1671.5 5
0 3 394.3 1490.5 8
2 7 843.0 1423.4 8
6 1 2134.7 3851.0 1
8 9 1170.6 2717.4 6
6 4 1715.2 1952.9 5
0 4 2134.5 3800.2 1
7 3 747.5 1504.3 5
6 4 2150.6 2600.9 8
3 8 666.5 1028.9 5
9 7 1564.5 3216.6 2
3 1 666.6 2177.6 1
2 8 232.3 1593.5 3
3 2 1004.8 1629.5 6
1 10 1061.2 2205.4 2
8 5 1990.0 3430.0 2
1 8 1469.9 3026.2 3
1 10 1235.1 1738.5 2
8 10 420.2 1159.3 2
6 8 1779.6 3481.9 7
3 6 751.7 992.6 5
8 9 226.1 765.4 3
2 7 1038.9 2020.6 7
0 7 930.8 2657.2 5
6 2 1276.8 2810.1 6
3 1 875.7 1650.3 8
5 8 1015.8 2706.6 1
4 6 175.8 1692.5 3
5 3 877.0 983.2 6
6 1 681.7 919.0 8
2 9 1670.7 2331.5 3
1 10 823.9 2484.0 6
0 5 905.9 2210.1 4
1 5 422.6 1235.7 5
7 6 971.7 1064.8 3
1 6 1322.5 2355.7 6
5 10 2034.1 2551.3 3
4 10 1971.9 2433.1 3
7 8 613.7 1313.0 3
5 7 783.0 1354.0 1
5 8 322.4 694.6 5
3 8 1933.8 2780.9 1
6 8 2.0 195.5 1
7 1 557.1 1948.9 6
9 6 1404.6 1958.8 7
1 10 1159.2 2136.3 7
1 5 1658.9 2845.6 3
1 9 1633.1 2258.7 5
4 6 1516.2 1888.3 4
7 6 1167.8 1401.0 1
6 9 1307.6 1373.7 6
7 2 82.4 1741.3 5
5 7 5.4 703.5 5
7 10 847.8 1631.7 3
3 8 522.0 844.7 8
1 3 616.0 966.4 6
2 8 978.9 1243.9 8
4 2 121.5 1129.6 5
5 8 1825.4 2002.9 4
4 2 1443.4 2152.2 1
4 2 1852.7 3220.1 8
9 8 1660.9 3326.6 1
0 9 1838.4 3150.1 5
EOF
