NUM_STATIONS: 10
NUM_REQUESTS: 20
NUM_VEHICLES: 1
VEHICLE_CAPACITY: 2
DISTANCES
0 1 5.2
1 2 3.6
2 3 9.0
3 4 5.2
4 5 4.6
5 6 6.8
6 7 9.5
7 8 9.5
8 9 7.9
9 0 8.3
REQUEST_SECTION
3 5 324.5 491.2 1
5 3 361.0 833.4 1
0 4 345.9 589.2 1
0 7 305.6 720.0 1
0 5 296.9 391.0 1
3 5 362.2 919.7 2
2 7 463.0 977.6 2
4 5 236.1 707.4 1
7 10 77.0 400.7 1
4 5 84.6 267.9 1
9 5 428.4 580.2 1
5 8 442.4 912.4 2
0 8 138.9 634.8 2
4 5 29.6 128.7 2
1 9 109.3 627.1 1
7 8 206.5 488.9 1
1 3 404.2 550.6 2
1 8 34.7 274.5 2
6 3 314.5 791.9 2
6 7 105.3 503.9 1
EOF
