NUM_STATIONS: 10
NUM_REQUESTS: 160
NUM_VEHICLES: 3
VEHICLE_CAPACITY: 2
DISTANCES
0 1 3.3
1 2 8.6
2 3 9.8
3 4 4.8
4 5 3.7
5 6 5.0
6 7 1.8
7 8 2.0
8 9 1.3
9 0 2.7
REQUEST_SECTION
9 3 464.2 676.1 2
8 4 654.3 1083.0 2
4 8 667.6 1122.9 2
6 3 208.2 295.4 2
8 2 652.4 1103.3 1
7 2 459.9 521.6 1
8 1 193.9 376.3 2
6 4 533.6 726.0 1
7 2 855.3 1553.6 1
2 6 189.6 801.2 1
3 7 146.5 911.7 1
8 4 556.8 639.0 1
0 8 40.0 150.1 2
8 10 504.8 1070.6 1
8 2 223.6 727.7 2
4 2 349.7 415.7 2
3 5 840.5 1487.4 1
5 7 183.1 928.2 1
3 7 507.9 584.9 2
7 4 236.1 896.9 1
6 7 665.3 1026.1 1
3 7 844.2 1245.0 1
5 2 333.1 1137.2 2
4 7 5.4 674.1 1
3 5 35.2 96.1 2
1 3 652.4 1347.9 2
9 10 681.9 1559.6 1
3 6 802.8 872.0 1
3 7 753.6 993.6 2
7 10 112.3 271.4 1
8 9 697.7 1388.1 2
3 9 275.8 1155.2 2
4 7 759.1 1008.1 2
4 6 266.1 362.3 1
6 10 296.4 433.0 2
1 3 671.6 1514.2 1
8 7 216.8 789.9 1
8 10 142.1 396.8 1
2 1 317.1 1046.2 2
5 1 773.6 1268.8 2
2 4 9.0 517.5 1
5 10 302.9 470.7 2
8 6 211.3 756.2 2
5 2 787.3 1282.0 2
6 2 333.9 988.2 2
5 4 507.7 680.7 1
0 9 119.2 958.1 2
3 4 484.5 822.8 2
0 2 268.1 1068.9 2
9 7 50.0 449.9 1
8 3 485.7 832.3 2
1 4 22.5 208.7 2
3 1 3.6 71.4 2
2 7 771.2 1062.2 1
3 10 70.2 468.9 1
2 4 14.6 665.1 2
5 8 623.7 769.0 1
8 1 762.6 1133.9 2
2 3 56.7 352.4 1
6 8 850.7 1401.9 2
8 10 561.4 1068.0 2
6 8 162.0 433.5 2
2 6 566.1 632.8 2
6 7 413.2 757.5 1
7 2 726.4 878.4 1
0 7 206.2 918.2 2
3 5 699.1 1038.1 2
4 5 462.2 553.7 1
5 2 320.9 1062.8 1
5 4 680.4 1563.3 2
5 3 399.3 573.9 1
3 10 283.1 817.5 1
6 7 469.1 1316.7 2
2 9 40.9 683.4 1
1 8 711.0 1289.3 1
0 1 718.2 1139.3 2
2 9 246.4 401.8 2
9 5 783.5 1464.2 2
6 5 718.4 1554.0 2
3 7 596.6 960.6 2
7 1 522.8 1304.1 1
3 2 363.1 1012.4 2
2 7 586.3 1108.5 2
1 8 123.6 503.4 2
1 10 206.7 765.2 1
9 8 200.5 597.0 1
7 8 426.0 763.9 2
2 7 93.6 630.2 1
6 1 302.1 860.7 2
7 3 240.8 1120.4 2
8 2 124.9 173.4 2
2 6 355.7 776.6 1
8 6 366.6 672.8 2
1 3 468.6 944.5 2
9 5 138.9 528.8 2
0 3 97.5 951.8 1
5 10 213.6 591.4 1
7 3 817.5 1208.8 2
5 10 680.2 1048.3 2
6 2 805.6 955.6 1
6 8 9.7 407.2 2
8 5 330.7 659.7 2
0 2 154.6 387.8 1
9 5 769.8 1094.4 2
8 3 478.3 616.4 2
4 9 709.6 1395.9 2
4 9 557.0 1263.6 1
1 6 826.1 970.4 1
9 4 642.1 942.8 2
9 6 551.2 701.8 1
0 2 129.8 304.5 2
6 8 788.3 1481.3 1
6 2 810.1 1213.1 2
2 6 823.0 1502.0 1
6 3 684.1 808.4 1
7 3 266.7 613.7 1
3 9 533.8 1164.0 1
6 10 170.7 341.1 2
3 2 472.4 1309.8 2
9 1 451.4 1007.4 2
6 9 95.5 889.5 2
4 9 607.1 835.7 2
3 9 11.7 203.1 1
8 5 8.5 183.4 1
4 5 391.6 1075.6 1
0 4 465.4 1225.7 2
5 8 307.4 1006.1 1
9 10 500.9 1105.8 2
0 2 353.2 451.4 2
1 3 302.2 548.6 1
4 2 328.2 1142.6 2
4 3 787.2 1124.6 2
0 1 468.8 732.6 2
9 3 345.4 1174.3 1
5 6 581.2 1059.6 1
4 9 87.9 397.2 1
5 2 419.3 1075.8 1
0 6 618.4 852.3 1
1 9 801.2 1143.9 2
9 3 303.4 678.0 1
4 10 244.9 882.0 1
2 7 314.3 811.7 2
5 1 315.0 992.6 1
3 10 733.2 1324.8 1
3 6 763.8 1528.4 1
2 4 702.4 804.8 1
0 4 225.6 1038.8 1
0 8 607.3 1084.8 2
3 5 672.2 1037.2 2
0 3 436.0 786.0 1
3 8 565.6 1394.3 2
4 9 12.9 522.6 1
3 10 601.0 1374.0 2
6 3 384.9 664.5 2
7 3 127.0 478.3 1
6 10 71.6 809.8 2
9 7 430.6 975.3 1
0 6 13.5 698.6 2
6 5 678.7 1138.2 1
7 4 655.1 1443.9 2
EOF
