NUM_STATIONS: 10
NUM_REQUESTS: 80
NUM_VEHICLES: 2
VEHICLE_CAPACITY: 1
DISTANCES
0 1 9.9
1 2 5.8
2 3 2.8
3 4 4.2
4 5 8.2
5 6 9.6
6 7 7.3
7 8 4.0
8 9 8.9
9 0 4.1
REQUEST_SECTION
8 2 864.1 1106.4 1
3 8 58.7 195.0 1
0 4 523.3 907.6 1
4 8 226.1 649.5 1
7 10 484.8 876.3 1
4 1 15.7 240.6 1
1 9 875.2 1011.5 1
3 6 667.3 1037.6 1
5 9 707.4 1026.8 1
9 5 702.7 1105.6 1
1 7 388.9 457.9 1
7 3 43.3 302.8 1
9 7 728.6 913.1 1
1 6 732.6 1372.7 1
5 3 403.9 542.3 1
0 4 203.3 483.3 1
7 1 380.6 660.7 1
0 4 487.3 824.4 1
2 9 684.6 1278.2 1
0 6 944.0 1614.7 1
0 9 793.4 1396.8 1
4 10 938.9 1541.5 1
2 5 683.7 1025.9 1
1 10 106.5 252.2 1
7 10 436.7 1006.0 1
2 10 507.5 1218.3 1
3 8 192.3 635.2 1
5 8 526.8 629.6 1
6 8 33.9 503.9 1
6 5 890.2 1544.9 1
5 10 439.7 638.7 1
2 8 909.8 1615.6 1
8 9 115.7 231.4 1
2 7 147.8 747.9 1
4 6 377.2 664.9 1
5 8 804.0 1402.8 1
9 8 806.6 960.7 1
3 1 546.2 1258.1 1
3 4 903.2 1303.5 1
2 6 645.5 1280.6 1
4 9 280.2 486.8 1
7 5 672.7 1272.7 1
6 4 69.9 696.8 1
7 3 737.3 1376.9 1
5 10 503.1 1119.9 1
3 8 297.5 856.3 1
9 6 798.6 1360.0 1
5 1 596.7 1230.0 1
8 4 137.1 786.2 1
0 5 167.3 766.8 1
5 10 502.6 663.5 1
7 5 588.2 673.3 1
6 10 758.1 1344.2 1
6 1 840.8 939.9 1
2 6 709.4 942.8 1
4 5 451.8 575.4 1
7 3 416.9 975.3 1
0 4 293.9 854.0 1
0 9 235.0 327.8 1
4 10 544.2 868.4 1
2 1 700.0 1010.1 1
1 10 250.6 914.1 1
0 7 257.6 904.5 1
0 4 401.5 605.1 1
2 6 339.3 867.5 1
6 8 502.5 904.3 1
7 9 433.9 499.9 1
0 1 440.8 723.3 1
3 6 556.1 750.8 1
5 1 919.5 1144.9 1
1 8 764.5 1454.0 1
7 5 435.2 941.8 1
3 2 60.9 395.0 1
2 5 158.4 453.6 1
4 2 42.8 721.1 1
7 10 579.9 1212.5 1
3 7 19.7 190.4 1
4 6 52.7 120.7 1
1 2 724.5 835.8 1
1 8 732.6 1098.7 1
EOF
