NUM_STATIONS: 10
NUM_REQUESTS: 160
NUM_VEHICLES: 2
VEHICLE_CAPACITY: 1
DISTANCES
0 1 3.6
1 2 7.3
2 3 7.4
3 4 1.6
4 5 9.1
5 6 1.1
6 7 5.1
7 8 5.3
8 9 9.0
9 0 2.6
REQUEST_SECTION
0 6 550.1 1445.9 1
6 7 107.4 648.5 1
7 6 50.4 630.6 1
0 1 1143.7 1606.8 1
4 3 390.4 1166.8 1
6 10 949.8 1870.2 1
5 2 963.2 1128.0 1
1 3 447.5 1281.4 1
0 6 1269.5 1872.7 1
6 1 965.9 1257.1 1
4 5 269.7 421.7 1
6 2 427.9 837.4 1
3 4 1331.8 1757.4 1
3 4 1537.5 1678.5 1
7 9 307.7 1109.1 1
9 3 617.4 799.1 1
9 7 599.9 836.4 1
4 8 1251.0 1945.9 1
3 7 510.4 1348.8 1
2 3 1118.0 1782.6 1
0 7 1099.5 1214.8 1
1 5 570.2 1419.5 1
8 2 829.7 1239.6 1
5 3 1364.0 1420.8 1
5 9 480.7 1310.8 1
1 6 164.8 503.1 1
1 6 786.1 1025.6 1
4 2 847.2 1871.3 1
5 3 64.2 748.9 1
4 7 296.3 1127.9 1
6 5 1353.5 1694.8 1
3 7 189.5 249.2 1
5 3 404.7 1005.5 1
4 9 35.2 1131.2 1
2 6 414.2 506.2 1
8 4 158.8 981.1 1
0 3 594.8 1270.3 1
8 9 573.5 1268.5 1
9 5 1535.3 2471.0 1
5 7 149.9 464.9 1
1 5 1063.5 1266.8 1
6 8 429.2 1514.5 1
3 8 142.2 1113.7 1
8 5 0.5 806.5 1
3 10 999.3 1085.2 1
8 7 921.3 1729.8 1
9 4 1343.6 1815.2 1
6 2 389.5 926.3 1
9 7 1130.9 1930.3 1
0 8 302.6 1124.9 1
3 9 548.6 811.8 1
7 10 983.3 1418.6 1
7 3 1424.9 1496.4 1
4 1 1200.8 2188.9 1
1 3 1518.2 2038.5 1
4 9 987.3 1779.0 1
6 7 1300.3 1465.1 1
3 9 346.9 965.8 1
1 5 1424.0 2141.8 1
9 7 1268.1 2332.8 1
4 8 1327.0 2015.2 1
7 10 922.9 1759.0 1
2 9 304.7 1280.6 1
8 1 157.0 982.6 1
1 7 1460.6 1889.8 1
8 5 826.3 1553.1 1
7 3 564.2 883.4 1
3 5 920.9 1289.7 1
0 5 1056.8 1910.5 1
9 4 319.5 1053.1 1
5 8 579.8 1022.7 1
9 8 1053.2 2141.6 1
6 9 420.3 683.5 1
8 1 1179.8 2267.4 1
6 7 1385.7 1441.5 1
6 1 192.0 1204.3 1
3 5 1290.9 1824.9 1
4 7 44.4 393.8 1
6 3 704.5 1641.8 1
4 5 1522.5 1753.0 1
0 1 1316.9 2105.0 1
8 5 1387.3 2079.2 1
3 4 1131.8 1455.3 1
2 6 1126.7 1236.1 1
9 4 305.5 1272.7 1
6 8 1068.4 2008.3 1
6 2 472.8 644.2 1
7 2 1301.3 1873.2 1
1 8 755.2 870.4 1
9 5 394.8 1123.6 1
6 2 448.4 1042.5 1
1 5 1531.1 1777.9 1
5 4 71.7 908.9 1
8 10 66.3 1049.0 1
3 6 198.8 897.6 1
5 2 1.1 632.4 1
6 3 882.6 1445.0 1
4 6 1009.9 2078.1 1
5 7 1393.2 1653.8 1
2 3 112.2 361.2 1
4 9 785.2 1726.2 1
4 1 683.6 1512.2 1
5 6 784.2 1152.8 1
5 10 1561.2 2418.6 1
8 9 486.7 805.8 1
3 5 877.2 1412.6 1
3 8 151.0 810.7 1
7 8 245.4 435.2 1
4 8 1080.4 1704.7 1
1 6 1473.3 2161.5 1
3 9 60.8 747.9 1
0 8 79.8 681.2 1
0 5 1189.6 2113.0 1
1 8 902.4 1876.9 1
3 6 1118.6 2068.3 1
7 1 1391.4 2175.8 1
7 1 793.2 1412.5 1
4 1 1281.1 1598.7 1
1 2 1091.8 1761.7 1
8 5 342.3 1314.9 1
6 4 506.9 740.9 1
3 6 1325.2 1789.6 1
2 8 602.1 996.9 1
6 1 119.7 416.2 1
6 10 1567.9 2354.4 1
0 2 121.7 523.7 1
0 1 1064.5 1301.1 1
3 9 906.8 1934.5 1
2 8 1.2 170.3 1
4 5 1124.7 1906.1 1
1 5 1294.0 2072.0 1
4 2 737.3 1202.8 1
1 3 602.0 679.6 1
1 3 250.3 663.3 1
6 1 1552.3 2150.7 1
8 9 910.8 1797.7 1
7 6 302.1 1287.3 1
1 7 758.5 1633.9 1
6 1 1067.7 1649.0 1
4 6 1021.0 1559.8 1
3 9 1055.0 1866.9 1
2 9 1158.1 1411.4 1
6 9 936.1 1531.0 1
2 4 799.9 1075.5 1
9 6 241.9 1154.8 1
1 6 391.6 804.1 1
3 2 4.8 802.5 1
4 1 101.6 424.5 1
8 9 1480.1 2016.7 1
4 3 1036.3 1501.7 1
7 5 353.0 832.8 1
3 5 116.0 973.3 1
6 7 109.1 215.4 1
9 5 1459.0 2290.3 1
6 5 559.8 977.8 1
3 8 271.2 1022.5 1
4 9 352.1 1098.3 1
4 10 4.2 1006.5 1
6 8 1215.3 1825.5 1
3 1 187.4 1041.0 1
EOF
