NUM_STATIONS: 10
NUM_REQUESTS: 80
NUM_VEHICLES: 3
VEHICLE_CAPACITY: 8
DISTANCES
0 1 7.9
1 2 8.1
2 3 2.5
3 4 7.9
4 5 2.3
5 6 7.4
6 7 8.2
7 8 1.4
8 9 7.4
9 0 3.5
REQUEST_SECTION
9 4 212.5 352.2 2
8 6 294.0 617.1 3
1 2 324.0 487.1 5
8 4 24.3 178.6 3
2 7 340.3 717.7 4
1 8 320.7 668.3 4
5 7 641.3 994.2 6
1 9 284.9 404.7 8
1 4 249.0 335.8 6
4 6 89.1 387.9 6
0 8 112.2 509.2 2
7 6 588.9 772.9 1
7 6 559.3 945.9 8
4 10 176.4 607.1 7
8 2 289.1 423.3 4
1 4 198.8 441.1 5
2 8 124.5 509.5 1
0 3 508.5 834.7 7
8 6 63.7 303.4 1
8 1 234.5 510.7 6
9 8 388.6 448.6 3
6 3 410.0 739.0 7
2 4 637.6 1057.0 4
3 10 191.7 493.5 2
5 6 422.2 593.8 7
5 6 631.7 1017.1 4
2 9 416.2 704.5 6
6 8 205.3 570.8 3
9 10 715.2 1054.6 1
5 8 575.6 639.4 3
0 5 168.1 464.2 4
2 4 16.4 226.2 1
3 9 661.3 840.7 6
0 3 510.7 638.3 6
5 6 367.1 430.3 3
5 10 670.1 786.7 7
4 8 279.1 391.7 5
9 4 493.3 881.0 6
1 9 512.6 666.1 6
0 9 657.6 948.0 4
6 3 144.6 480.5 3
0 1 511.0 751.5 1
8 1 427.6 555.4 4
3 9 62.7 352.0 3
4 2 288.0 505.0 3
5 10 344.2 725.9 6
9 2 520.4 931.4 2
2 5 658.8 1044.6 5
3 4 313.3 688.0 5
3 1 652.3 1076.3 7
3 2 257.2 320.1 8
4 3 449.9 788.0 5
1 4 744.5 1028.1 6
2 7 10.2 338.8 7
1 9 119.3 366.0 2
0 6 736.7 828.6 5
5 2 320.1 391.7 8
8 2 702.8 1080.9 4
8 4 264.2 473.8 4
2 4 92.0 245.1 8
6 8 540.4 643.5 2
2 9 675.9 740.5 6
2 8 410.2 503.3 3
1 8 108.7 232.1 7
9 7 137.4 370.5 1
6 2 273.0 689.5 1
2 8 193.3 590.9 8
0 4 317.1 613.8 8
7 10 563.9 802.2 8
2 4 401.5 746.4 8
6 1 747.0 1113.0 8
5 2 354.0 643.5 4
6 8 651.4 946.6 6
7 5 417.0 610.9 3
8 10 726.6 907.0 2
5 2 342.0 696.6 8
9 7 27.5 403.0 7
7 6 245.0 310.1 2
4 9 338.1 530.8 8
3 10 233.7 339.5 7
EOF
