NUM_STATIONS: 10
NUM_REQUESTS: 40
NUM_VEHICLES: 2
VEHICLE_CAPACITY: 1
DISTANCES
0 1 4.3
1 2 4.7
2 3 7.7
3 4 5.3
4 5 3.2
5 6 1.5
6 7 9.1
7 8 3.7
8 9 3.4
9 0 3.5
REQUEST_SECTION
2 7 308.2 578.9 1
8 10 162.3 503.0 1
4 9 84.0 391.7 1
1 7 257.7 613.9 1
9 5 203.0 278.6 1
8 6 109.3 326.1 1
2 6 233.5 488.4 1
6 5 41.5 430.2 1
4 9 207.7 323.8 1
6 9 135.5 289.8 1
1 5 41.7 214.5 1
3 8 329.2 646.5 1
9 10 177.0 304.6 1
4 5 1.3 139.9 1
5 6 11.5 323.6 1
3 9 315.8 592.9 1
5 7 273.3 632.3 1
0 5 235.5 567.6 1
5 10 331.4 500.5 1
0 2 283.8 603.9 1
0 4 81.0 130.5 1
1 7 84.1 344.1 1
0 3 184.9 391.9 1
9 3 271.1 502.2 1
3 6 203.0 507.5 1
9 7 32.3 334.6 1
4 7 240.3 551.9 1
2 5 175.0 434.1 1
2 5 68.1 288.7 1
0 4 189.2 458.8 1
0 9 305.3 511.7 1
7 1 249.6 573.4 1
7 2 311.0 508.3 1
1 9 109.1 395.1 1
2 7 161.5 246.7 1
9 8 252.5 388.4 1
7 6 319.1 558.6 1
4 2 51.0 198.9 1
1 6 93.8 163.0 1
4 1 28.1 262.3 1
EOF
