NUM_STATIONS: 10
NUM_REQUESTS: 160
NUM_VEHICLES: 2
VEHICLE_CAPACITY: 4
DISTANCES
0 1 3.3
1 2 8.6
2 3 9.8
3 4 4.8
4 5 3.7
5 6 5.0
6 7 1.8
7 8 2.0
8 9 1.3
9 0 2.7
REQUEST_SECTION
9 3 845.5 1159.5 3
8 4 733.7 1550.3 1
4 8 784.6 1094.0 2
6 3 218.8 412.9 3
8 2 102.0 802.3 4
7 2 804.9 884.4 4
8 1 927.9 1522.7 1
6 4 564.7 1119.6 3
7 2 525.5 877.2 1
2 6 536.1 596.2 1
3 7 500.7 943.4 1
8 4 25.7 567.2 2
0 8 255.4 965.0 3
8 10 857.9 945.3 4
8 2 101.6 441.1 2
4 2 1175.6 1669.8 1
3 5 1158.5 1287.0 1
5 7 620.0 1068.2 2
3 7 1246.1 1929.7 2
7 4 1171.6 1580.8 3
6 7 471.8 1109.3 4
3 7 220.3 379.2 3
5 2 357.9 782.5 2
4 7 25.7 438.2 4
3 5 738.2 1114.3 1
1 3 621.5 1159.5 1
9 10 713.2 1607.7 2
3 6 630.9 1231.7 2
3 7 912.6 1485.6 2
7 10 925.5 1457.0 1
8 9 397.2 645.8 2
3 9 181.0 295.3 2
4 7 222.6 936.4 2
4 6 886.5 1029.1 1
6 10 1022.3 1345.7 2
1 3 235.7 1109.3 1
8 7 777.8 1271.6 3
8 10 1259.6 1742.1 4
2 1 405.6 603.9 4
5 1 392.4 828.1 4
2 4 699.6 879.2 3
5 10 660.1 1187.9 1
8 6 1111.4 1947.9 3
5 2 249.4 1053.8 1
6 2 1010.2 1862.3 2
5 4 1094.2 1600.4 2
0 9 625.3 853.0 3
3 4 307.2 833.9 3
0 2 71.2 509.1 4
9 7 288.6 1152.4 2
8 3 202.9 1045.0 4
1 4 806.2 1141.8 4
3 1 96.5 794.3 2
2 7 958.3 1703.6 1
3 10 727.4 982.8 3
2 4 705.9 1509.1 1
5 8 814.0 1346.0 2
8 1 1014.0 1362.9 4
2 3 788.1 1239.1 3
6 8 943.1 1797.8 2
8 10 945.4 1135.8 3
6 8 1270.4 2084.6 1
2 6 1271.7 1941.9 3
6 7 44.8 487.4 3
7 2 563.0 868.7 2
0 7 1076.0 1944.4 4
3 5 856.8 1607.6 4
4 5 360.7 1177.3 2
5 2 587.7 1237.1 2
5 4 447.9 603.7 3
5 3 831.9 1206.5 1
3 10 150.4 701.6 2
6 7 193.7 700.1 1
2 9 964.4 1734.7 1
1 8 1055.8 1673.9 3
0 1 60.6 523.1 4
2 9 1228.6 1658.9 3
9 5 881.2 1529.3 1
6 5 345.8 417.7 3
3 7 515.4 675.6 1
7 1 1147.8 1575.6 3
3 2 1126.3 1433.7 2
2 7 1092.2 1580.7 4
1 8 573.8 798.9 3
1 10 269.3 595.1 1
9 8 942.7 1268.2 2
7 8 561.1 1085.3 1
2 7 461.0 924.7 3
6 1 993.9 1789.6 2
7 3 1119.0 1882.5 4
8 2 791.6 1030.6 3
2 6 351.0 875.2 3
8 6 395.8 908.5 2
1 3 1282.6 1762.4 1
9 5 284.8 345.1 4
0 3 174.7 348.0 3
5 10 64.0 832.7 2
7 3 205.8 897.6 2
5 10 675.3 1278.4 4
6 2 734.1 1119.2 2
6 8 1205.7 1379.4 1
8 5 1010.8 1463.5 3
0 2 572.3 1326.1 3
9 5 626.1 1451.0 3
8 3 1188.3 1369.9 2
4 9 683.6 1075.5 3
4 9 771.3 1182.4 3
1 6 813.6 1687.7 4
9 4 628.1 1279.3 3
9 6 461.8 1131.0 1
0 2 728.9 880.0 2
6 8 1072.5 1708.7 2
6 2 1241.4 1426.1 3
2 6 1093.6 1169.1 1
6 3 227.7 1015.7 3
7 3 153.1 659.4 1
3 9 998.7 1145.4 3
6 10 266.1 478.7 1
3 2 251.1 483.4 2
9 1 579.8 1463.3 3
6 9 187.8 752.6 2
4 9 1154.1 1430.0 2
3 9 298.2 1193.6 4
8 5 389.6 995.8 4
4 5 526.6 1039.4 3
0 4 582.7 655.4 2
5 8 287.1 496.7 4
9 10 987.0 1815.6 4
0 2 655.6 1253.0 4
1 3 430.4 657.5 4
4 2 423.6 1054.6 3
4 3 572.9 647.4 1
0 1 974.9 1429.3 1
9 3 492.3 570.2 3
5 6 761.5 1326.3 3
4 9 1041.5 1927.9 1
5 2 606.7 1470.5 1
0 6 1018.9 1220.0 2
1 9 253.7 1119.5 3
9 3 371.0 477.8 1
4 10 732.2 1554.8 4
2 7 119.2 764.7 4
5 1 872.4 1215.6 1
3 10 969.7 1302.9 3
3 6 937.2 1830.0 4
2 4 117.3 217.5 3
0 4 1187.3 1551.3 4
0 8 868.3 1753.6 2
3 5 246.1 844.8 1
0 3 345.3 1129.1 3
3 8 390.5 939.1 3
4 9 786.3 1474.4 1
3 10 1038.0 1372.0 4
6 3 735.4 1031.7 1
7 3 1009.6 1524.7 2
6 10 386.3 906.0 3
9 7 553.5 1242.4 3
0 6 116.3 172.9 3
6 5 476.8 1272.0 4
7 4 48.1 260.1 4
EOF
