NUM_STATIONS: 10
NUM_REQUESTS: 20
NUM_VEHICLES: 3
VEHICLE_CAPACITY: 2
DISTANCES
0 1 8.3
1 2 2.5
2 3 8.9
3 4 6.4
4 5 8.5
5 6 5.9
6 7 7.6
7 8 9.1
8 9 7.1
9 0 6.5
REQUEST_SECTION
4 1 40.8 139.4 1
9 3 60.0 169.5 2
9 10 89.7 175.1 1
7 2 146.4 303.0 2
9 1 126.1 197.5 1
4 2 80.4 180.5 1
1 10 90.5 175.3 2
1 5 140.6 217.7 1
5 7 158.8 327.1 1
6 7 25.2 151.5 2
2 1 120.4 289.6 2
0 3 97.7 266.7 2
8 5 64.3 193.7 2
0 6 110.0 240.4 2
3 2 21.6 195.2 2
1 2 119.1 291.7 1
0 9 15.1 160.1 1
2 5 108.1 197.4 1
2 1 152.5 314.2 2
9 8 122.5 227.1 1
EOF
