NUM_STATIONS: 10
NUM_REQUESTS: 20
NUM_VEHICLES: 3
VEHICLE_CAPACITY: 8
DISTANCES
0 1 8.3
1 2 2.5
2 3 8.9
3 4 6.4
4 5 8.5
5 6 5.9
6 7 7.6
7 8 9.1
8 9 7.1
9 0 6.5
REQUEST_SECTION
4 1 171.4 244.0 8
9 3 71.5 242.5 8
9 10 32.8 158.2 6
7 2 171.7 257.5 5
9 1 73.0 257.2 3
4 2 158.3 338.2 8
1 10 16.5 186.3 5
1 5 37.6 176.8 8
5 7 141.0 294.6 2
6 7 151.1 257.2 1
2 1 84.9 209.7 5
0 3 50.5 220.3 5
8 5 33.2 136.4 4
0 6 56.4 133.1 7
3 2 153.0 254.7 8
1 2 46.7 187.2 2
0 9 106.6 249.9 2
2 5 13.1 147.8 5
2 1 15.4 166.9 1
9 8 106.3 219.4 6
EOF
