NUM_STATIONS: 10
NUM_REQUESTS: 80
NUM_VEHICLES: 1
VEHICLE_CAPACITY: 4
DISTANCES
0 1 7.9
1 2 8.1
2 3 2.5
3 4 7.9
4 5 2.3
5 6 7.4
6 7 8.2
7 8 1.4
8 9 7.4
9 0 3.5
REQUEST_SECTION
9 4 1411.9 1912.5 4
8 6 486.1 1517.9 3
1 2 606.9 1320.9 3
8 4 1029.7 1846.4 3
2 7 335.0 658.9 1
1 8 1134.7 1945.9 2
5 7 384.8 1365.7 3
1 9 1676.5 2324.9 1
1 4 1051.9 1747.8 2
4 6 1304.8 1468.3 3
0 8 1686.5 2187.3 3
7 6 1327.8 1403.8 2
7 6 455.9 1261.5 2
4 10 1276.7 2420.0 2
8 2 292.3 1250.6 4
1 4 536.6 654.9 3
2 8 1021.7 2071.2 3
0 3 705.7 1518.4 4
8 6 161.5 422.7 4
8 1 396.3 1578.0 1
9 8 1115.1 1912.1 2
6 3 241.6 1099.8 1
2 4 426.8 756.2 4
3 10 453.3 1330.5 1
5 6 696.6 1101.5 3
5 6 1178.0 1982.2 4
2 9 1674.5 2846.9 4
6 8 1405.0 1755.2 1
9 10 1597.1 2120.9 1
5 8 748.9 1812.5 2
0 5 945.4 1522.1 3
2 4 449.3 892.2 2
3 9 1043.2 1258.1 4
0 3 180.8 999.3 4
5 6 1677.0 1749.2 2
5 10 214.2 296.1 4
4 8 1688.0 2168.0 1
9 4 1081.2 2227.5 4
1 9 1240.7 1573.5 3
0 9 485.3 1299.8 4
6 3 1222.0 2387.2 3
0 1 493.1 1136.5 3
8 1 944.7 1187.7 1
3 9 439.8 944.3 1
4 2 79.9 178.2 4
5 10 877.7 1623.9 3
9 2 1152.4 2019.8 1
2 5 950.1 1400.5 1
3 4 488.1 991.2 2
3 1 1281.5 1369.1 4
3 2 962.0 1262.9 1
4 3 758.5 1787.0 4
1 4 1463.2 1981.5 2
2 7 1207.5 1948.0 1
1 9 695.7 1675.7 4
0 6 1515.2 2596.0 1
5 2 303.7 548.0 1
8 2 397.1 1563.4 3
8 4 1214.0 1955.6 3
2 4 225.5 1239.5 4
6 8 97.0 246.9 2
2 9 615.8 1594.9 1
2 8 2.1 511.3 3
1 8 1048.4 2146.5 1
9 7 1576.3 1840.7 3
6 2 1123.9 1380.0 4
2 8 79.7 1103.4 4
0 4 1261.0 1839.1 3
7 10 887.0 2001.2 4
2 4 706.9 1128.1 1
6 1 1166.7 2325.0 4
5 2 282.7 674.4 4
6 8 414.9 1551.6 4
7 5 1338.3 2072.7 2
8 10 1024.3 1770.4 3
5 2 134.7 548.7 3
9 7 1685.4 2254.3 1
7 6 918.9 1723.1 2
4 9 136.3 252.9 1
3 10 458.8 1261.0 1
EOF
