NUM_STATIONS: 10
NUM_REQUESTS: 20
NUM_VEHICLES: 2
VEHICLE_CAPACITY: 2
DISTANCES
0 1 10.0
1 2 3.1
2 3 7.4
3 4 2.1
4 5 5.5
5 6 6.0
6 7 3.5
7 8 7.1
8 9 7.6
9 0 5.4
REQUEST_SECTION
4 9 204.9 402.9 2
8 3 65.4 158.5 2
4 3 77.0 328.5 2
5 2 193.2 353.1 1
7 5 258.8 529.7 1
3 6 163.8 435.8 2
9 4 164.5 374.6 1
5 4 270.5 336.5 2
7 6 206.2 282.3 2
5 4 73.7 340.9 2
6 8 129.4 362.0 1
3 1 254.4 317.4 2
3 10 159.6 307.1 2
8 9 4.2 189.4 2
8 3 129.6 297.3 2
3 2 221.6 302.2 1
0 3 279.6 458.2 2
1 3 94.4 302.6 1
7 5 55.8 223.3 1
8 7 229.3 457.1 1
EOF
