NUM_STATIONS: 10
NUM_REQUESTS: 160
NUM_VEHICLES: 3
VEHICLE_CAPACITY: 2
DISTANCES
0 1 6.3
1 2 7.7
2 3 3.8
3 4 4.5
4 5 9.5
5 6 2.1
6 7 8.1
7 8 3.8
8 9 3.5
9 0 1.8
REQUEST_SECTION
8 5 768.0 886.3 2
2 7 761.3 1060.1 2
0 6 1027.9 1467.6 1
4 2 597.4 1016.6 1
6 1 901.2 1553.7 1
6 5 494.6 743.5 1
4 5 693.2 780.8 2
1 7 970.0 1485.7 2
9 1 1308.5 2021.6 2
8 4 891.9 1064.6 2
6 8 312.5 848.3 1
3 10 491.6 964.0 1
9 6 332.4 813.9 2
1 3 1083.2 1451.0 2
9 1 62.7 680.1 2
6 5 680.2 790.2 2
1 10 76.1 784.3 1
0 8 355.5 656.0 2
7 10 513.1 1217.5 2
2 5 119.0 452.3 2
3 9 1070.4 1574.4 1
9 5 518.9 1020.6 2
2 4 780.2 1490.3 2
0 5 991.1 1126.5 1
6 5 1194.3 1514.5 2
1 3 275.6 399.6 2
7 5 936.4 1496.9 1
0 4 811.2 963.7 1
2 10 210.6 800.1 2
1 10 649.3 1016.7 1
4 1 505.4 914.6 1
5 8 662.1 1179.7 1
8 5 387.9 500.9 1
4 10 1055.2 1221.1 2
6 3 1210.8 1808.6 1
6 5 1350.0 1852.5 1
1 7 487.1 803.1 2
3 1 985.7 1449.9 1
0 3 367.4 1047.2 1
3 2 1092.3 1717.5 1
7 4 807.2 1209.0 2
6 4 505.1 578.4 2
3 8 775.9 1007.8 2
7 2 179.9 600.1 1
8 3 234.3 651.1 1
8 2 914.0 1032.1 1
2 3 370.7 460.8 1
0 1 366.0 1082.1 2
5 8 266.7 924.4 2
2 7 139.6 202.6 2
8 4 1094.3 1702.2 2
3 8 341.6 556.3 2
2 5 1043.1 1186.1 1
4 1 546.1 834.4 2
6 4 246.1 587.3 2
4 5 908.5 1569.8 2
6 7 263.1 536.6 2
2 8 582.2 909.1 1
8 10 1058.1 1659.8 1
9 8 795.3 986.2 2
9 3 445.1 516.1 1
8 9 209.3 459.4 1
8 9 301.1 528.7 2
8 10 809.3 1520.1 2
3 9 20.0 710.2 2
2 8 1055.7 1491.6 2
7 3 561.4 869.6 2
1 8 1354.3 1409.1 1
9 1 929.7 1075.7 2
4 6 1296.8 1698.7 1
2 10 909.7 1395.2 2
0 3 117.0 334.3 1
0 5 61.0 779.3 1
5 3 232.4 338.2 1
9 3 1351.4 1797.2 2
9 4 813.9 1172.3 2
3 2 1267.3 1714.4 1
5 4 312.8 621.8 2
7 1 641.1 1116.3 2
0 7 329.3 772.8 1
5 8 338.0 1044.4 2
9 1 1168.2 1812.0 1
3 4 1073.2 1472.6 2
4 9 524.2 1068.3 2
5 1 82.1 674.5 1
5 2 612.7 761.5 2
2 1 1192.9 1501.4 2
8 2 1159.9 1723.9 2
0 8 1082.3 1666.4 2
3 1 1264.8 1533.9 1
2 10 926.4 1274.1 2
0 8 1157.4 1548.2 2
6 9 786.0 1290.2 1
3 8 1002.9 1119.6 1
4 2 76.3 328.5 2
7 4 28.3 500.9 2
9 1 932.6 1560.7 2
7 8 1286.7 1609.7 2
4 7 1070.9 1738.5 1
8 5 836.0 934.4 1
8 7 179.4 674.0 2
3 1 675.5 1185.5 1
6 3 993.7 1127.1 2
5 9 1077.3 1263.7 2
3 7 508.1 694.1 2
2 7 767.5 1358.2 1
2 7 117.1 774.5 1
9 10 67.4 440.9 2
0 8 191.0 860.4 2
7 8 58.7 511.2 1
4 3 1078.3 1183.2 2
6 7 1051.1 1663.3 2
1 6 537.3 1020.7 2
5 1 222.0 288.2 1
4 9 59.1 724.0 1
3 8 1233.2 1705.5 1
5 7 561.3 894.2 1
6 9 306.5 1007.9 2
1 5 1273.3 2003.3 1
8 2 1035.3 1263.1 1
9 10 1346.9 1972.9 1
5 7 635.1 1076.0 1
5 4 320.7 450.2 2
7 6 1272.9 1600.7 1
5 9 1055.1 1169.8 1
9 7 66.0 396.0 1
3 5 376.2 722.0 2
5 9 501.7 1114.2 1
7 8 990.8 1397.4 1
0 5 230.0 292.6 2
6 3 1327.8 1718.2 2
2 5 701.8 1336.4 2
9 8 950.4 1643.8 1
1 10 411.3 626.7 1
4 6 1334.3 1926.8 1
4 9 881.4 1287.8 1
6 7 184.0 574.4 2
8 1 762.9 909.6 1
7 2 1275.8 1963.4 1
8 7 378.2 589.8 2
6 8 1250.6 1410.6 2
1 6 250.0 651.1 2
0 3 1206.8 1580.0 1
5 1 971.0 1131.0 2
0 4 431.2 1069.8 1
9 4 206.7 303.5 1
1 10 1063.8 1353.2 1
8 5 992.9 1163.5 2
7 6 90.8 318.1 2
3 9 1257.2 1439.4 1
0 8 181.5 884.8 1
2 9 505.6 882.6 1
9 8 793.6 907.1 2
1 9 408.0 719.9 2
1 8 1062.0 1680.4 1
0 5 1197.5 1796.4 2
4 6 393.7 584.0 2
7 5 559.4 791.7 1
9 6 1065.0 1777.0 2
8 5 1009.2 1247.8 1
EOF
