NUM_STATIONS: 10
NUM_REQUESTS: 160
NUM_VEHICLES: 2
VEHICLE_CAPACITY: 2
DISTANCES
0 1 6.3
1 2 7.7
2 3 3.8
3 4 4.5
4 5 9.5
5 6 2.1
6 7 8.1
7 8 3.8
8 9 3.5
9 0 1.8
REQUEST_SECTION
8 5 302.3 1331.3 2
2 7 528.4 687.3 2
0 6 2031.3 2599.1 2
4 2 1080.8 1135.0 1
6 1 1653.6 2352.3 1
6 5 282.5 392.0 2
4 5 857.1 1153.0 2
1 7 1554.0 2257.6 2
9 1 40.6 407.3 1
8 4 448.2 946.7 2
6 8 1180.5 1570.0 1
3 10 750.1 1240.7 1
9 6 109.9 434.5 2
1 3 624.6 1551.2 1
9 1 1196.4 1869.7 2
6 5 685.6 1753.3 1
1 10 632.8 1249.9 2
0 8 1125.0 2196.1 1
7 10 1952.9 2856.1 2
2 5 985.1 1642.3 1
3 9 1818.2 2099.2 2
9 5 1421.4 2399.8 1
2 4 1521.7 1844.3 2
0 5 1536.5 1813.3 1
6 5 631.2 914.5 2
1 3 886.3 1857.9 2
7 5 1673.5 2594.9 2
0 4 1318.7 1712.0 1
2 10 659.1 1633.0 1
1 10 1831.6 1986.7 2
4 1 516.2 618.6 1
5 8 1568.0 1824.9 2
8 5 1814.3 1989.2 1
4 10 551.9 1213.3 2
6 3 1722.9 2042.2 2
6 5 1032.5 1968.5 2
1 7 502.5 578.3 1
3 1 1082.0 1368.4 1
0 3 1555.9 2533.9 1
3 2 1690.6 2513.3 1
7 4 253.8 727.5 1
6 4 626.4 679.6 1
3 8 646.3 808.9 1
7 2 432.7 1397.3 1
8 3 150.0 969.9 1
8 2 1784.9 1950.4 2
2 3 1736.9 1800.5 2
0 1 1415.0 2240.8 2
5 8 1883.3 2744.3 2
2 7 534.2 1214.9 2
8 4 1555.1 2347.8 2
3 8 84.9 896.0 1
2 5 735.9 1634.6 2
4 1 1005.7 1786.6 1
6 4 1317.0 2277.3 1
4 5 128.5 452.6 2
6 7 1315.3 1960.4 2
2 8 1936.2 2658.3 2
8 10 1152.1 2086.6 1
9 8 48.3 594.5 2
9 3 878.1 1636.2 1
8 9 1747.3 2087.0 1
8 9 909.3 1520.4 2
8 10 412.5 1121.6 1
3 9 1492.4 2423.5 2
2 8 1840.0 2072.0 1
7 3 1216.8 2102.6 1
1 8 1151.6 1258.8 2
9 1 2038.1 2700.7 2
4 6 1976.4 2496.7 1
2 10 715.8 1374.5 1
0 3 1151.6 1902.5 2
0 5 671.9 1336.1 2
5 3 0.8 248.2 2
9 3 1714.0 2317.4 1
9 4 144.1 590.4 2
3 2 1629.7 2452.4 2
5 4 2024.3 2499.1 1
7 1 1804.1 2231.2 2
0 7 851.8 1660.0 2
5 8 1868.2 2710.1 1
9 1 197.1 1071.7 1
3 4 28.6 880.6 1
4 9 1180.4 1775.7 1
5 1 420.1 922.2 1
5 2 1779.5 2819.7 2
2 1 1258.1 1369.3 1
8 2 958.0 1873.0 1
0 8 1879.1 2436.3 2
3 1 1298.9 1694.3 2
2 10 408.3 676.7 1
0 8 762.6 1619.0 2
6 9 1765.1 1951.6 2
3 8 1964.3 2746.6 1
4 2 1620.6 2526.1 1
7 4 1004.9 1912.9 2
9 1 728.4 917.5 2
7 8 584.7 1084.1 1
4 7 947.8 1541.8 1
8 5 1266.6 2154.3 1
8 7 633.8 1324.4 1
3 1 1326.7 1534.0 2
6 3 1961.4 3008.3 2
5 9 1935.0 2488.7 2
3 7 900.0 1409.6 1
2 7 1143.3 1428.9 2
2 7 989.9 1667.3 1
9 10 2009.9 2861.6 2
0 8 1219.1 1442.5 2
7 8 2000.5 2868.3 1
4 3 1194.7 2242.4 2
6 7 1249.1 1946.8 1
1 6 448.0 1217.2 2
5 1 899.6 1373.9 1
4 9 360.1 1044.5 2
3 8 527.2 1049.5 1
5 7 1880.0 2520.3 1
6 9 572.5 959.2 1
1 5 1396.8 2157.0 1
8 2 408.2 737.2 1
9 10 396.8 1263.5 1
5 7 15.2 487.3 2
5 4 642.1 827.6 1
7 6 2014.2 2446.7 1
5 9 500.7 926.0 1
9 7 1609.1 2360.4 2
3 5 915.6 1440.7 1
5 9 2025.4 2817.1 2
7 8 1934.8 2390.0 1
0 5 123.5 664.0 1
6 3 329.6 653.3 2
2 5 185.2 1167.7 1
9 8 1892.3 2835.8 1
1 10 556.5 830.9 1
4 6 1771.8 2050.0 2
4 9 934.2 1741.8 2
6 7 1564.4 1655.8 2
8 1 1521.9 2425.4 1
7 2 184.9 1065.5 2
8 7 1009.3 1533.4 1
6 8 693.0 1136.5 1
1 6 1350.8 2218.5 1
0 3 726.1 1425.6 1
5 1 1797.3 2485.1 2
0 4 545.6 887.4 1
9 4 364.4 1218.1 2
1 10 432.2 835.7 2
8 5 1526.9 2120.7 2
7 6 1020.0 1330.4 2
3 9 1360.6 2384.0 2
0 8 764.1 1041.4 1
2 9 2008.1 2426.5 2
9 8 46.6 936.4 2
1 9 146.8 1068.9 2
1 8 2033.2 2449.6 1
0 5 1334.5 2269.9 1
4 6 1411.6 1500.5 1
7 5 829.4 1875.3 1
9 6 122.2 662.7 2
8 5 1133.3 1942.2 1
EOF
