NUM_STATIONS: 10
NUM_REQUESTS: 80
NUM_VEHICLES: 3
VEHICLE_CAPACITY: 8
DISTANCES
0 1 9.9
1 2 5.8
2 3 2.8
3 4 4.2
4 5 8.2
5 6 9.6
6 7 7.3
7 8 4.0
8 9 8.9
9 0 4.1
REQUEST_SECTION
8 2 291.8 573.1 3
3 8 344.9 442.2 7
0 4 274.0 513.0 6
4 8 125.6 450.0 6
7 10 151.4 438.2 5
4 1 148.5 243.0 1
1 9 156.0 508.4 1
3 6 626.8 863.2 8
5 9 417.4 729.5 4
9 5 348.2 648.6 5
1 7 620.7 1091.2 6
7 3 200.8 266.1 7
9 7 12.8 448.9 6
1 6 226.3 588.1 2
5 3 262.5 632.5 4
0 4 627.7 1067.2 1
7 1 5.4 422.3 8
0 4 547.0 787.7 1
2 9 148.7 488.3 8
0 6 99.4 496.5 6
0 9 547.2 892.5 2
4 10 527.1 681.9 4
2 5 266.5 485.9 5
1 10 217.3 444.2 2
7 10 93.8 296.7 7
2 10 157.1 369.6 5
3 8 271.1 503.8 5
5 8 180.5 658.6 4
6 8 50.2 311.4 8
6 5 219.8 541.7 2
5 10 46.1 506.8 1
2 8 558.7 982.7 7
8 9 125.2 265.6 2
2 7 472.2 779.1 7
4 6 464.6 813.5 6
5 8 385.9 741.4 8
9 8 533.9 731.6 5
3 1 32.2 412.6 3
3 4 510.8 806.0 1
2 6 224.6 386.8 1
4 9 227.4 693.5 7
7 5 435.4 608.0 7
6 4 246.2 457.3 5
7 3 135.8 443.1 4
5 10 142.5 522.5 8
3 8 461.6 824.1 4
9 6 583.8 719.3 3
5 1 5.1 259.8 3
8 4 3.5 141.7 7
0 5 87.9 435.8 4
5 10 257.0 653.3 1
7 5 255.3 710.0 7
6 10 264.8 709.3 6
6 1 67.6 399.9 3
2 6 438.3 768.9 6
4 5 3.1 348.6 7
7 3 325.9 503.9 2
0 4 201.6 598.9 6
0 9 503.2 926.7 5
4 10 433.8 646.4 3
2 1 60.6 486.1 6
1 10 341.3 516.4 3
0 7 590.7 971.3 8
0 4 57.4 284.7 8
2 6 338.9 475.2 8
6 8 42.8 394.7 3
7 9 303.3 461.9 8
0 1 14.5 190.1 6
3 6 488.2 983.9 3
5 1 262.3 351.6 5
1 8 102.2 470.3 2
7 5 248.1 378.7 8
3 2 65.7 308.5 7
2 5 414.9 669.2 4
4 2 589.3 998.0 4
7 10 163.9 541.4 3
3 7 292.0 621.2 7
4 6 31.5 515.1 3
1 2 382.1 663.3 8
1 8 183.5 601.3 1
EOF
