NUM_STATIONS: 10
NUM_REQUESTS: 80
NUM_VEHICLES: 1
VEHICLE_CAPACITY: 1
DISTANCES
0 1 5.3
1 2 5.1
2 3 4.1
3 4 5.8
4 5 8.8
5 6 4.0
6 7 7.4
7 8 2.6
8 9 6.4
9 0 5.7
REQUEST_SECTION
7 4 2137.2 3133.2 1
7 1 321.3 621.7 1
9 2 637.0 959.9 1
2 9 635.0 1606.5 1
6 10 1018.9 1497.2 1
0 9 1944.9 3087.4 1
6 8 433.0 1072.5 1
2 3 1226.5 1449.1 1
4 7 1249.4 1912.9 1
1 4 1993.0 2515.9 1
5 9 285.6 1148.8 1
7 1 1598.2 2706.9 1
5 3 633.8 1558.5 1
4 10 1310.2 1758.7 1
0 1 1550.2 2442.9 1
8 9 1779.2 2926.1 1
8 2 69.6 1159.6 1
8 4 488.8 1178.0 1
1 5 1657.2 2251.4 1
5 3 70.2 1205.2 1
8 2 870.9 1922.2 1
3 6 14.5 776.0 1
5 4 2037.6 3167.2 1
7 9 486.7 1082.1 1
3 5 1266.3 1776.2 1
7 8 1790.1 2737.8 1
0 8 2004.9 2922.2 1
9 2 1753.8 2819.7 1
1 6 881.9 1945.7 1
4 7 1021.4 1170.2 1
0 7 622.0 1163.2 1
5 7 894.5 1612.8 1
4 7 2195.0 2916.9 1
1 6 1506.5 1991.0 1
0 9 2148.2 2235.1 1
8 9 396.7 523.8 1
2 5 149.3 820.7 1
1 10 1465.3 2480.8 1
3 2 835.3 1857.8 1
9 6 1338.4 1805.7 1
7 8 1781.0 1849.0 1
6 8 568.8 984.5 1
6 3 140.8 647.2 1
0 6 92.8 840.2 1
1 6 965.3 1840.9 1
0 7 1737.2 2619.7 1
6 3 277.3 428.5 1
3 2 1827.7 2516.3 1
8 10 795.8 1525.5 1
6 3 1099.4 1169.5 1
9 8 355.5 962.3 1
1 6 139.4 575.3 1
3 2 2098.4 2352.6 1
2 5 1354.8 2137.6 1
6 1 1903.3 2590.5 1
9 4 2117.5 2524.8 1
7 9 2131.5 2737.4 1
1 2 80.2 1061.0 1
8 4 544.8 1585.4 1
3 7 1920.3 2100.4 1
1 8 1271.8 2427.0 1
3 5 1440.4 1884.5 1
6 4 1084.4 1331.3 1
5 9 1984.9 2803.1 1
4 3 63.0 672.1 1
1 8 640.3 1606.7 1
0 9 925.8 1891.6 1
9 5 370.2 1099.0 1
2 9 2046.6 2520.8 1
6 2 591.2 669.0 1
9 1 1301.1 2103.9 1
9 3 1503.6 1972.1 1
5 2 347.8 1296.3 1
8 10 1318.9 1644.2 1
3 7 51.1 987.0 1
7 5 1872.0 2949.7 1
0 5 881.2 1135.2 1
6 1 1762.1 2829.9 1
7 1 1202.6 1763.4 1
3 9 1319.5 1670.6 1
EOF
