NUM_STATIONS: 10
NUM_REQUESTS: 20
NUM_VEHICLES: 1
VEHICLE_CAPACITY: 1
DISTANCES
0 1 8.3
1 2 2.5
2 3 8.9
3 4 6.4
4 5 8.5
5 6 5.9
6 7 7.6
7 8 9.1
8 9 7.1
9 0 6.5
REQUEST_SECTION
4 1 73.4 416.6 1
9 3 536.0 740.7 1
9 10 446.9 667.6 1
7 2 137.6 399.4 1
9 1 519.0 714.4 1
4 2 512.4 920.3 1
1 10 456.5 772.1 1
1 5 639.1 903.5 1
5 7 199.2 299.2 1
6 7 117.1 354.8 1
2 1 245.3 477.9 1
0 3 46.6 289.5 1
8 5 554.0 917.0 1
0 6 401.2 553.7 1
3 2 416.5 821.9 1
1 2 457.9 714.8 1
0 9 378.2 552.6 1
2 5 6.6 208.0 1
2 1 576.5 731.3 1
9 8 126.0 468.2 1
EOF
