NUM_STATIONS: 10
NUM_REQUESTS: 80
NUM_VEHICLES: 1
VEHICLE_CAPACITY: 2
DISTANCES
0 1 5.3
1 2 5.1
2 3 4.1
3 4 5.8
4 5 8.8
5 6 4.0
6 7 7.4
7 8 2.6
8 9 6.4
9 0 5.7
REQUEST_SECTION
7 4 685.3 1319.0 2
7 1 783.3 866.9 1
9 2 1346.0 2304.0 2
2 9 636.6 1632.7 2
6 10 914.2 1997.1 2
0 9 1451.2 2443.2 2
6 8 649.7 1402.3 1
2 3 1110.3 2185.8 2
4 7 1359.5 1895.1 2
1 4 649.9 1541.3 2
5 9 921.3 1447.9 1
7 1 1334.6 1772.7 1
5 3 1585.9 2037.0 2
4 10 113.8 902.7 2
0 1 308.3 738.9 1
8 9 718.7 1678.3 1
8 2 227.7 1013.2 1
8 4 1129.7 2038.6 1
1 5 573.3 713.2 2
5 3 1166.7 2250.2 2
8 2 1550.1 2598.5 1
3 6 229.2 1139.9 1
5 4 1336.6 1655.1 2
7 9 1636.0 2144.8 2
3 5 665.9 1763.2 2
7 8 1134.7 1773.5 1
0 8 1551.3 2184.7 1
9 2 663.3 1721.6 1
1 6 1461.3 1852.4 1
4 7 985.6 1536.0 1
0 7 1548.3 2581.3 2
5 7 1641.7 2583.6 1
4 7 1509.2 2001.9 2
1 6 560.4 966.7 2
0 9 1471.5 1805.8 1
8 9 1594.9 2696.9 2
2 5 1327.6 2058.2 2
1 10 1480.3 2352.4 2
3 2 1006.4 2039.2 1
9 6 1184.8 2214.4 1
7 8 348.6 967.3 2
6 8 459.8 1572.1 1
6 3 1177.1 1241.6 2
0 6 177.0 713.8 1
1 6 606.9 1757.4 2
0 7 1410.2 1737.1 2
6 3 1552.0 2416.8 1
3 2 1234.5 1526.3 2
8 10 340.0 1281.6 1
6 3 946.6 1665.1 2
9 8 240.1 1363.2 1
1 6 1131.0 2214.5 2
3 2 162.3 426.6 1
2 5 1142.8 2260.9 2
6 1 1583.4 1972.7 1
9 4 512.6 640.6 1
7 9 697.8 834.8 2
1 2 130.0 912.0 2
8 4 930.2 1583.1 2
3 7 1390.6 2293.5 1
1 8 1120.4 1822.1 2
3 5 1167.4 1554.4 1
6 4 954.6 2053.6 2
5 9 364.5 1046.5 2
4 3 612.9 982.6 2
1 8 690.9 1704.5 1
0 9 825.6 1737.2 1
9 5 1272.1 2162.1 2
2 9 631.0 1699.9 2
6 2 927.3 1185.2 2
9 1 1123.2 1438.4 2
9 3 752.9 1899.7 2
5 2 71.2 220.2 1
8 10 969.6 1550.5 2
3 7 499.3 1007.5 2
7 5 156.7 249.0 2
0 5 1050.6 1760.8 1
6 1 336.6 736.2 1
7 1 549.5 939.5 1
3 9 586.2 794.1 1
EOF
