NUM_STATIONS: 10
NUM_REQUESTS: 40
NUM_VEHICLES: 3
VEHICLE_CAPACITY: 8
DISTANCES
0 1 2.8
1 2 2.9
2 3 8.4
3 4 7.3
4 5 6.1
5 6 1.6
6 7 8.4
7 8 7.7
8 9 3.2
9 0 1.5
REQUEST_SECTION
4 8 126.8 261.2 3
3 10 206.7 487.3 1
6 4 224.6 468.5 1
1 6 108.6 160.7 2
0 4 230.4 519.1 1
5 3 237.8 501.8 3
6 9 103.4 298.6 8
1 10 32.9 121.8 1
1 9 18.5 275.3 2
0 6 21.2 97.2 8
6 9 32.3 330.5 1
5 6 121.4 294.4 3
9 3 69.2 192.2 1
6 2 76.3 154.9 1
9 3 140.8 396.1 5
0 2 248.1 499.3 7
9 5 91.6 210.6 2
7 4 137.0 417.6 2
1 5 30.1 168.8 4
5 4 80.3 254.7 8
8 5 238.3 411.8 1
7 6 5.6 273.7 4
4 1 226.1 493.4 3
4 10 196.7 276.5 4
7 5 207.0 322.6 3
1 10 187.9 475.9 7
3 5 176.0 417.5 5
2 5 247.0 429.2 4
6 8 117.7 400.9 2
4 7 68.5 313.3 7
9 1 12.1 140.4 5
6 3 132.7 354.3 5
8 9 175.0 468.4 4
6 3 103.8 201.7 5
5 2 105.5 162.7 3
8 5 221.8 286.1 6
7 9 112.1 323.9 6
5 4 59.1 226.2 8
0 2 152.4 373.1 5
2 4 100.4 309.6 2
EOF
