NUM_STATIONS: 10
NUM_REQUESTS: 20
NUM_VEHICLES: 2
VEHICLE_CAPACITY: 1
DISTANCES
0 1 6.6
1 2 8.7
2 3 5.9
3 4 9.0
4 5 3.2
5 6 7.2
6 7 4.7
7 8 8.2
8 9 3.5
9 0 6.8
REQUEST_SECTION
3 5 180.0 281.8 1
1 7 219.0 440.6 1
4 5 150.3 272.0 1
0 6 208.2 342.1 1
1 7 307.3 479.0 1
6 7 120.7 210.2 1
0 8 127.4 297.4 1
1 4 64.9 166.4 1
0 5 231.9 361.2 1
6 1 202.4 332.1 1
0 8 128.1 341.3 1
8 2 289.7 438.7 1
8 2 233.1 347.9 1
4 1 96.6 277.3 1
4 7 289.4 465.6 1
5 10 231.4 423.0 1
7 3 168.4 371.5 1
6 2 190.6 356.8 1
0 8 277.3 428.8 1
5 8 188.5 284.7 1
EOF
