NUM_STATIONS: 10
NUM_REQUESTS: 20
NUM_VEHICLES: 2
VEHICLE_CAPACITY: 8
DISTANCES
0 1 10.0
1 2 3.1
2 3 7.4
3 4 2.1
4 5 5.5
5 6 6.0
6 7 3.5
7 8 7.1
8 9 7.6
9 0 5.4
REQUEST_SECTION
4 9 112.8 262.7 1
8 3 84.2 161.5 4
4 3 186.9 315.1 7
5 2 75.1 273.1 8
7 5 49.5 246.3 2
3 6 35.6 142.9 4
9 4 44.4 170.5 7
5 4 87.5 228.8 5
7 6 203.6 281.5 1
5 4 129.1 320.8 5
6 8 99.1 217.4 1
3 1 53.8 117.1 4
3 10 170.1 277.0 3
8 9 191.6 322.1 8
8 3 138.5 314.9 1
3 2 176.0 247.1 8
0 3 128.2 199.6 5
1 3 110.9 287.6 4
7 5 118.5 245.0 6
8 7 26.9 99.6 1
EOF
