NUM_STATIONS: 10
NUM_REQUESTS: 160
NUM_VEHICLES: 1
VEHICLE_CAPACITY: 8
DISTANCES
0 1 3.6
1 2 7.3
2 3 7.4
3 4 1.6
4 5 9.1
5 6 1.1
6 7 5.1
7 8 5.3
8 9 9.0
9 0 2.6
REQUEST_SECTION
0 6 793.2 2132.8 5
6 7 692.4 884.5 7
7 6 440.6 648.9 5
0 1 1994.2 2355.8 7
4 3 2414.9 2955.7 6
6 10 469.0 1340.8 2
5 2 3917.9 4511.0 1
1 3 2496.2 3909.6 7
0 6 3523.2 3631.3 4
6 1 996.3 2490.0 7
4 5 1854.2 2460.8 1
6 2 3475.5 4973.8 5
3 4 4096.9 4929.8 8
3 4 1331.6 3276.0 4
7 9 4095.8 5103.3 8
9 3 3403.8 3870.4 5
9 7 2959.4 4278.4 6
4 8 3726.5 5489.0 4
3 7 97.5 2134.2 3
2 3 2288.5 2596.6 7
0 7 1258.3 2385.5 4
1 5 3122.8 4380.3 8
8 2 2393.8 3336.7 1
5 3 3977.3 5673.5 5
5 9 2286.5 3330.8 1
1 6 2263.4 4108.4 8
1 6 2768.5 4038.2 6
4 2 2254.7 4095.5 7
5 3 3459.9 3938.5 3
4 7 2233.3 3648.6 5
6 5 42.9 490.6 5
3 7 919.8 2930.2 6
5 3 1365.8 1708.0 1
4 9 1888.2 3352.7 2
2 6 3293.7 4990.5 5
8 4 930.3 2654.9 7
0 3 1515.9 2484.6 3
8 9 1987.7 2881.7 4
9 5 2137.5 4277.2 6
5 7 613.4 1140.4 2
1 5 3529.2 4866.2 7
6 8 1486.6 3060.5 6
3 8 269.6 1314.5 3
8 5 584.5 1648.9 3
3 10 3565.7 5259.1 5
8 7 2713.8 3288.3 1
9 4 3521.3 4532.3 2
6 2 822.4 1748.5 7
9 7 1465.8 2673.0 6
0 8 344.6 778.9 4
3 9 77.2 2170.1 3
7 10 2449.7 2879.4 3
7 3 47.9 1163.4 1
4 1 172.6 2086.6 7
1 3 3946.6 5365.6 6
4 9 1672.2 2927.6 1
6 7 746.1 1557.0 6
3 9 762.3 912.4 6
1 5 2767.4 3153.9 8
9 7 969.7 1086.6 4
4 8 3953.7 5462.2 7
7 10 719.8 1653.4 3
2 9 2324.5 2943.3 7
8 1 4080.3 4545.7 5
1 7 1524.8 2290.3 3
8 5 2303.1 2960.1 4
7 3 491.9 1720.4 4
3 5 3143.5 3553.4 5
0 5 3255.2 4108.6 5
9 4 3008.4 4034.5 7
5 8 3521.1 5091.9 1
9 8 4006.0 4767.6 6
6 9 1155.0 2863.8 5
8 1 226.2 2300.9 2
6 7 1028.8 2149.2 4
6 1 1863.3 3704.8 5
3 5 1157.9 2622.2 6
4 7 602.2 1273.6 6
6 3 59.7 716.0 2
4 5 3428.8 5021.4 1
0 1 984.2 1362.1 8
8 5 645.9 1431.7 6
3 4 1120.5 1690.7 7
2 6 3621.4 4894.9 1
9 4 1986.3 3872.2 7
6 8 1318.9 3380.6 4
6 2 4011.0 4495.3 6
7 2 415.4 2418.4 3
1 8 603.4 930.2 4
9 5 2235.8 2388.1 5
6 2 1634.4 1806.3 5
1 5 1849.1 2370.2 1
5 4 1251.9 2588.6 2
8 10 568.8 1476.5 5
3 6 3601.8 5391.4 3
5 2 98.3 992.3 8
6 3 461.8 2193.3 4
4 6 3023.7 3346.1 5
5 7 1812.6 2678.8 4
2 3 441.3 783.3 2
4 9 812.4 2873.7 6
4 1 696.6 2034.0 3
5 6 3469.5 5072.1 3
5 10 560.6 2028.2 3
8 9 297.2 1949.4 1
3 5 3006.2 3588.9 2
3 8 1885.5 3997.0 2
7 8 3823.9 4521.4 3
4 8 3122.1 4350.2 3
1 6 1049.6 2570.0 3
3 9 2181.8 4056.9 7
0 8 3814.2 4846.9 3
0 5 1751.3 2318.5 6
1 8 2580.0 4290.2 3
3 6 1503.6 1557.7 8
7 1 2838.6 3852.5 2
7 1 1298.6 2944.1 7
4 1 591.1 792.7 7
1 2 3216.4 4593.7 1
8 5 1685.5 3406.6 2
6 4 2618.3 3161.8 3
3 6 974.2 3025.8 4
2 8 2350.9 2686.7 3
6 1 2450.6 2894.3 6
6 10 2648.4 4216.5 6
0 2 514.1 1659.9 3
0 1 844.7 986.1 7
3 9 3521.7 3815.8 6
2 8 3641.2 4957.7 4
4 5 3045.1 5012.9 4
1 5 2395.6 4022.3 3
4 2 3450.6 3669.0 5
1 3 2004.6 3235.7 3
1 3 2673.6 3525.5 2
6 1 3657.4 5471.6 5
8 9 1165.3 2115.7 1
7 6 2760.9 3311.4 1
1 7 980.5 2983.2 7
6 1 2684.7 2753.5 6
4 6 887.3 2705.8 5
3 9 1069.5 2091.0 3
2 9 3835.5 5196.7 8
6 9 3720.4 5092.1 1
2 4 843.3 1792.8 3
9 6 1913.0 2286.9 5
1 6 2005.8 3060.8 3
3 2 1594.2 3678.3 5
4 1 3409.5 4371.4 6
8 9 2665.4 4403.3 1
4 3 2473.2 2535.8 7
7 5 100.4 2209.7 7
3 5 687.7 2016.5 6
6 7 1277.1 2644.3 2
9 5 1723.3 2543.8 5
6 5 1625.5 3259.2 3
3 8 2422.8 2834.4 3
4 9 800.1 1471.3 8
4 10 1380.6 1791.1 5
6 8 1477.8 2743.5 5
3 1 1714.1 2605.9 7
EOF
