NUM_STATIONS: 10
NUM_REQUESTS: 20
NUM_VEHICLES: 3
VEHICLE_CAPACITY: 2
DISTANCES
0 1 5.2
1 2 3.6
2 3 9.0
3 4 5.2
4 5 4.6
5 6 6.8
6 7 9.5
7 8 9.5
8 9 7.9
9 0 8.3
REQUEST_SECTION
3 5 121.3 242.9 1
5 3 73.5 228.7 2
0 4 3.6 94.9 1
0 7 65.3 229.1 1
0 5 83.9 157.5 1
3 5 72.6 174.2 2
2 7 97.2 181.9 2
4 5 85.2 232.1 1
7 10 202.6 277.1 2
4 5 83.0 253.6 1
9 5 156.1 294.0 2
5 8 78.1 230.5 2
0 8 208.5 319.5 2
4 5 129.5 302.4 1
1 9 138.0 246.1 2
7 8 48.6 222.5 1
1 3 137.4 271.0 2
1 8 20.8 105.2 2
6 3 200.3 289.7 1
6 7 3.1 161.8 1
EOF
