NUM_STATIONS: 10
NUM_REQUESTS: 160
NUM_VEHICLES: 3
VEHICLE_CAPACITY: 1
DISTANCES
0 1 3.6
1 2 7.3
2 3 7.4
3 4 1.6
4 5 9.1
5 6 1.1
6 7 5.1
7 8 5.3
8 9 9.0
9 0 2.6
REQUEST_SECTION
0 6 209.1 637.5 1
6 7 538.0 655.9 1
7 6 139.6 488.7 1
0 1 1179.9 1560.1 1
4 3 641.6 1567.7 1
6 10 532.8 1492.7 1
5 2 142.3 843.8 1
1 3 18.6 757.6 1
0 6 1062.2 1477.6 1
6 1 511.7 612.8 1
4 5 129.4 487.6 1
6 2 555.9 924.7 1
3 4 566.0 1355.4 1
3 4 444.4 949.6 1
7 9 361.3 1107.9 1
9 3 181.1 444.3 1
9 7 760.0 1271.2 1
4 8 951.5 1617.2 1
3 7 334.9 1295.5 1
2 3 912.1 1453.7 1
0 7 649.7 1540.8 1
1 5 500.0 1415.5 1
8 2 30.9 213.1 1
5 3 1102.6 1392.1 1
5 9 64.5 535.7 1
1 6 1137.5 2118.4 1
1 6 1334.2 2092.0 1
4 2 1262.4 1406.7 1
5 3 469.1 987.1 1
4 7 460.1 739.2 1
6 5 1266.0 1691.2 1
3 7 295.4 600.9 1
5 3 372.5 1086.8 1
4 9 483.1 1444.7 1
2 6 723.4 1601.6 1
8 4 274.9 520.6 1
0 3 670.7 1401.8 1
8 9 1351.5 1460.2 1
9 5 847.4 1103.6 1
5 7 241.0 360.1 1
1 5 404.1 766.8 1
6 8 800.6 1153.6 1
3 8 959.1 1883.3 1
8 5 1325.3 2058.1 1
3 10 1054.4 1369.0 1
8 7 761.9 1006.5 1
9 4 851.9 984.4 1
6 2 896.6 1931.9 1
9 7 1256.5 1765.7 1
0 8 201.9 1154.8 1
3 9 470.7 620.0 1
7 10 821.8 1262.2 1
7 3 50.2 139.1 1
4 1 682.0 1758.2 1
1 3 1158.8 1386.1 1
4 9 566.8 1325.6 1
6 7 304.7 470.4 1
3 9 940.3 1408.6 1
1 5 108.4 833.4 1
9 7 228.9 648.2 1
4 8 1166.4 2115.8 1
7 10 11.9 548.5 1
2 9 321.5 882.5 1
8 1 956.9 1800.7 1
1 7 437.6 1013.7 1
8 5 523.3 1534.8 1
7 3 1226.0 1778.6 1
3 5 1362.2 2292.0 1
0 5 1313.8 2175.6 1
9 4 1009.0 1515.0 1
5 8 620.8 706.5 1
9 8 1074.2 1625.0 1
6 9 1170.3 1289.7 1
8 1 948.3 1813.8 1
6 7 975.9 1689.4 1
6 1 289.3 816.6 1
3 5 41.7 261.0 1
4 7 400.8 1070.3 1
6 3 572.2 1570.6 1
4 5 886.7 1001.7 1
0 1 910.0 1623.1 1
8 5 1209.5 2098.0 1
3 4 151.0 522.1 1
2 6 748.5 1123.1 1
9 4 409.1 1337.5 1
6 8 14.5 753.0 1
6 2 1372.7 1880.1 1
7 2 801.1 1676.9 1
1 8 614.8 1240.9 1
9 5 957.2 1419.5 1
6 2 1267.7 2352.1 1
1 5 1078.1 1269.2 1
5 4 97.3 363.8 1
8 10 678.0 1260.0 1
3 6 802.5 1175.3 1
5 2 1139.5 1320.2 1
6 3 483.3 1365.1 1
4 6 1369.2 2128.9 1
5 7 1072.9 1737.8 1
2 3 665.2 1139.3 1
4 9 645.8 1067.6 1
4 1 303.2 660.0 1
5 6 1066.3 1830.0 1
5 10 223.0 1148.2 1
8 9 826.0 987.1 1
3 5 445.8 1138.5 1
3 8 1173.6 1800.3 1
7 8 816.2 1354.6 1
4 8 1353.7 1613.9 1
1 6 333.2 971.4 1
3 9 1300.0 1689.6 1
0 8 818.6 1002.0 1
0 5 147.9 309.2 1
1 8 851.5 1031.7 1
3 6 543.7 1632.9 1
7 1 52.2 790.5 1
7 1 149.9 833.6 1
4 1 1038.0 1497.8 1
1 2 1230.7 2042.9 1
8 5 1252.8 2091.3 1
6 4 202.2 701.1 1
3 6 1027.7 1306.3 1
2 8 578.0 1485.2 1
6 1 556.3 1063.7 1
6 10 41.7 620.2 1
0 2 991.0 1571.7 1
0 1 653.4 957.0 1
3 9 464.7 678.0 1
2 8 1285.7 2216.6 1
4 5 246.2 421.8 1
1 5 386.7 1326.1 1
4 2 680.9 1260.5 1
1 3 227.1 309.9 1
1 3 728.7 1208.7 1
6 1 302.3 552.7 1
8 9 271.2 927.6 1
7 6 321.4 762.4 1
1 7 874.9 1332.6 1
6 1 454.9 1496.5 1
4 6 0.7 1030.2 1
3 9 1148.4 1865.6 1
2 9 834.1 1411.7 1
6 9 1328.3 1384.3 1
2 4 662.2 924.7 1
9 6 94.7 600.4 1
1 6 883.9 988.6 1
3 2 726.0 923.7 1
4 1 184.3 541.6 1
8 9 1181.3 1469.1 1
4 3 19.5 294.3 1
7 5 594.2 1002.5 1
3 5 672.2 994.4 1
6 7 365.9 1409.4 1
9 5 294.0 1095.6 1
6 5 78.8 911.2 1
3 8 289.1 1136.3 1
4 9 294.5 630.0 1
4 10 180.2 355.6 1
6 8 1303.6 1577.4 1
3 1 645.1 870.0 1
EOF
