NUM_STATIONS: 10
NUM_REQUESTS: 40
NUM_VEHICLES: 1
VEHICLE_CAPACITY: 2
DISTANCES
0 1 3.4
1 2 6.2
2 3 7.9
3 4 7.1
4 5 5.2
5 6 1.5
6 7 5.2
7 8 1.2
8 9 5.0
9 0 2.1
REQUEST_SECTION
3 7 308.5 469.0 1
4 5 542.1 713.5 2
4 5 525.3 1000.5 1
2 9 353.0 472.5 1
4 6 293.6 754.9 1
2 7 461.5 744.6 2
2 4 205.3 509.3 1
5 6 135.3 536.0 2
4 1 640.8 906.2 2
0 7 46.3 320.6 1
6 3 223.5 363.2 2
0 2 75.8 424.9 2
9 3 55.4 240.8 1
7 6 145.9 314.1 2
7 5 102.7 377.9 2
3 7 23.2 484.0 1
4 2 66.0 273.9 1
0 9 584.6 781.9 1
2 3 99.4 156.2 1
2 9 428.4 711.4 1
0 4 301.7 664.0 2
2 10 311.2 759.0 2
2 6 275.9 630.4 2
8 4 651.9 1052.6 2
3 7 326.8 677.3 1
0 1 274.4 694.3 2
7 1 417.1 735.8 1
8 4 616.9 1033.9 2
0 3 381.2 850.2 1
9 7 283.3 613.9 2
0 4 17.3 274.8 2
7 2 587.1 823.3 2
8 6 418.8 541.2 2
4 10 230.6 632.1 1
9 6 578.8 916.1 1
1 5 222.1 329.1 1
4 2 525.7 810.7 1
3 5 287.9 699.2 2
9 7 56.8 291.1 2
5 7 412.8 887.4 2
EOF
