NUM_STATIONS: 10
NUM_REQUESTS: 40
NUM_VEHICLES: 3
VEHICLE_CAPACITY: 2
DISTANCES
0 1 2.8
1 2 2.9
2 3 8.4
3 4 7.3
4 5 6.1
5 6 1.6
6 7 8.4
7 8 7.7
8 9 3.2
9 0 1.5
REQUEST_SECTION
4 8 210.5 426.0 2
3 10 35.5 148.0 1
6 4 183.0 244.7 2
1 6 184.3 364.7 1
0 4 206.2 437.4 2
5 3 187.2 370.5 1
6 9 9.5 111.3 2
1 10 108.7 335.8 1
1 9 245.2 407.2 2
0 6 241.0 506.9 2
6 9 178.8 305.0 2
5 6 63.2 204.8 1
9 3 90.6 198.6 1
6 2 232.6 475.2 2
9 3 80.2 206.7 2
0 2 112.5 220.6 2
9 5 47.6 117.2 1
7 4 153.9 311.7 2
1 5 17.1 141.0 1
5 4 140.1 278.7 1
8 5 96.0 153.7 1
7 6 121.5 333.3 2
4 1 231.1 338.4 2
4 10 31.7 300.9 1
7 5 51.1 160.9 2
1 10 77.8 239.5 2
3 5 205.5 334.0 2
2 5 139.8 303.5 1
6 8 4.2 217.9 1
4 7 21.7 146.5 1
9 1 243.9 296.7 1
6 3 35.1 153.5 1
8 9 47.4 184.2 1
6 3 21.3 312.4 1
5 2 88.1 303.8 2
8 5 29.2 260.2 1
7 9 29.3 188.5 2
5 4 8.2 302.3 2
0 2 60.5 299.2 2
2 4 237.7 459.5 1
EOF
