NUM_STATIONS: 10
NUM_REQUESTS: 40
NUM_VEHICLES: 2
VEHICLE_CAPACITY: 4
DISTANCES
0 1 4.3
1 2 4.7
2 3 7.7
3 4 5.3
4 5 3.2
5 6 1.5
6 7 9.1
7 8 3.7
8 9 3.4
9 0 3.5
REQUEST_SECTION
2 7 243.0 421.3 3
8 10 70.2 229.7 1
4 9 5.0 280.8 4
1 7 226.8 495.2 2
9 5 167.7 231.4 3
8 6 273.8 375.7 4
2 6 338.6 473.7 1
6 5 112.8 190.6 4
4 9 339.7 507.3 3
6 9 334.5 613.0 2
1 5 135.7 241.6 3
3 8 294.9 525.7 1
9 10 285.7 379.4 2
4 5 438.2 649.8 4
5 6 203.4 412.3 3
3 9 229.2 310.8 2
5 7 106.2 346.5 2
0 5 13.6 137.6 1
5 10 221.2 315.8 4
0 2 26.6 148.3 4
0 4 339.8 485.0 1
1 7 222.9 445.1 4
0 3 260.3 509.0 2
9 3 186.6 243.0 2
3 6 26.5 255.9 3
9 7 8.5 131.4 1
4 7 37.8 129.0 4
2 5 459.3 506.6 1
2 5 404.5 605.4 1
0 4 93.8 145.7 3
0 9 86.8 256.5 3
7 1 159.1 400.9 3
7 2 302.5 461.3 3
1 9 74.4 172.3 1
2 7 197.9 282.3 4
9 8 395.5 609.7 2
7 6 417.1 634.0 2
4 2 213.0 287.6 2
1 6 241.0 515.4 3
4 1 321.7 501.2 2
EOF
