NUM_STATIONS: 10
NUM_REQUESTS: 80
NUM_VEHICLES: 3
VEHICLE_CAPACITY: 2
DISTANCES
0 1 7.9
1 2 8.1
2 3 2.5
3 4 7.9
4 5 2.3
5 6 7.4
6 7 8.2
7 8 1.4
8 9 7.4
9 0 3.5
REQUEST_SECTION
9 4 536.4 746.5 1
8 6 574.5 843.1 2
1 2 750.6 870.4 2
8 4 194.8 562.3 2
2 7 258.3 808.6 2
1 8 241.1 336.5 2
5 7 336.5 552.2 1
1 9 638.1 983.9 1
1 4 165.0 299.0 2
4 6 247.0 436.4 1
0 8 475.9 1047.8 2
7 6 515.6 1113.7 2
7 6 429.6 663.5 1
4 10 153.8 262.7 1
8 2 360.6 685.7 2
1 4 446.2 904.3 2
2 8 57.8 639.5 2
0 3 507.9 882.7 2
8 6 700.6 770.2 1
8 1 587.0 673.7 2
9 8 116.7 696.7 1
6 3 254.0 633.6 2
2 4 30.7 592.1 2
3 10 542.3 653.8 2
5 6 653.5 1237.3 1
5 6 645.7 970.0 1
2 9 529.2 892.0 1
6 8 496.7 704.3 2
9 10 345.0 774.4 1
5 8 587.2 986.0 2
0 5 744.9 1084.2 2
2 4 558.7 1133.3 2
3 9 385.5 677.9 1
0 3 732.8 1331.6 1
5 6 97.8 412.9 2
5 10 575.3 668.6 2
4 8 557.9 1044.9 1
9 4 523.4 1136.4 2
1 9 82.4 402.6 2
0 9 417.6 621.3 1
6 3 296.0 501.6 2
0 1 213.8 560.7 1
8 1 668.4 881.3 2
3 9 737.0 1115.4 2
4 2 217.9 502.5 2
5 10 358.2 874.1 2
9 2 185.9 689.6 1
2 5 425.3 871.7 2
3 4 363.2 753.1 1
3 1 259.0 743.6 2
3 2 202.2 625.3 1
4 3 573.5 736.1 1
1 4 407.7 636.8 2
2 7 653.6 785.7 1
1 9 321.1 903.1 2
0 6 612.9 1156.8 2
5 2 349.3 617.6 1
8 2 92.0 184.3 1
8 4 234.6 850.8 2
2 4 202.1 390.8 2
6 8 157.3 417.8 1
2 9 71.9 442.1 2
2 8 738.1 1030.5 2
1 8 77.1 221.9 2
9 7 647.4 751.1 2
6 2 97.5 256.1 1
2 8 695.9 815.4 1
0 4 359.5 730.1 2
7 10 305.1 510.4 2
2 4 743.6 1294.4 1
6 1 505.6 841.2 2
5 2 88.0 311.2 2
6 8 116.1 337.9 2
7 5 408.6 951.9 2
8 10 5.0 535.4 1
5 2 235.8 382.5 1
9 7 578.5 707.8 1
7 6 74.2 528.9 2
4 9 618.2 1087.0 1
3 10 416.4 1022.8 2
EOF
