NUM_STATIONS: 10
NUM_REQUESTS: 20
NUM_VEHICLES: 3
VEHICLE_CAPACITY: 1
DISTANCES
0 1 10.0
1 2 3.1
2 3 7.4
3 4 2.1
4 5 5.5
5 6 6.0
6 7 3.5
7 8 7.1
8 9 7.6
9 0 5.4
REQUEST_SECTION
4 9 84.6 257.4 1
8 3 28.9 104.2 1
4 3 131.8 235.7 1
5 2 131.1 275.1 1
7 5 183.2 351.9 1
3 6 119.7 295.1 1
9 4 92.8 256.2 1
5 4 145.3 243.1 1
7 6 136.9 277.7 1
5 4 92.1 266.5 1
6 8 120.6 247.7 1
3 1 59.7 140.5 1
3 10 104.9 197.6 1
8 9 25.2 141.8 1
8 3 113.8 310.5 1
3 2 137.1 267.0 1
0 3 124.3 228.3 1
1 3 103.9 290.9 1
7 5 11.9 150.4 1
8 7 93.7 250.8 1
EOF
