NUM_STATIONS: 10
NUM_REQUESTS: 160
NUM_VEHICLES: 1
VEHICLE_CAPACITY: 8
DISTANCES
0 1 6.3
1 2 7.7
2 3 3.8
3 4 4.5
4 5 9.5
5 6 2.1
6 7 8.1
7 8 3.8
8 9 3.5
9 0 1.8
REQUEST_SECTION
8 5 1827.0 2979.2 5
2 7 698.3 3724.2 2
0 6 2984.7 5719.6 7
4 2 3880.0 5003.0 7
6 1 1352.6 2054.1 5
6 5 2018.8 2597.1 8
4 5 680.3 3189.6 6
1 7 1749.2 2636.4 5
9 1 421.0 1802.1 4
8 4 3003.0 3574.4 5
6 8 2804.2 4922.3 7
3 10 2433.2 3011.0 4
9 6 3837.8 4220.3 2
1 3 3290.0 5635.9 4
9 1 1545.1 4376.0 1
6 5 740.3 3680.5 6
1 10 3700.0 6135.4 7
0 8 3500.1 3855.0 3
7 10 3029.0 5533.5 6
2 5 3601.6 5802.4 2
3 9 148.3 827.5 7
9 5 83.2 1963.6 8
2 4 1367.7 3277.9 6
0 5 674.3 1884.8 3
6 5 2212.7 4536.5 8
1 3 1093.8 1820.7 1
7 5 2217.3 2944.1 7
0 4 788.4 3727.0 6
2 10 583.9 1682.7 6
1 10 1642.7 3472.6 8
4 1 1931.9 3503.3 1
5 8 3571.4 4389.9 3
8 5 2147.6 2764.3 2
4 10 693.5 2532.4 6
6 3 3975.5 4608.6 6
6 5 165.0 1798.8 7
1 7 3776.6 6677.7 6
3 1 2035.3 4276.6 7
0 3 3179.7 4837.5 7
3 2 3038.0 4353.9 1
7 4 3384.9 5275.5 4
6 4 3516.0 6478.3 5
3 8 3177.1 4398.2 5
7 2 2806.7 5277.3 3
8 3 3325.6 3619.7 7
8 2 3119.9 4061.3 1
2 3 1679.2 2095.8 7
0 1 3152.1 3282.4 2
5 8 2048.2 2847.0 2
2 7 1471.1 4343.8 6
8 4 764.8 847.2 7
3 8 3161.4 6268.7 1
2 5 2600.4 4854.1 1
4 1 765.9 3875.1 7
6 4 1344.1 2349.2 2
4 5 598.7 2735.7 2
6 7 1223.4 2053.0 6
2 8 130.1 361.9 4
8 10 2219.2 5192.9 8
9 8 3851.5 5035.9 6
9 3 958.2 3240.1 5
8 9 3738.7 3958.2 8
8 9 3735.1 6422.1 8
8 10 3555.0 5220.6 7
3 9 1261.1 3699.5 1
2 8 861.3 957.0 5
7 3 3777.6 6538.9 8
1 8 1892.9 2725.0 2
9 1 380.7 607.9 8
4 6 3585.3 4637.0 4
2 10 2445.6 3660.4 4
0 3 1576.0 2834.2 2
0 5 2328.4 2696.7 4
5 3 3382.4 5429.4 7
9 3 3152.8 4394.8 6
9 4 3497.1 4300.5 2
3 2 3942.1 6608.9 5
5 4 1685.9 3133.3 8
7 1 1987.4 3450.2 5
0 7 813.4 3678.4 2
5 8 2877.9 5285.7 4
9 1 145.2 723.7 8
3 4 2084.8 2423.0 1
4 9 2122.8 3104.7 6
5 1 2027.7 3880.4 1
5 2 3639.9 6707.8 8
2 1 4008.9 6506.2 5
8 2 2067.1 4168.8 3
0 8 2199.1 4410.9 7
3 1 3388.5 4176.6 3
2 10 727.1 3207.8 6
0 8 1445.3 4209.2 2
6 9 3469.8 4063.8 6
3 8 1400.8 2928.2 6
4 2 1680.8 2702.5 4
7 4 3338.1 4220.5 1
9 1 2971.5 4092.1 3
7 8 2773.1 3159.4 7
4 7 197.6 2001.6 7
8 5 1575.0 1830.3 8
8 7 1349.3 1739.3 3
3 1 328.5 2416.7 6
6 3 2665.2 3612.3 4
5 9 2379.9 4057.4 8
3 7 1566.0 3985.2 6
2 7 600.1 2929.8 1
2 7 1048.4 3952.7 8
9 10 1609.2 3699.3 2
0 8 48.6 1861.1 1
7 8 1325.0 2993.6 4
4 3 3083.6 4609.1 5
6 7 3334.3 5105.7 6
1 6 2847.1 5378.3 4
5 1 2114.4 5067.4 8
4 9 1733.7 4580.6 2
3 8 2184.5 3374.0 2
5 7 1469.1 3296.1 6
6 9 3385.9 4861.1 2
1 5 2319.6 3113.7 8
8 2 2950.0 5783.3 5
9 10 2308.5 2898.9 6
5 7 1721.6 3261.8 7
5 4 1162.7 1899.7 2
7 6 3945.7 6652.3 3
5 9 3501.1 3800.8 4
9 7 2069.7 3331.3 5
3 5 1487.3 3571.4 5
5 9 1301.5 3413.2 3
7 8 874.7 2759.8 7
0 5 1874.7 2581.7 4
6 3 1250.9 2415.7 1
2 5 1930.7 4902.4 7
9 8 2575.3 2956.0 8
1 10 216.2 2988.9 6
4 6 1900.3 4053.0 7
4 9 257.6 2262.7 3
6 7 3370.7 6299.7 7
8 1 3376.1 4034.0 5
7 2 1306.2 3644.4 4
8 7 373.0 2498.7 2
6 8 298.2 3059.8 5
1 6 2332.1 3273.1 4
0 3 3540.3 4294.4 5
5 1 1950.1 3207.8 4
0 4 656.1 1687.4 3
9 4 3845.6 6478.6 7
1 10 580.5 3170.9 4
8 5 3003.7 4443.3 3
7 6 1921.4 4917.6 1
3 9 809.5 3453.4 6
0 8 3525.9 4547.7 2
2 9 3159.9 4626.5 8
9 8 762.0 1566.5 1
1 9 273.2 375.0 7
1 8 822.1 1585.7 5
0 5 3353.5 3988.9 8
4 6 2559.5 3629.5 5
7 5 2978.3 5564.4 3
9 6 2747.8 3412.3 3
8 5 1951.5 3291.4 4
EOF
