NUM_STATIONS: 10
NUM_REQUESTS: 40
NUM_VEHICLES: 2
VEHICLE_CAPACITY: 2
DISTANCES
0 1 5.8
1 2 5.9
2 3 5.5
3 4 4.6
4 5 6.6
5 6 8.5
6 7 2.2
7 8 4.0
8 9 2.7
9 0 5.9
REQUEST_SECTION
5 3 361.2 642.0 1
6 3 185.7 350.8 2
4 5 259.6 420.7 1
3 7 26.6 239.6 2
8 3 116.7 267.9 2
2 5 183.7 301.7 2
2 8 288.2 521.9 2
4 7 0.2 103.2 2
9 1 226.2 324.4 1
2 4 351.9 524.6 1
1 10 255.9 516.5 2
7 2 2.7 61.8 2
5 4 197.9 495.4 2
2 8 38.2 106.8 1
2 5 301.9 548.2 1
8 3 179.9 467.7 2
6 2 195.7 464.9 2
9 5 92.0 365.1 1
5 8 323.8 479.6 1
6 9 365.1 599.6 1
3 2 331.4 463.8 1
7 2 325.7 377.8 2
3 5 181.5 301.9 1
9 2 51.9 207.0 2
9 5 93.3 387.4 1
5 3 252.6 348.2 2
5 9 177.1 268.2 1
1 9 207.7 505.9 1
0 4 371.0 451.6 1
3 5 278.5 379.9 2
8 7 103.7 392.2 2
3 4 330.6 632.0 1
7 2 264.0 347.3 2
9 8 334.1 520.9 2
4 6 386.9 694.6 1
2 3 227.5 479.3 2
2 9 46.3 247.9 1
3 1 100.1 247.6 2
4 2 124.1 419.6 2
3 8 305.5 377.4 1
EOF
