NUM_STATIONS: 10
NUM_REQUESTS: 20
NUM_VEHICLES: 1
VEHICLE_CAPACITY: 2
DISTANCES
0 1 5.2
1 2 3.6
2 3 9.0
3 4 5.2
4 5 4.6
5 6 6.8
6 7 9.5
7 8 9.5
8 9 7.9
9 0 8.3
REQUEST_SECTION
3 5 197.7 553.7 1
5 3 92.1 229.5 1
0 4 521.1 1103.0 1
0 7 520.2 781.4 1
0 5 225.8 710.0 1
3 5 339.1 521.5 2
2 7 529.4 1103.6 2
4 5 161.4 273.1 1
7 10 150.7 435.3 1
4 5 395.8 840.7 1
9 5 249.5 742.5 1
5 8 635.9 707.7 2
0 8 487.8 930.9 2
4 5 577.6 697.0 2
1 9 502.5 740.7 1
7 8 225.6 645.7 1
1 3 548.4 1053.1 2
1 8 281.8 551.9 2
6 3 287.0 769.8 2
6 7 472.2 641.9 1
EOF
