NUM_STATIONS: 10
NUM_REQUESTS: 160
NUM_VEHICLES: 1
VEHICLE_CAPACITY: 2
DISTANCES
0 1 6.3
1 2 1.5
2 3 7.8
3 4 9.8
4 5 9.9
5 6 6.9
6 7 1.6
7 8 5.2
8 9 2.2
9 0 6.8
REQUEST_SECTION
3 7 2981.5 3432.4 2
2 4 1438.7 3674.4 2
2 7 625.4 2940.3 2
7 4 2750.2 3335.5 1
4 10 3005.4 5349.8 2
1 4 1646.4 2163.0 2
2 1 2191.3 2492.9 2
5 9 1702.3 3211.9 1
7 3 3300.3 4747.7 2
0 7 2567.9 4012.4 1
0 3 1018.2 1449.9 2
0 5 1228.5 1683.7 2
0 3 1787.4 3349.9 2
8 4 2451.5 3145.5 2
3 4 592.8 2324.3 2
0 7 2243.2 4086.1 1
5 4 2351.8 3752.1 2
9 8 474.5 623.8 1
8 6 3217.3 4481.0 2
9 7 1395.5 2415.1 1
9 4 2831.5 4896.8 2
2 4 2952.6 3950.6 1
9 3 2937.8 3955.4 1
9 5 3155.1 3562.4 1
1 6 3301.6 5103.4 1
9 4 264.6 2281.0 2
9 2 3282.3 5594.6 1
7 2 2561.9 3344.7 1
3 9 2344.6 3186.3 1
1 2 108.4 1337.5 1
5 6 521.5 2375.1 1
0 8 752.9 2016.0 2
1 4 2955.0 3864.5 1
8 3 2535.4 2830.2 1
0 1 223.6 331.4 1
3 2 2246.3 3210.8 2
9 8 2731.4 4072.0 1
0 9 2380.1 2899.4 1
7 6 855.2 2174.3 2
6 2 403.9 1504.6 1
2 3 446.8 2342.1 1
2 3 2001.8 3449.9 2
2 8 1755.2 3668.4 2
7 3 1001.0 1487.5 1
5 1 614.5 914.3 2
9 6 1597.6 1821.9 1
0 2 565.4 2873.9 1
5 2 3295.8 5074.1 2
0 4 2883.8 4443.9 1
0 1 2222.5 2566.2 1
8 5 2632.3 4378.6 1
1 9 2454.2 2986.9 2
9 10 3138.4 4690.2 1
9 10 2697.5 2840.7 1
3 10 501.2 2382.6 2
0 5 2344.1 4606.2 2
9 3 93.6 1477.1 1
1 7 1173.6 3318.7 2
2 9 1717.1 3663.0 2
2 9 1601.2 1717.4 2
2 7 2935.5 4047.5 2
5 1 3422.1 5412.3 1
6 4 390.4 2341.7 1
1 4 1161.1 1302.4 1
5 3 2467.9 3927.8 2
2 5 3363.2 3764.4 1
4 10 2074.2 3452.2 1
0 6 3121.2 4340.5 2
3 2 2262.6 3827.5 1
6 1 560.7 2114.2 1
6 1 892.5 1429.6 1
7 1 390.4 783.4 1
9 10 2656.6 3181.6 1
3 4 2793.9 4633.9 2
3 6 1057.6 2394.6 2
1 4 96.4 395.6 1
2 4 2761.7 5135.0 1
6 9 1847.2 3877.4 2
3 7 2606.4 3317.6 2
9 4 140.2 1372.4 1
5 4 357.5 2432.9 2
0 3 2910.8 3306.8 1
1 3 1718.8 3013.4 1
9 1 161.1 1131.6 1
4 3 2617.7 3538.8 1
9 10 1743.2 3866.7 2
8 7 2031.4 2141.6 2
1 7 1112.7 2249.6 2
7 6 3172.4 4223.9 1
2 5 433.5 697.6 1
0 2 284.0 1023.9 2
5 7 1609.9 3059.6 1
3 7 1114.4 3082.5 2
4 10 1167.6 1842.7 2
5 10 1888.6 2351.2 1
7 5 945.6 2468.3 1
1 6 50.7 2190.8 1
7 1 2693.8 4804.1 2
1 5 1913.3 2062.1 1
6 8 3011.4 3866.8 1
3 5 143.1 850.4 1
9 7 1555.0 3142.8 2
4 9 990.1 3312.5 1
7 4 3173.6 3597.6 2
4 9 1307.7 1383.7 2
8 2 1894.1 3072.2 1
4 9 2085.9 3170.4 1
2 1 1073.5 2231.3 2
8 10 2666.4 4749.0 1
5 1 1088.7 1561.0 1
9 1 1948.8 3201.0 2
0 4 516.3 906.3 1
0 2 2495.7 3340.7 2
6 1 277.7 2205.9 1
5 4 3229.7 4015.0 2
5 1 1127.1 1261.5 1
0 9 1173.6 3279.2 2
6 9 71.9 1824.9 1
6 5 1918.4 3620.8 2
7 9 2115.0 2540.9 2
8 6 924.3 1169.8 1
1 6 2663.6 3142.8 1
2 8 457.3 2584.4 1
1 9 1937.8 2799.7 1
0 8 1381.7 2173.4 2
7 1 1513.0 2767.0 2
3 9 1174.1 3345.3 1
7 10 285.6 2433.1 1
2 4 2175.0 3205.1 2
8 7 713.5 2862.3 1
7 1 2547.9 4377.3 2
3 7 97.4 708.3 2
9 5 1117.9 1419.5 1
0 8 3441.6 5006.3 2
9 3 1684.3 2064.9 2
5 8 2106.7 4410.2 1
1 3 2681.6 4010.9 2
1 9 1147.4 3302.0 1
5 9 1147.5 2146.4 1
2 5 73.0 990.3 1
8 3 967.2 3179.7 2
1 8 364.6 2532.5 1
6 9 2637.2 4861.3 2
0 9 524.1 2354.3 1
4 7 594.8 1366.2 2
2 8 438.1 1851.6 2
1 6 3064.3 3941.5 2
1 10 2064.2 3763.7 2
0 5 1429.4 3028.4 2
3 9 820.7 2281.3 2
5 9 3363.6 5359.5 1
4 5 3327.5 4602.7 1
7 1 120.4 1208.9 2
9 1 3453.8 5201.3 2
4 10 339.6 2700.1 1
6 1 2478.9 2784.7 1
7 3 513.4 1642.6 2
3 8 1856.7 3244.0 1
0 9 3215.9 4416.0 2
5 3 1644.9 2794.6 1
EOF
