NUM_STATIONS: 10
NUM_REQUESTS: 160
NUM_VEHICLES: 1
VEHICLE_CAPACITY: 8
DISTANCES
0 1 6.3
1 2 7.7
2 3 3.8
3 4 4.5
4 5 9.5
5 6 2.1
6 7 8.1
7 8 3.8
8 9 3.5
9 0 1.8
REQUEST_SECTION
8 5 3841.0 5581.7 5
2 7 1475.7 2148.4 2
0 6 3905.0 5412.6 7
4 2 1376.9 1799.8 7
6 1 3238.5 3574.8 5
6 5 862.3 1348.5 8
4 5 1662.7 2077.2 6
1 7 1832.2 2824.4 5
9 1 2980.2 3377.8 4
8 4 488.7 2444.7 5
6 8 2397.2 3658.0 7
3 10 1734.5 3066.9 4
9 6 2791.3 4338.9 2
1 3 3271.8 5039.3 4
9 1 3297.5 4773.3 1
6 5 63.3 1163.7 6
1 10 3724.9 5396.7 7
0 8 604.4 2501.8 3
7 10 942.8 2643.3 6
2 5 3581.9 4363.8 2
3 9 331.4 830.4 7
9 5 3953.9 4961.3 8
2 4 2102.3 3940.7 6
0 5 1525.0 2394.7 3
6 5 1919.6 2295.4 8
1 3 3470.0 4877.3 1
7 5 2374.9 2802.4 7
0 4 2044.8 2321.5 6
2 10 1246.0 1394.1 6
1 10 604.3 1564.4 8
4 1 2094.4 3504.3 1
5 8 3835.5 3944.2 3
8 5 881.5 1411.3 2
4 10 405.2 959.8 6
6 3 2324.3 4086.6 6
6 5 934.0 1478.8 7
1 7 3337.5 3874.5 6
3 1 242.0 846.0 7
0 3 1365.5 2185.3 7
3 2 282.0 1320.4 1
7 4 1703.0 3027.8 4
6 4 3537.2 4400.6 5
3 8 4022.8 4688.7 5
7 2 3047.3 4838.8 3
8 3 3459.2 4549.5 7
8 2 1344.4 2865.7 1
2 3 2800.2 4475.0 7
0 1 2790.3 3171.6 2
5 8 1719.9 3181.4 2
2 7 3435.5 4921.1 6
8 4 437.8 1808.5 7
3 8 472.2 2385.5 1
2 5 67.5 936.9 1
4 1 482.5 2510.7 7
6 4 295.0 983.5 2
4 5 3642.9 5508.8 2
6 7 1147.3 2594.1 6
2 8 248.5 1745.6 4
8 10 1324.7 2627.0 8
9 8 1636.8 2473.5 6
9 3 3940.7 4810.3 5
8 9 3040.5 4554.1 8
8 9 1727.0 1872.8 8
8 10 2531.3 2679.9 7
3 9 1547.8 3355.4 1
2 8 2171.4 2324.7 5
7 3 3112.0 4655.1 8
1 8 1196.6 1969.3 2
9 1 3980.8 4173.3 8
4 6 1266.8 1961.4 4
2 10 2923.1 4954.8 4
0 3 941.6 2427.8 2
0 5 217.5 1521.8 4
5 3 3498.5 4725.9 7
9 3 3704.2 4666.1 6
9 4 3002.2 3350.0 2
3 2 2432.4 2816.1 5
5 4 1327.3 3198.1 8
7 1 2461.0 2582.2 5
0 7 623.1 2155.4 2
5 8 904.3 2173.9 4
9 1 3508.5 4524.7 8
3 4 949.2 1502.4 1
4 9 2235.1 3218.6 6
5 1 1101.6 2707.0 1
5 2 1355.9 2369.9 8
2 1 139.1 789.6 5
8 2 2056.9 3982.7 3
0 8 27.2 1806.6 7
3 1 850.4 1694.7 3
2 10 3358.4 5008.9 6
0 8 209.9 1236.9 2
6 9 3907.9 4757.3 6
3 8 2175.2 2447.5 6
4 2 3611.2 3725.4 4
7 4 2924.6 3262.6 1
9 1 1477.4 3386.9 3
7 8 178.3 1374.0 7
4 7 4074.8 4131.3 7
8 5 2842.7 2932.5 8
8 7 3102.9 3462.1 3
3 1 1679.9 1739.8 6
6 3 2355.7 4209.0 4
5 9 661.1 1597.1 8
3 7 2838.2 4869.3 6
2 7 2454.1 4421.4 1
2 7 3841.5 4431.2 8
9 10 2787.3 4131.1 2
0 8 2239.1 3999.7 1
7 8 1474.0 2826.5 4
4 3 2893.9 4913.2 5
6 7 3172.2 3518.6 6
1 6 2019.9 4045.0 4
5 1 3415.2 4099.5 8
4 9 1304.5 2310.9 2
3 8 2402.7 3972.1 2
5 7 2389.0 2580.1 6
6 9 1254.8 3115.2 2
1 5 2759.1 4838.3 8
8 2 2804.5 2964.7 5
9 10 3894.6 5432.0 6
5 7 211.5 1131.8 7
5 4 3730.9 4154.2 2
7 6 4056.2 5673.9 3
5 9 613.2 1502.1 4
9 7 1365.9 1732.4 5
3 5 1215.3 2119.4 5
5 9 3396.5 4460.1 3
7 8 2432.9 2666.2 7
0 5 2122.5 2426.5 4
6 3 977.5 2590.6 1
2 5 425.2 966.9 7
9 8 679.8 1753.1 8
1 10 1265.7 2330.4 6
4 6 1808.9 2958.4 7
4 9 2414.9 3465.4 3
6 7 3671.7 3767.1 7
8 1 443.9 1425.6 5
7 2 710.6 1763.1 4
8 7 1549.3 3525.8 2
6 8 3365.7 3773.7 5
1 6 2079.5 3645.1 4
0 3 2671.5 4014.9 5
5 1 1672.6 3476.7 4
0 4 3766.4 5361.3 3
9 4 3706.1 5412.4 7
1 10 2373.2 3799.7 4
8 5 632.0 733.9 3
7 6 843.1 2099.1 1
3 9 984.2 2302.1 6
0 8 3154.6 3379.8 2
2 9 1714.6 2498.7 8
9 8 3793.4 5698.3 1
1 9 3475.7 3609.7 7
1 8 3821.7 5497.8 5
0 5 1093.5 1408.8 8
4 6 3730.7 4499.6 5
7 5 1928.7 3792.6 3
9 6 2299.0 3383.3 3
8 5 286.2 1977.4 4
EOF
