NUM_STATIONS: 10
NUM_REQUESTS: 160
NUM_VEHICLES: 2
VEHICLE_CAPACITY: 2
DISTANCES
0 1 6.3
1 2 1.5
2 3 7.8
3 4 9.8
4 5 9.9
5 6 6.9
6 7 1.6
7 8 5.2
8 9 2.2
9 0 6.8
REQUEST_SECTION
3 7 650.7 1193.5 2
2 4 1385.2 2568.1 1
2 7 1473.9 2264.6 1
7 4 1682.2 2655.3 2
4 10 1469.6 2344.6 2
1 4 1459.3 1842.9 2
2 1 46.8 1037.0 2
5 9 721.7 1909.0 2
7 3 1509.7 2538.1 2
0 7 50.8 272.9 2
0 3 681.7 1378.9 1
0 5 159.8 1169.4 1
0 3 1270.8 1604.7 1
8 4 1398.4 1525.7 2
3 4 1150.9 1482.8 2
0 7 293.5 580.8 1
5 4 1040.5 1844.3 1
9 8 709.2 1448.5 2
8 6 921.3 1483.0 2
9 7 220.0 807.5 2
9 4 736.3 1077.1 1
2 4 1704.1 2287.2 2
9 3 1071.2 2231.1 2
9 5 1133.5 1332.4 1
1 6 1627.2 2380.3 1
9 4 810.2 1080.3 2
9 2 1384.4 2256.7 2
7 2 609.7 805.9 1
3 9 742.8 968.4 2
1 2 1694.8 2248.3 2
5 6 1525.9 2247.8 2
0 8 232.7 297.0 2
1 4 978.4 1791.6 2
8 3 1124.0 2001.4 2
0 1 154.4 1151.8 1
3 2 1056.0 1305.8 2
9 8 1594.4 2203.0 1
0 9 1136.7 2127.7 1
7 6 619.9 776.6 1
6 2 548.9 1129.7 1
2 3 822.5 1971.4 1
2 3 703.4 1365.2 2
2 8 1434.2 2410.1 1
7 3 328.5 650.5 2
5 1 1383.9 2259.5 1
9 6 971.7 1033.6 2
0 2 1050.9 1896.0 2
5 2 40.5 446.5 2
0 4 156.9 726.8 2
0 1 1636.5 2137.6 2
8 5 363.5 915.0 2
1 9 610.8 1456.4 1
9 10 1534.2 2393.9 2
9 10 1651.3 2770.2 1
3 10 1128.2 1454.4 2
0 5 933.5 1764.5 2
9 3 897.3 1213.9 1
1 7 962.4 1454.9 1
2 9 1125.4 1218.3 1
2 9 776.5 1092.3 1
2 7 373.3 1300.3 1
5 1 818.7 1912.1 1
6 4 1673.4 2215.2 1
1 4 930.0 1085.6 1
5 3 1562.2 2009.0 2
2 5 1080.5 2261.7 1
4 10 457.8 1537.0 1
0 6 1196.1 1957.2 2
3 2 850.6 1318.7 2
6 1 780.5 1859.3 2
6 1 955.3 1517.5 1
7 1 1170.1 2142.2 1
9 10 1616.9 2046.7 1
3 4 361.4 653.3 1
3 6 973.5 1320.8 1
1 4 929.0 1524.3 1
2 4 1066.9 1660.7 1
6 9 1401.5 2216.4 1
3 7 285.7 764.8 1
9 4 1357.1 1546.2 1
5 4 814.2 1279.6 2
0 3 509.6 1719.3 2
1 3 328.7 479.1 2
9 1 1224.7 1603.5 1
4 3 684.9 1280.9 1
9 10 1050.6 1328.7 1
8 7 1129.3 1352.3 2
1 7 1191.7 1278.3 1
7 6 493.0 1700.3 2
2 5 1091.1 1810.0 2
0 2 1497.2 1872.2 1
5 7 1409.8 2011.5 1
3 7 596.5 1531.2 2
4 10 373.2 630.9 2
5 10 691.4 957.2 2
7 5 1154.4 2104.6 2
1 6 1613.2 2344.4 2
7 1 368.8 463.9 1
1 5 632.9 1400.0 1
6 8 1084.1 1856.9 1
3 5 1066.7 2214.6 2
9 7 191.3 946.7 1
4 9 1647.7 2375.1 2
7 4 893.9 1706.6 2
4 9 1268.2 1617.5 1
8 2 708.7 804.5 2
4 9 1260.6 1661.5 2
2 1 1663.4 2638.1 2
8 10 94.9 903.2 1
5 1 489.6 1180.6 2
9 1 1204.0 2412.4 1
0 4 443.8 1587.3 1
0 2 1598.0 2306.6 2
6 1 1147.5 1886.4 2
5 4 833.5 1028.9 1
5 1 308.8 390.8 2
0 9 696.5 1901.8 1
6 9 491.1 564.2 2
6 5 1261.0 1448.1 1
7 9 787.6 1864.7 1
8 6 1515.2 2448.6 2
1 6 1493.3 1558.4 1
2 8 136.6 489.5 1
1 9 607.2 1694.7 2
0 8 997.4 1786.1 1
7 1 1559.4 2715.2 1
3 9 1391.1 2335.1 1
7 10 288.5 1360.6 2
2 4 831.7 1647.2 1
8 7 550.6 1718.4 2
7 1 723.5 1567.3 2
3 7 1713.7 2041.5 2
9 5 209.3 832.0 1
0 8 747.2 1202.8 1
9 3 735.1 1540.1 1
5 8 911.2 1822.8 2
1 3 1121.9 1368.8 1
1 9 655.4 1458.3 1
5 9 830.0 1126.9 1
2 5 765.3 826.9 1
8 3 1343.3 1462.9 1
1 8 1096.3 1737.8 1
6 9 116.9 954.7 1
0 9 1605.7 1776.4 1
4 7 1583.1 2122.0 2
2 8 1114.0 1304.0 2
1 6 208.1 462.8 2
1 10 1603.8 1910.1 2
0 5 215.9 678.5 2
3 9 399.2 920.8 2
5 9 894.1 2081.2 1
4 5 1483.2 2631.6 2
7 1 333.0 997.9 1
9 1 1432.7 2306.8 2
4 10 1697.3 2569.8 1
6 1 219.1 321.9 1
7 3 780.0 1410.5 2
3 8 193.9 454.7 2
0 9 545.8 1162.6 2
5 3 597.5 939.7 1
EOF
