NUM_STATIONS: 10
NUM_REQUESTS: 20
NUM_VEHICLES: 2
VEHICLE_CAPACITY: 8
DISTANCES
0 1 6.6
1 2 8.7
2 3 5.9
3 4 9.0
4 5 3.2
5 6 7.2
6 7 4.7
7 8 8.2
8 9 3.5
9 0 6.8
REQUEST_SECTION
3 5 54.1 211.8 3
1 7 99.6 236.1 4
4 5 21.5 189.0 2
0 6 128.6 194.4 3
1 7 142.0 286.6 4
6 7 169.4 233.6 3
0 8 235.1 370.0 6
1 4 194.7 354.4 7
0 5 208.2 426.1 5
6 1 166.1 273.7 1
0 8 191.1 270.1 3
8 2 61.5 145.5 6
8 2 149.6 338.7 5
4 1 175.5 314.5 2
4 7 191.1 398.1 8
5 10 109.3 209.9 6
7 3 94.4 310.7 7
6 2 237.5 376.0 8
0 8 30.1 214.4 6
5 8 19.5 138.7 6
EOF
