NUM_STATIONS: 10
NUM_REQUESTS: 40
NUM_VEHICLES: 2
VEHICLE_CAPACITY: 2
DISTANCES
0 1 3.4
1 2 6.2
2 3 7.9
3 4 7.1
4 5 5.2
5 6 1.5
6 7 5.2
7 8 1.2
8 9 5.0
9 0 2.1
REQUEST_SECTION
3 7 114.3 242.4 1
4 5 103.4 324.9 2
4 5 131.2 226.7 2
2 9 46.6 97.8 2
4 6 200.3 274.7 1
2 7 301.3 357.2 2
2 4 29.9 261.6 2
5 6 288.8 358.9 1
4 1 3.9 209.9 2
0 7 247.7 372.2 1
6 3 98.0 197.4 2
0 2 10.4 187.7 2
9 3 75.3 140.9 1
7 6 233.9 488.9 1
7 5 198.5 381.8 1
3 7 208.7 385.0 1
4 2 198.8 362.4 1
0 9 58.7 230.6 1
2 3 280.1 498.8 1
2 9 301.3 384.4 1
0 4 263.3 360.3 2
2 10 44.7 163.8 2
2 6 305.0 395.2 2
8 4 119.6 256.0 2
3 7 324.3 399.4 2
0 1 85.0 140.1 2
7 1 32.8 157.2 1
8 4 72.5 290.2 2
0 3 55.4 142.5 2
9 7 64.2 189.4 2
0 4 286.1 493.6 2
7 2 228.0 323.7 2
8 6 305.1 531.8 2
4 10 132.2 217.4 1
9 6 110.6 293.3 1
1 5 227.1 468.3 2
4 2 249.1 460.1 2
3 5 152.0 306.9 1
9 7 174.6 241.3 2
5 7 105.4 261.0 1
EOF
