NUM_STATIONS: 10
NUM_REQUESTS: 20
NUM_VEHICLES: 3
VEHICLE_CAPACITY: 8
DISTANCES
0 1 6.6
1 2 8.7
2 3 5.9
3 4 9.0
4 5 3.2
5 6 7.2
6 7 4.7
7 8 8.2
8 9 3.5
9 0 6.8
REQUEST_SECTION
3 5 148.4 307.1 8
1 7 187.1 357.2 3
4 5 110.5 220.7 2
0 6 86.5 189.7 1
1 7 52.5 180.8 4
6 7 39.3 117.4 5
0 8 164.5 254.1 8
1 4 134.3 274.5 7
0 5 57.9 222.1 3
6 1 18.9 102.4 1
0 8 163.8 278.9 1
8 2 41.4 133.1 1
8 2 146.4 241.2 1
4 1 10.4 174.5 1
4 7 138.8 220.6 2
5 10 155.1 227.6 5
7 3 72.6 227.9 7
6 2 35.9 193.1 2
0 8 139.2 274.1 4
5 8 199.7 333.8 7
EOF
