NUM_STATIONS: 10
NUM_REQUESTS: 40
NUM_VEHICLES: 2
VEHICLE_CAPACITY: 4
DISTANCES
0 1 4.3
1 2 4.7
2 3 7.7
3 4 5.3
4 5 3.2
5 6 1.5
6 7 9.1
7 8 3.7
8 9 3.4
9 0 3.5
REQUEST_SECTION
2 7 273.1 362.2 3
8 10 177.0 465.1 1
4 9 448.4 703.5 4
1 7 288.2 504.6 2
9 5 228.8 605.2 3
8 6 377.1 469.1 4
2 6 65.8 314.9 1
6 5 101.5 429.1 4
4 9 433.3 555.6 3
6 9 404.2 594.0 2
1 5 340.9 421.4 3
3 8 463.6 811.3 1
9 10 202.1 281.1 2
4 5 401.6 536.3 4
5 6 305.5 422.3 3
3 9 181.7 426.8 2
5 7 302.9 516.4 2
0 5 227.4 393.6 1
5 10 251.7 623.1 4
0 2 235.6 605.6 4
0 4 264.4 452.8 1
1 7 319.3 627.0 4
0 3 232.0 279.0 2
9 3 26.0 165.5 2
3 6 389.3 448.5 3
9 7 295.7 675.2 1
4 7 9.8 95.5 4
2 5 186.2 259.9 1
2 5 107.4 253.8 1
0 4 402.0 630.1 3
0 9 462.5 822.9 3
7 1 340.3 559.6 3
7 2 105.1 182.7 3
1 9 227.8 401.7 1
2 7 396.3 617.4 4
9 8 172.4 355.7 2
7 6 330.6 469.8 2
4 2 269.0 553.0 2
1 6 388.4 691.7 3
4 1 89.0 170.5 2
EOF
