NUM_STATIONS: 10
NUM_REQUESTS: 160
NUM_VEHICLES: 1
VEHICLE_CAPACITY: 1
DISTANCES
0 1 6.3
1 2 1.5
2 3 7.8
3 4 9.8
4 5 9.9
5 6 6.9
6 7 1.6
7 8 5.2
8 9 2.2
9 0 6.8
REQUEST_SECTION
3 7 1354.8 1615.0 1
2 4 2636.5 4052.0 1
2 7 2444.6 3947.6 1
7 4 1694.5 2880.8 1
4 10 2045.9 2237.0 1
1 4 2028.2 2336.2 1
2 1 2992.3 4801.3 1
5 9 2168.1 3465.1 1
7 3 208.4 2168.8 1
0 7 141.5 1993.7 1
0 3 1327.0 2910.5 1
0 5 3358.9 4541.6 1
0 3 2207.1 3248.9 1
8 4 2446.7 4665.2 1
3 4 228.9 1930.0 1
0 7 1105.5 2451.7 1
5 4 371.0 2658.4 1
9 8 1830.1 2473.0 1
8 6 631.0 708.5 1
9 7 1398.5 2911.7 1
9 4 2483.9 2593.1 1
2 4 2589.6 3633.4 1
9 3 1672.3 2226.9 1
9 5 212.3 277.8 1
1 6 2375.0 4572.3 1
9 4 2091.6 2932.7 1
9 2 2064.6 2659.6 1
7 2 1010.6 2684.2 1
3 9 2025.4 3286.9 1
1 2 1780.2 4079.1 1
5 6 2661.5 4759.8 1
0 8 3240.3 4967.3 1
1 4 2405.7 4754.5 1
8 3 2609.3 4254.7 1
0 1 1420.6 1720.9 1
3 2 1302.5 2167.9 1
9 8 358.6 1298.0 1
0 9 890.1 1458.7 1
7 6 1534.0 3566.7 1
6 2 420.1 2384.2 1
2 3 2730.3 3539.4 1
2 3 2284.5 4591.7 1
2 8 3031.9 3485.6 1
7 3 1860.1 2965.1 1
5 1 1073.7 2745.4 1
9 6 314.3 2439.6 1
0 2 2115.0 3734.3 1
5 2 2225.3 3694.1 1
0 4 1676.5 3170.4 1
0 1 3260.3 4946.5 1
8 5 3331.7 5492.6 1
1 9 1046.7 2387.6 1
9 10 2018.9 3534.6 1
9 10 119.8 1542.6 1
3 10 2715.9 4548.7 1
0 5 2208.8 3622.5 1
9 3 1451.1 2301.9 1
1 7 1715.8 2132.1 1
2 9 2696.7 3947.3 1
2 9 3443.0 4585.1 1
2 7 3337.8 4528.0 1
5 1 2371.3 4345.1 1
6 4 2974.0 4259.8 1
1 4 1193.8 2678.9 1
5 3 2469.8 3990.0 1
2 5 1722.4 2765.2 1
4 10 321.0 1169.7 1
0 6 1610.4 3969.0 1
3 2 2016.4 3074.2 1
6 1 1707.5 2093.4 1
6 1 685.2 929.6 1
7 1 2310.2 2837.0 1
9 10 1603.4 3522.8 1
3 4 3427.3 4912.8 1
3 6 3449.3 5643.1 1
1 4 1806.1 3592.5 1
2 4 789.7 2666.1 1
6 9 2461.8 3318.2 1
3 7 2993.9 4447.3 1
9 4 1245.6 3360.1 1
5 4 1301.3 2502.9 1
0 3 374.8 771.1 1
1 3 2234.0 3781.4 1
9 1 3136.7 3505.8 1
4 3 77.9 2439.1 1
9 10 3145.6 5256.1 1
8 7 3209.1 4016.6 1
1 7 3037.9 4893.9 1
7 6 1746.0 2769.5 1
2 5 3370.1 3856.8 1
0 2 725.0 881.1 1
5 7 3255.9 4341.8 1
3 7 801.2 1318.8 1
4 10 515.7 1387.4 1
5 10 3309.0 3669.7 1
7 5 2753.3 3261.7 1
1 6 404.1 2205.1 1
7 1 379.5 920.3 1
1 5 3040.9 4781.0 1
6 8 2756.7 2923.9 1
3 5 668.1 1732.9 1
9 7 2776.3 3043.1 1
4 9 2069.9 3968.6 1
7 4 3149.7 4290.6 1
4 9 2456.5 2872.6 1
8 2 2151.7 3795.0 1
4 9 3455.3 5605.7 1
2 1 1296.0 3103.3 1
8 10 1340.9 2445.2 1
5 1 3186.9 5460.3 1
9 1 1035.6 2997.7 1
0 4 3186.4 5132.1 1
0 2 332.4 1309.6 1
6 1 2987.1 5081.1 1
5 4 1287.2 2649.0 1
5 1 2857.1 3535.1 1
0 9 2112.9 2557.6 1
6 9 1097.2 1556.5 1
6 5 479.1 2723.4 1
7 9 2634.1 3577.2 1
8 6 2415.9 3918.3 1
1 6 2862.0 4756.6 1
2 8 2302.1 2973.7 1
1 9 2300.9 4163.7 1
0 8 982.7 2757.4 1
7 1 791.7 1651.2 1
3 9 2761.0 3314.1 1
7 10 1897.6 2873.9 1
2 4 3006.8 3625.2 1
8 7 398.5 963.4 1
7 1 3140.7 4489.9 1
3 7 1942.5 3571.5 1
9 5 3125.4 3806.7 1
0 8 2066.3 3437.5 1
9 3 2199.3 3988.5 1
5 8 534.3 1606.9 1
1 3 1454.0 2523.1 1
1 9 1934.3 4143.7 1
5 9 553.6 647.8 1
2 5 2453.4 3435.0 1
8 3 1951.2 2278.5 1
1 8 3423.9 5031.1 1
6 9 3222.0 3427.6 1
0 9 1428.2 3446.1 1
4 7 836.0 1585.7 1
2 8 1438.4 3748.0 1
1 6 1068.6 3259.0 1
1 10 2902.9 3841.8 1
0 5 2371.2 4421.3 1
3 9 483.6 1920.0 1
5 9 664.7 912.5 1
4 5 3216.2 3835.2 1
7 1 114.7 1551.8 1
9 1 894.5 1228.1 1
4 10 3245.4 4544.0 1
6 1 2974.1 3395.4 1
7 3 2725.3 4778.4 1
3 8 488.9 2625.1 1
0 9 2274.6 3989.5 1
5 3 1851.8 2351.5 1
EOF
