NUM_STATIONS: 10
NUM_REQUESTS: 80
NUM_VEHICLES: 2
VEHICLE_CAPACITY: 2
DISTANCES
0 1 5.3
1 2 5.1
2 3 4.1
3 4 5.8
4 5 8.8
5 6 4.0
6 7 7.4
7 8 2.6
8 9 6.4
9 0 5.7
REQUEST_SECTION
7 4 452.4 698.1 1
7 1 767.1 1034.8 1
9 2 761.6 1062.3 1
2 9 427.2 796.3 2
6 10 330.9 488.5 1
0 9 577.6 748.4 2
6 8 729.5 1109.7 1
2 3 427.7 598.0 1
4 7 122.1 317.6 2
1 4 339.3 495.6 1
5 9 33.0 560.0 2
7 1 89.6 566.1 2
5 3 93.8 332.6 2
4 10 127.1 288.4 1
0 1 583.0 939.7 1
8 9 706.3 1044.8 1
8 2 671.8 767.8 1
8 4 726.3 1067.5 2
1 5 277.3 427.0 2
5 3 484.4 1012.6 2
8 2 293.1 718.7 1
3 6 156.5 675.6 2
5 4 234.5 316.8 2
7 9 463.4 629.1 1
3 5 37.0 600.7 1
7 8 489.3 1012.5 2
0 8 52.4 331.0 2
9 2 67.6 382.6 1
1 6 758.8 1091.7 2
4 7 671.8 1101.5 1
0 7 63.5 149.9 1
5 7 331.9 824.1 1
4 7 341.8 856.0 1
1 6 210.7 769.8 2
0 9 236.0 441.7 1
8 9 218.5 400.4 1
2 5 746.0 989.8 1
1 10 168.8 409.5 2
3 2 651.5 1215.0 1
9 6 762.5 875.6 2
7 8 255.9 590.7 2
6 8 722.5 873.3 2
6 3 641.4 961.0 1
0 6 810.5 1336.9 1
1 6 428.9 752.9 1
0 7 727.8 810.6 2
6 3 687.6 1292.9 1
3 2 743.6 1285.6 2
8 10 669.7 1114.7 2
6 3 199.3 453.0 2
9 8 39.5 448.5 2
1 6 426.6 692.1 2
3 2 19.5 201.4 1
2 5 408.4 620.8 1
6 1 759.8 1290.6 2
9 4 339.9 722.4 1
7 9 561.1 763.5 2
1 2 27.8 176.9 1
8 4 415.1 926.6 2
3 7 396.3 722.3 1
1 8 642.1 1065.2 1
3 5 202.8 523.5 2
6 4 641.7 795.8 1
5 9 444.1 674.3 2
4 3 399.6 855.2 1
1 8 453.4 545.6 2
0 9 588.0 1044.1 2
9 5 261.8 859.1 1
2 9 355.5 499.7 2
6 2 767.4 1331.5 2
9 1 811.8 962.6 2
9 3 567.2 1052.0 1
5 2 697.6 1081.6 1
8 10 48.4 222.8 1
3 7 674.9 974.4 1
7 5 369.6 624.9 1
0 5 188.9 467.5 1
6 1 496.5 957.1 2
7 1 772.6 1236.5 2
3 9 447.8 780.8 1
EOF
