NUM_STATIONS: 10
NUM_REQUESTS: 40
NUM_VEHICLES: 2
VEHICLE_CAPACITY: 1
DISTANCES
0 1 5.8
1 2 5.9
2 3 5.5
3 4 4.6
4 5 6.6
5 6 8.5
6 7 2.2
7 8 4.0
8 9 2.7
9 0 5.9
REQUEST_SECTION
5 3 286.6 549.9 1
6 3 253.7 338.4 1
4 5 338.2 544.9 1
3 7 40.5 192.8 1
8 3 215.4 283.0 1
2 5 177.8 361.5 1
2 8 286.3 398.3 1
4 7 150.2 212.5 1
9 1 80.9 202.3 1
2 4 237.0 475.2 1
1 10 98.2 388.2 1
7 2 205.8 272.1 1
5 4 334.1 594.7 1
2 8 124.3 305.3 1
2 5 39.3 172.7 1
8 3 217.6 484.2 1
6 2 58.2 219.3 1
9 5 164.7 316.7 1
5 8 273.7 345.0 1
6 9 266.1 344.5 1
3 2 254.4 350.2 1
7 2 197.8 315.7 1
3 5 279.2 531.6 1
9 2 67.3 166.9 1
9 5 316.1 393.2 1
5 3 307.2 495.8 1
5 9 306.8 613.2 1
1 9 307.3 492.5 1
0 4 220.0 439.1 1
3 5 189.8 487.1 1
8 7 76.5 317.0 1
3 4 307.7 516.0 1
7 2 240.5 356.4 1
9 8 346.4 457.5 1
4 6 171.6 244.8 1
2 3 342.7 645.4 1
2 9 255.2 323.2 1
3 1 338.2 499.7 1
4 2 161.5 230.3 1
3 8 69.0 164.2 1
EOF
