NUM_STATIONS: 10
NUM_REQUESTS: 40
NUM_VEHICLES: 3
VEHICLE_CAPACITY: 1
DISTANCES
0 1 4.3
1 2 4.7
2 3 7.7
3 4 5.3
4 5 3.2
5 6 1.5
6 7 9.1
7 8 3.7
8 9 3.4
9 0 3.5
REQUEST_SECTION
2 7 294.9 568.8 1
8 10 243.5 308.3 1
4 9 131.5 206.4 1
1 7 32.7 213.2 1
9 5 138.2 383.6 1
8 6 145.3 400.8 1
2 6 279.2 376.3 1
6 5 61.4 176.0 1
4 9 287.3 491.7 1
6 9 221.5 374.1 1
1 5 6.7 159.6 1
3 8 234.3 404.3 1
9 10 65.2 256.0 1
4 5 51.5 177.6 1
5 6 138.0 309.1 1
3 9 209.6 415.2 1
5 7 269.7 476.5 1
0 5 179.6 442.2 1
5 10 38.3 178.7 1
0 2 216.7 434.8 1
0 4 102.0 261.6 1
1 7 175.7 258.3 1
0 3 290.3 416.2 1
9 3 65.0 313.8 1
3 6 18.5 199.6 1
9 7 141.2 403.6 1
4 7 146.0 342.4 1
2 5 50.6 252.8 1
2 5 284.6 449.8 1
0 4 86.5 173.0 1
0 9 280.9 547.5 1
7 1 42.2 318.8 1
7 2 187.3 332.7 1
1 9 275.4 431.6 1
2 7 12.9 95.8 1
9 8 155.7 299.0 1
7 6 73.7 195.5 1
4 2 59.9 193.7 1
1 6 134.4 186.1 1
4 1 227.2 359.0 1
EOF
