NUM_STATIONS: 10
NUM_REQUESTS: 20
NUM_VEHICLES: 1
VEHICLE_CAPACITY: 1
DISTANCES
0 1 8.9
1 2 4.6
2 3 7.4
3 4 8.4
4 5 9.1
5 6 4.1
6 7 8.9
7 8 3.5
8 9 7.1
9 0 5.5
REQUEST_SECTION
2 3 164.4 418.2 1
4 1 107.6 434.7 1
1 10 209.0 347.8 1
5 4 11.0 295.9 1
6 5 426.6 631.4 1
0 8 168.2 292.9 1
2 9 475.1 662.3 1
9 1 139.5 362.1 1
2 3 474.6 688.0 1
5 9 87.9 216.3 1
6 4 389.9 492.2 1
5 1 301.2 474.9 1
8 4 376.5 665.8 1
8 1 144.8 536.3 1
9 2 173.4 539.9 1
5 8 284.7 402.0 1
3 5 267.4 431.1 1
8 1 29.9 349.8 1
4 9 325.8 471.2 1
6 4 135.6 510.9 1
EOF
