NUM_STATIONS: 10
NUM_REQUESTS: 40
NUM_VEHICLES: 1
VEHICLE_CAPACITY: 8
DISTANCES
0 1 4.3
1 2 4.7
2 3 7.7
3 4 5.3
4 5 3.2
5 6 1.5
6 7 9.1
7 8 3.7
8 9 3.4
9 0 3.5
REQUEST_SECTION
2 7 267.2 482.3 4
8 10 661.2 1114.1 8
4 9 29.0 427.4 1
1 7 284.4 671.7 2
9 5 577.9 904.6 4
8 6 91.5 541.1 7
2 6 684.2 965.7 2
6 5 514.8 709.4 3
4 9 655.0 852.0 1
6 9 193.6 643.5 2
1 5 462.2 657.1 2
3 8 139.4 501.2 3
9 10 513.3 714.9 3
4 5 609.0 823.3 2
5 6 615.8 1080.6 8
3 9 229.8 336.2 8
5 7 203.3 634.3 4
0 5 402.7 801.4 8
5 10 558.6 997.6 6
0 2 195.6 601.4 7
0 4 105.9 380.2 8
1 7 640.0 769.6 1
0 3 496.6 863.2 7
9 3 0.3 436.5 7
3 6 80.5 379.0 7
9 7 312.6 761.8 7
4 7 375.0 802.1 2
2 5 113.6 511.2 4
2 5 491.6 860.4 5
0 4 50.4 134.9 1
0 9 432.1 692.6 5
7 1 572.2 654.5 1
7 2 128.9 394.9 4
1 9 532.4 959.0 5
2 7 639.2 901.7 5
9 8 172.4 603.4 1
7 6 318.6 783.6 8
4 2 278.8 411.1 4
1 6 135.7 236.5 5
4 1 651.4 874.5 7
EOF
