NUM_STATIONS: 10
NUM_REQUESTS: 80
NUM_VEHICLES: 2
VEHICLE_CAPACITY: 1
DISTANCES
0 1 2.4
1 2 8.8
2 3 9.2
3 4 4.4
4 5 2.3
5 6 10.0
6 7 6.1
7 8 3.9
8 9 6.9
9 0 4.1
REQUEST_SECTION
4 2 732.7 1514.8 1
1 6 158.2 732.6 1
9 8 154.4 940.4 1
7 1 467.4 679.5 1
1 5 194.9 306.4 1
5 9 395.3 922.8 1
1 5 63.8 892.9 1
5 6 304.8 643.9 1
2 8 531.8 1190.8 1
6 1 393.9 614.0 1
5 3 302.5 1215.4 1
2 7 534.0 1446.9 1
5 9 4.7 300.4 1
0 2 654.5 757.5 1
1 8 639.7 750.4 1
7 10 65.9 294.6 1
1 3 324.3 938.3 1
5 3 656.5 966.9 1
2 5 594.1 695.8 1
4 8 138.5 317.3 1
2 4 805.4 1711.1 1
4 2 346.8 901.5 1
7 10 623.7 1352.5 1
5 6 189.2 503.0 1
5 9 483.2 1020.4 1
7 6 866.6 1432.0 1
1 5 806.3 1273.0 1
1 2 817.2 1115.5 1
9 1 339.4 464.7 1
3 7 150.4 353.0 1
7 2 502.5 1425.9 1
1 7 746.5 1043.4 1
3 8 401.4 1042.3 1
1 5 851.1 964.8 1
1 8 744.8 1290.3 1
3 9 5.3 165.2 1
1 10 441.1 881.7 1
7 2 49.9 369.8 1
3 6 628.1 839.1 1
8 7 598.1 1496.0 1
1 2 782.5 1478.3 1
0 7 16.2 235.4 1
0 3 789.7 1432.4 1
0 4 305.9 902.7 1
6 5 601.4 1498.7 1
5 8 754.1 1633.8 1
1 10 18.2 384.3 1
5 6 555.6 1028.5 1
4 7 695.8 836.2 1
8 9 509.8 1409.5 1
5 8 695.9 1017.5 1
6 7 438.8 571.9 1
0 8 258.5 958.3 1
1 9 751.3 1415.0 1
0 5 391.5 686.6 1
0 4 436.9 795.5 1
4 9 739.0 1546.5 1
3 1 786.9 951.5 1
7 2 138.0 396.3 1
5 8 147.8 475.7 1
2 10 215.8 407.8 1
7 9 344.9 1206.5 1
8 5 605.6 1113.6 1
5 6 484.3 1103.0 1
8 2 94.0 1019.8 1
5 2 517.8 748.0 1
5 1 128.3 734.3 1
8 7 746.4 1395.6 1
3 7 569.0 664.2 1
4 7 453.2 1270.9 1
6 4 692.1 1301.9 1
9 7 164.9 318.0 1
9 3 561.6 1025.5 1
9 5 260.6 909.8 1
9 10 72.2 303.1 1
8 10 427.6 756.0 1
9 6 379.8 1123.0 1
3 9 537.7 1294.6 1
2 9 657.1 939.5 1
2 4 460.6 757.2 1
EOF
