NUM_STATIONS: 10
NUM_REQUESTS: 40
NUM_VEHICLES: 1
VEHICLE_CAPACITY: 1
DISTANCES
0 1 4.3
1 2 4.7
2 3 7.7
3 4 5.3
4 5 3.2
5 6 1.5
6 7 9.1
7 8 3.7
8 9 3.4
9 0 3.5
REQUEST_SECTION
2 7 169.7 530.2 1
8 10 121.1 208.3 1
4 9 674.4 1144.0 1
1 7 426.6 849.5 1
9 5 382.6 873.3 1
8 6 381.2 768.5 1
2 6 198.6 302.4 1
6 5 12.3 310.9 1
4 9 426.6 924.9 1
6 9 555.9 706.7 1
1 5 185.2 255.4 1
3 8 634.5 1015.8 1
9 10 516.8 621.2 1
4 5 619.2 841.7 1
5 6 347.5 557.2 1
3 9 228.8 415.2 1
5 7 215.7 685.3 1
0 5 605.1 1093.9 1
5 10 355.8 678.3 1
0 2 416.4 815.0 1
0 4 157.2 612.8 1
1 7 139.2 431.2 1
0 3 391.3 554.1 1
9 3 686.7 1197.3 1
3 6 663.7 1158.0 1
9 7 333.4 490.6 1
4 7 585.8 855.7 1
2 5 377.9 757.7 1
2 5 282.2 397.7 1
0 4 184.1 295.7 1
0 9 457.0 940.9 1
7 1 70.1 240.4 1
7 2 403.2 899.5 1
1 9 168.3 499.8 1
2 7 496.0 693.1 1
9 8 629.0 978.8 1
7 6 174.6 582.3 1
4 2 299.9 626.0 1
1 6 48.1 491.9 1
4 1 573.2 966.5 1
EOF
