NUM_STATIONS: 10
NUM_REQUESTS: 40
NUM_VEHICLES: 2
VEHICLE_CAPACITY: 8
DISTANCES
0 1 3.4
1 2 6.2
2 3 7.9
3 4 7.1
4 5 5.2
5 6 1.5
6 7 5.2
7 8 1.2
8 9 5.0
9 0 2.1
REQUEST_SECTION
3 7 252.2 374.4 3
4 5 270.7 466.5 2
4 5 6.9 198.8 2
2 9 155.3 278.0 8
4 6 322.1 472.8 4
2 7 205.7 389.2 6
2 4 91.1 242.2 8
5 6 183.6 296.5 7
4 1 279.2 482.3 6
0 7 159.4 368.0 2
6 3 257.6 384.8 6
0 2 177.6 414.1 2
9 3 90.3 247.6 1
7 6 275.6 536.8 1
7 5 323.6 580.2 8
3 7 312.1 500.6 6
4 2 21.4 203.7 1
0 9 127.0 176.6 2
2 3 120.8 300.8 2
2 9 258.5 329.8 7
0 4 64.0 243.9 3
2 10 143.6 284.7 4
2 6 55.0 298.4 7
8 4 226.4 299.0 5
3 7 189.0 445.0 8
0 1 190.4 272.9 5
7 1 138.0 302.2 7
8 4 303.1 496.5 6
0 3 282.4 543.9 2
9 7 315.2 545.5 4
0 4 123.9 307.7 3
7 2 175.9 280.0 2
8 6 132.9 258.0 6
4 10 135.0 402.4 4
9 6 193.3 423.7 3
1 5 150.2 361.7 6
4 2 3.6 138.4 1
3 5 203.6 444.4 3
9 7 121.2 223.1 3
5 7 181.1 394.2 3
EOF
