NUM_STATIONS: 10
NUM_REQUESTS: 160
NUM_VEHICLES: 2
VEHICLE_CAPACITY: 1
DISTANCES
0 1 6.3
1 2 7.7
2 3 3.8
3 4 4.5
4 5 9.5
5 6 2.1
6 7 8.1
7 8 3.8
8 9 3.5
9 0 1.8
REQUEST_SECTION
8 5 521.4 911.6 1
2 7 1257.9 1816.1 1
0 6 490.5 897.0 1
4 2 751.7 1523.2 1
6 1 343.8 833.2 1
6 5 648.7 1446.3 1
4 5 882.3 1190.1 1
1 7 1034.4 1189.5 1
9 1 720.4 1078.0 1
8 4 851.7 1807.2 1
6 8 1205.8 1330.1 1
3 10 846.2 1147.7 1
9 6 9.3 956.6 1
1 3 12.7 832.8 1
9 1 712.2 1237.9 1
6 5 1420.1 1592.1 1
1 10 514.9 977.5 1
0 8 65.1 780.1 1
7 10 1297.0 1739.0 1
2 5 1295.1 1462.9 1
3 9 79.9 408.3 1
9 5 1184.7 1397.2 1
2 4 493.3 723.9 1
0 5 407.4 1373.6 1
6 5 488.1 1506.3 1
1 3 192.7 371.2 1
7 5 295.2 1041.1 1
0 4 930.8 1622.3 1
2 10 1048.8 2024.8 1
1 10 137.2 974.0 1
4 1 563.5 1140.6 1
5 8 224.2 949.8 1
8 5 90.8 227.1 1
4 10 760.0 1051.0 1
6 3 126.9 480.5 1
6 5 1104.4 1451.3 1
1 7 300.0 1160.7 1
3 1 43.5 533.5 1
0 3 362.7 1433.3 1
3 2 1115.7 1825.9 1
7 4 817.1 1463.5 1
6 4 1049.3 1619.1 1
3 8 681.1 913.7 1
7 2 1324.8 1724.0 1
8 3 1121.7 1175.1 1
8 2 647.5 1539.5 1
2 3 604.4 932.1 1
0 1 908.0 1929.2 1
5 8 1150.7 1959.0 1
2 7 284.5 1061.2 1
8 4 928.0 1691.6 1
3 8 1214.8 2207.8 1
2 5 1240.6 1418.4 1
4 1 77.4 1075.1 1
6 4 278.7 1328.9 1
4 5 887.4 958.2 1
6 7 123.1 588.0 1
2 8 1070.8 1234.2 1
8 10 994.9 1646.3 1
9 8 1127.0 2067.2 1
9 3 687.1 1617.0 1
8 9 1442.4 1577.7 1
8 9 738.2 1570.4 1
8 10 1153.4 1967.9 1
3 9 299.4 476.3 1
2 8 775.4 1194.1 1
7 3 604.6 1673.0 1
1 8 1420.2 1609.6 1
9 1 1430.5 2237.9 1
4 6 1246.9 2009.0 1
2 10 20.6 472.1 1
0 3 755.5 1023.5 1
0 5 1000.1 1485.7 1
5 3 1474.4 1540.4 1
9 3 2.8 740.5 1
9 4 395.9 1285.4 1
3 2 314.9 1345.0 1
5 4 964.4 1593.2 1
7 1 380.6 1438.2 1
0 7 1085.5 1163.9 1
5 8 138.3 419.4 1
9 1 185.5 912.9 1
3 4 310.9 642.4 1
4 9 82.0 1008.3 1
5 1 1327.3 1726.1 1
5 2 428.7 1322.3 1
2 1 1464.0 1931.8 1
8 2 272.3 651.1 1
0 8 75.3 479.2 1
3 1 728.8 1485.0 1
2 10 242.2 1114.0 1
0 8 1490.0 1836.9 1
6 9 1259.8 1752.1 1
3 8 602.1 1186.6 1
4 2 565.5 1384.2 1
7 4 19.0 425.8 1
9 1 651.9 878.7 1
7 8 1279.7 2014.7 1
4 7 1431.3 1649.3 1
8 5 62.7 316.9 1
8 7 829.5 1611.3 1
3 1 412.4 1297.5 1
6 3 1499.1 2533.4 1
5 9 381.0 1162.6 1
3 7 833.9 1324.8 1
2 7 487.8 913.5 1
2 7 939.6 1849.3 1
9 10 1220.1 1519.9 1
0 8 1442.0 2461.9 1
7 8 1435.6 2308.1 1
4 3 1456.5 2106.1 1
6 7 860.6 1153.8 1
1 6 1313.2 1456.0 1
5 1 724.8 1165.2 1
4 9 29.8 814.2 1
3 8 878.1 1774.0 1
5 7 1381.8 2075.9 1
6 9 521.3 1558.8 1
1 5 260.9 961.3 1
8 2 161.6 638.9 1
9 10 411.5 857.5 1
5 7 805.2 1271.5 1
5 4 116.6 171.8 1
7 6 1376.5 2340.3 1
5 9 614.8 1264.6 1
9 7 983.5 1282.4 1
3 5 1389.6 2045.7 1
5 9 729.7 1347.5 1
7 8 126.7 1179.9 1
0 5 1148.1 1319.8 1
6 3 1205.4 1555.6 1
2 5 37.2 437.7 1
9 8 424.2 1181.7 1
1 10 1014.9 1814.8 1
4 6 172.5 758.2 1
4 9 1233.2 1767.8 1
6 7 887.7 1177.0 1
8 1 1474.5 2223.1 1
7 2 1288.5 2104.5 1
8 7 881.3 1005.4 1
6 8 939.2 1709.6 1
1 6 667.0 739.7 1
0 3 510.5 898.0 1
5 1 1486.1 2432.7 1
0 4 327.9 994.1 1
9 4 227.2 1196.2 1
1 10 1291.2 1766.4 1
8 5 507.3 1220.3 1
7 6 1154.0 1441.9 1
3 9 1365.8 1539.9 1
0 8 394.0 562.6 1
2 9 1437.4 1826.4 1
9 8 672.3 906.5 1
1 9 306.6 1331.9 1
1 8 257.4 966.9 1
0 5 191.0 855.2 1
4 6 1433.0 2322.8 1
7 5 1025.1 1129.9 1
9 6 1348.3 2099.2 1
8 5 351.1 1286.8 1
EOF
