NUM_STATIONS: 10
NUM_REQUESTS: 40
NUM_VEHICLES: 2
VEHICLE_CAPACITY: 8
DISTANCES
0 1 4.3
1 2 4.7
2 3 7.7
3 4 5.3
4 5 3.2
5 6 1.5
6 7 9.1
7 8 3.7
8 9 3.4
9 0 3.5
REQUEST_SECTION
2 7 286.5 476.5 3
8 10 298.8 434.3 5
4 9 77.0 211.7 3
1 7 227.5 488.4 4
9 5 275.2 651.7 7
8 6 116.1 302.8 8
2 6 212.9 586.0 7
6 5 346.8 579.9 2
4 9 278.8 590.9 5
6 9 302.5 451.9 2
1 5 39.5 385.3 6
3 8 9.2 337.4 1
9 10 216.0 322.1 5
4 5 238.0 560.9 7
5 6 206.4 288.0 7
3 9 164.0 330.0 6
5 7 97.0 430.3 2
0 5 213.7 272.1 1
5 10 244.1 467.0 2
0 2 138.3 233.4 4
0 4 52.3 258.7 3
1 7 295.4 418.7 4
0 3 182.2 488.3 3
9 3 6.4 363.4 6
3 6 56.1 203.0 4
9 7 276.4 332.5 7
4 7 121.1 169.4 8
2 5 215.5 333.1 6
2 5 42.4 435.0 6
0 4 21.1 291.1 8
0 9 194.7 348.9 7
7 1 209.7 411.6 5
7 2 63.6 235.7 4
1 9 201.9 394.0 8
2 7 228.9 434.2 3
9 8 233.6 356.2 3
7 6 145.7 376.9 8
4 2 291.4 395.9 1
1 6 140.7 391.4 1
4 1 43.2 248.1 8
EOF
