NUM_STATIONS: 10
NUM_REQUESTS: 160
NUM_VEHICLES: 2
VEHICLE_CAPACITY: 4
DISTANCES
0 1 6.3
1 2 7.7
2 3 3.8
3 4 4.5
4 5 9.5
5 6 2.1
6 7 8.1
7 8 3.8
8 9 3.5
9 0 1.8
REQUEST_SECTION
8 5 1131.5 2657.5 1
2 7 29.9 335.9 1
0 6 1175.5 1791.4 1
4 2 396.0 885.1 1
6 1 433.6 553.0 1
6 5 41.4 405.4 4
4 5 35.1 1377.1 3
1 7 111.3 564.7 2
9 1 1086.4 2449.8 1
8 4 1279.6 2070.0 2
6 8 1149.7 2644.3 4
3 10 9.1 856.1 2
9 6 775.0 1666.2 2
1 3 245.9 871.8 4
9 1 415.9 1052.6 1
6 5 1358.9 2408.3 3
1 10 984.8 2487.4 4
0 8 461.4 1474.8 1
7 10 631.9 1419.4 1
2 5 549.7 2041.5 3
3 9 1001.3 1539.1 2
9 5 1346.8 1621.7 1
2 4 234.3 633.2 3
0 5 1034.6 2545.5 1
6 5 1290.1 2465.6 3
1 3 1076.1 1740.8 3
7 5 600.9 2140.9 4
0 4 967.5 2187.2 4
2 10 943.1 1132.0 3
1 10 1152.1 1919.0 3
4 1 1295.9 2489.4 4
5 8 936.8 2212.5 4
8 5 1440.1 2599.8 2
4 10 454.8 1554.8 2
6 3 100.0 453.1 2
6 5 1172.2 1713.0 1
1 7 1415.4 2500.0 4
3 1 200.3 1691.3 1
0 3 887.3 1185.7 2
3 2 474.2 1299.7 3
7 4 803.3 1712.1 1
6 4 1434.4 2372.6 3
3 8 257.4 1612.6 1
7 2 1459.5 1798.3 4
8 3 580.3 753.5 1
8 2 1186.4 2679.0 2
2 3 389.2 1473.2 4
0 1 685.7 1031.5 2
5 8 1168.3 1441.7 3
2 7 1064.8 1911.9 4
8 4 649.1 1730.0 1
3 8 405.1 936.7 1
2 5 1029.0 2050.5 2
4 1 731.1 1926.5 3
6 4 108.9 1062.9 1
4 5 603.2 2051.8 1
6 7 43.5 1268.5 1
2 8 753.4 1425.4 2
8 10 255.8 1169.2 3
9 8 416.2 678.6 3
9 3 20.5 245.4 3
8 9 1056.7 2119.3 1
8 9 236.8 961.3 4
8 10 1271.5 2510.3 1
3 9 802.4 1192.6 1
2 8 1097.0 2255.4 2
7 3 1482.7 2632.4 4
1 8 1031.7 2185.3 4
9 1 1156.9 2537.4 4
4 6 225.5 481.2 1
2 10 272.7 494.4 4
0 3 580.2 742.2 2
0 5 1390.2 2883.3 2
5 3 1307.8 2388.6 1
9 3 397.5 1590.5 1
9 4 1410.7 2784.1 3
3 2 28.1 1524.4 1
5 4 752.8 2174.1 1
7 1 1513.5 3049.4 4
0 7 345.5 1010.4 3
5 8 1406.0 1639.4 1
9 1 170.4 667.3 3
3 4 1469.1 2743.8 2
4 9 1289.3 1710.4 2
5 1 481.8 852.7 4
5 2 1376.9 1538.8 2
2 1 354.6 1910.9 2
8 2 1142.7 2403.8 4
0 8 1528.6 2850.5 3
3 1 61.0 999.8 1
2 10 149.1 1263.9 1
0 8 407.0 1256.2 3
6 9 267.3 1051.6 4
3 8 1078.1 1619.5 2
4 2 1496.5 2846.8 1
7 4 200.2 1516.9 1
9 1 1410.8 1707.6 3
7 8 248.7 1259.2 1
4 7 673.0 786.4 2
8 5 994.3 1793.4 1
8 7 1180.2 2214.4 1
3 1 36.1 1530.4 2
6 3 527.0 756.7 1
5 9 13.6 1254.7 2
3 7 636.9 1196.1 3
2 7 914.8 2088.2 1
2 7 173.3 777.8 2
9 10 1073.9 1390.8 2
0 8 832.3 2083.1 3
7 8 587.0 667.0 3
4 3 190.8 726.6 4
6 7 114.0 1262.4 4
1 6 1210.5 2524.2 1
5 1 1047.0 1922.0 4
4 9 355.4 746.2 3
3 8 11.1 1557.1 1
5 7 1264.8 1791.7 3
6 9 523.7 1385.6 3
1 5 627.4 802.5 1
8 2 1088.7 2136.2 3
9 10 855.5 1678.8 1
5 7 928.1 1199.8 2
5 4 798.1 1390.4 4
7 6 1002.6 2263.1 4
5 9 717.4 888.7 3
9 7 178.5 963.9 3
3 5 328.7 794.5 3
5 9 943.9 1978.0 4
7 8 98.0 1291.8 4
0 5 30.6 450.5 2
6 3 1442.3 2685.3 4
2 5 1314.3 1560.1 4
9 8 710.8 1548.9 1
1 10 317.2 406.6 1
4 6 158.0 363.7 1
4 9 655.4 2137.5 3
6 7 161.4 1070.8 1
8 1 1035.9 1441.3 4
7 2 485.1 1967.7 2
8 7 894.8 1321.1 2
6 8 878.4 2064.6 2
1 6 33.9 999.1 1
0 3 1245.1 1700.9 2
5 1 532.5 704.9 4
0 4 859.8 2008.5 4
9 4 72.7 669.4 4
1 10 1462.2 2741.7 3
8 5 270.1 733.9 2
7 6 1454.9 2588.6 4
3 9 770.5 862.8 2
0 8 1349.0 1488.2 4
2 9 1174.1 1314.8 4
9 8 25.0 1408.0 4
1 9 1455.4 2761.1 3
1 8 423.4 513.9 2
0 5 1500.2 2042.5 4
4 6 1170.6 1688.9 2
7 5 1148.2 2228.3 4
9 6 408.9 1234.7 3
8 5 1364.0 2045.2 3
EOF
