NUM_STATIONS: 10
NUM_REQUESTS: 160
NUM_VEHICLES: 2
VEHICLE_CAPACITY: 4
DISTANCES
0 1 3.6
1 2 7.3
2 3 7.4
3 4 1.6
4 5 9.1
5 6 1.1
6 7 5.1
7 8 5.3
8 9 9.0
9 0 2.6
REQUEST_SECTION
0 6 452.9 1355.7 1
6 7 288.6 462.5 3
7 6 306.4 1319.8 2
0 1 1196.5 2074.3 4
4 3 1463.9 2283.4 4
6 10 723.8 1154.6 2
5 2 151.5 471.7 1
1 3 1381.0 1724.2 2
0 6 1471.8 2178.3 3
6 1 831.8 1432.3 4
4 5 1488.8 2043.9 4
6 2 1080.7 1788.3 4
3 4 281.4 841.3 1
3 4 96.5 443.2 1
7 9 1251.2 1622.8 4
9 3 488.8 691.9 2
9 7 258.6 1302.8 2
4 8 287.6 742.0 3
3 7 546.5 1051.1 1
2 3 573.7 929.7 1
0 7 231.6 631.8 2
1 5 969.4 1150.8 2
8 2 1462.9 1558.2 1
5 3 125.8 386.3 4
5 9 922.8 1623.7 1
1 6 426.4 930.0 4
1 6 288.1 478.8 4
4 2 256.9 1298.3 1
5 3 498.3 915.1 1
4 7 1567.6 2107.8 2
6 5 28.6 1080.9 4
3 7 620.2 1357.4 2
5 3 373.6 1343.4 1
4 9 1194.6 1261.6 3
2 6 32.6 334.0 1
8 4 632.2 721.7 4
0 3 1430.3 1485.3 3
8 9 1401.0 2035.7 2
9 5 1286.7 1778.4 2
5 7 943.1 1460.7 2
1 5 1374.6 1827.1 2
6 8 1100.8 1525.3 3
3 8 872.1 1595.4 1
8 5 1184.8 1311.7 1
3 10 50.7 888.1 4
8 7 180.6 631.4 1
9 4 36.7 793.4 4
6 2 222.1 616.9 2
9 7 1486.3 1932.7 2
0 8 934.2 1450.3 3
3 9 936.2 1538.9 1
7 10 1210.0 1318.2 1
7 3 661.7 1499.0 1
4 1 66.4 501.1 3
1 3 818.0 1864.8 3
4 9 1018.9 1716.9 2
6 7 239.7 1291.7 3
3 9 1406.1 2020.4 3
1 5 1046.0 1675.0 1
9 7 836.7 1425.2 1
4 8 1335.7 2120.8 3
7 10 270.5 1056.3 2
2 9 530.2 1342.1 3
8 1 256.0 874.4 3
1 7 1017.1 1566.1 4
8 5 987.4 1362.7 2
7 3 371.5 591.9 3
3 5 677.7 917.7 2
0 5 207.8 1102.3 4
9 4 1265.5 1624.2 4
5 8 262.6 402.7 3
9 8 728.1 1008.7 3
6 9 1366.3 1495.2 4
8 1 215.1 896.3 3
6 7 909.0 977.6 4
6 1 108.9 448.6 2
3 5 1178.5 2135.4 3
4 7 1347.9 1747.9 1
6 3 852.6 1129.3 1
4 5 853.0 1181.9 2
0 1 1547.4 1942.4 1
8 5 1490.4 2398.1 2
3 4 393.7 1025.1 4
2 6 447.9 950.5 3
9 4 209.7 775.2 1
6 8 1239.0 1813.0 3
6 2 993.2 1083.8 4
7 2 301.6 379.8 1
1 8 1511.5 1596.2 1
9 5 1230.9 2258.4 2
6 2 306.1 1062.9 4
1 5 488.9 782.6 2
5 4 830.4 1346.8 4
8 10 1039.7 1910.3 3
3 6 1024.4 2062.1 4
5 2 1118.5 1617.4 3
6 3 430.1 578.9 1
4 6 1038.7 1223.5 3
5 7 745.2 1364.3 2
2 3 73.8 523.8 2
4 9 823.9 982.0 3
4 1 519.0 1548.0 3
5 6 1432.9 2184.9 2
5 10 1198.3 1736.0 2
8 9 339.2 983.3 4
3 5 244.9 350.3 4
3 8 984.7 1588.9 1
7 8 722.8 1295.9 4
4 8 284.1 383.3 2
1 6 1166.0 1781.5 4
3 9 762.8 1123.5 3
0 8 503.5 867.2 1
0 5 1355.7 2247.7 2
1 8 1196.1 1993.0 4
3 6 1012.2 1337.1 4
7 1 189.5 800.1 4
7 1 1241.7 2106.5 3
4 1 596.5 1396.8 4
1 2 779.7 1208.1 4
8 5 1205.0 2292.2 2
6 4 1008.5 1823.3 4
3 6 623.3 1705.6 3
2 8 909.2 1813.8 2
6 1 1324.0 2226.6 3
6 10 429.3 1066.9 2
0 2 1271.1 1784.7 4
0 1 69.6 238.9 1
3 9 177.9 1126.9 3
2 8 825.4 1135.4 4
4 5 25.1 860.8 3
1 5 1213.0 1284.8 1
4 2 746.5 1534.2 1
1 3 277.9 727.1 2
1 3 588.6 1164.2 1
6 1 1163.0 2133.9 1
8 9 512.4 1040.3 2
7 6 1351.6 2199.7 4
1 7 565.0 1296.8 2
6 1 1122.1 2099.9 1
4 6 1240.5 2241.5 2
3 9 505.2 597.1 4
2 9 1564.2 1678.2 4
6 9 1388.5 2029.4 2
2 4 1265.2 1501.6 3
9 6 1286.2 2212.3 2
1 6 1300.8 1860.6 1
3 2 817.4 1051.5 3
4 1 817.1 1268.7 3
8 9 95.1 529.5 3
4 3 178.8 1133.7 3
7 5 390.0 718.4 4
3 5 1520.3 2082.9 3
6 7 735.2 1798.3 3
9 5 746.9 1028.1 4
6 5 59.6 188.3 1
3 8 795.9 1768.5 4
4 9 256.1 896.0 2
4 10 1154.4 1274.3 4
6 8 782.2 859.0 4
3 1 1510.7 2383.8 1
EOF
