NUM_STATIONS: 10
NUM_REQUESTS: 160
NUM_VEHICLES: 1
VEHICLE_CAPACITY: 2
DISTANCES
0 1 3.3
1 2 8.6
2 3 9.8
3 4 4.8
4 5 3.7
5 6 5.0
6 7 1.8
7 8 2.0
8 9 1.3
9 0 2.7
REQUEST_SECTION
9 3 80.2 1430.8 2
8 4 224.2 518.2 1
4 8 1534.1 2106.3 2
6 3 471.3 2001.0 2
8 2 1340.2 2272.2 2
7 2 283.1 1251.6 1
8 1 2136.7 2227.8 2
6 4 1316.9 2606.8 1
7 2 2378.2 2760.9 2
2 6 644.5 874.8 1
3 7 954.1 2556.4 2
8 4 2094.2 2604.7 1
0 8 2200.4 3184.5 2
8 10 812.7 979.9 2
8 2 541.2 907.2 1
4 2 1474.9 2740.7 2
3 5 1518.4 2298.3 1
5 7 2380.4 3224.1 1
3 7 901.9 1138.6 2
7 4 370.9 1426.1 1
6 7 964.7 1466.0 2
3 7 1036.8 1696.1 2
5 2 1117.6 1890.8 1
4 7 1942.6 3078.5 1
3 5 2503.1 3890.4 2
1 3 173.4 1633.2 2
9 10 921.0 2503.6 2
3 6 252.3 1855.5 1
3 7 1432.5 2702.6 2
7 10 1054.5 1635.9 1
8 9 529.1 2113.7 1
3 9 509.4 580.0 1
4 7 1333.5 2619.3 1
4 6 299.4 1110.7 2
6 10 902.6 1749.9 2
1 3 2116.4 3508.0 2
8 7 824.7 1291.7 1
8 10 1014.5 2623.2 2
2 1 176.8 1693.6 1
5 1 300.5 782.2 1
2 4 2458.3 3314.2 1
5 10 1534.5 2392.7 2
8 6 1276.2 1357.5 1
5 2 1759.2 2233.2 1
6 2 329.7 720.4 2
5 4 1508.1 2829.9 2
0 9 770.6 2509.1 2
3 4 2221.5 3094.0 1
0 2 1866.7 3209.7 1
9 7 2128.2 3530.5 1
8 3 2237.5 3399.0 2
1 4 979.2 1791.0 1
3 1 1842.6 3127.5 2
2 7 1711.7 2055.8 1
3 10 1075.5 2604.3 2
2 4 292.4 2036.8 1
5 8 42.1 1253.7 1
8 1 1960.5 2870.9 2
2 3 2011.4 2712.2 2
6 8 504.5 2089.0 2
8 10 1171.8 2396.4 2
6 8 420.8 696.1 2
2 6 831.7 1831.4 2
6 7 421.3 1007.2 1
7 2 1109.4 2385.4 2
0 7 2452.6 2572.1 2
3 5 1860.2 2443.3 2
4 5 945.2 1654.0 2
5 2 832.4 2186.0 1
5 4 2541.8 3523.4 2
5 3 141.7 749.7 2
3 10 968.7 2601.2 1
6 7 744.1 2226.8 1
2 9 1658.9 3234.8 1
1 8 2420.5 4009.1 2
0 1 1499.9 2351.2 1
2 9 1327.0 2388.7 1
9 5 218.7 888.7 2
6 5 464.5 1345.3 2
3 7 1887.9 2898.7 2
7 1 1373.1 2705.2 1
3 2 2526.1 4206.6 2
2 7 1646.2 2305.0 1
1 8 1550.2 2651.5 2
1 10 1737.0 1962.7 1
9 8 515.6 972.0 1
7 8 2076.4 2719.9 1
2 7 1344.6 1694.1 1
6 1 726.9 1240.6 2
7 3 922.2 1853.7 2
8 2 2063.5 2424.0 1
2 6 9.3 1708.7 2
8 6 1921.2 3585.1 1
1 3 2048.7 3491.5 1
9 5 569.6 1167.0 1
0 3 361.5 1275.7 1
5 10 2545.4 4013.4 1
7 3 2242.8 3777.4 2
5 10 1649.6 3090.8 1
6 2 127.7 1403.0 1
6 8 1179.8 1285.9 2
8 5 193.7 1345.7 2
0 2 367.7 631.5 1
9 5 79.5 602.8 1
8 3 633.9 809.6 2
4 9 2376.4 3326.4 1
4 9 1729.7 2465.5 2
1 6 1777.2 2069.7 1
9 4 1095.2 1583.5 2
9 6 320.1 1626.9 2
0 2 1591.4 1869.0 2
6 8 1908.4 2004.8 2
6 2 486.0 1620.9 1
2 6 2384.6 2589.6 2
6 3 1066.6 2339.9 2
7 3 1762.1 2188.7 1
3 9 2270.5 2771.1 1
6 10 523.2 1791.3 2
3 2 1372.6 2844.2 1
9 1 292.4 1291.8 2
6 9 1413.8 3141.8 1
4 9 384.1 1677.5 1
3 9 1831.7 2168.7 2
8 5 2157.6 3745.3 1
4 5 105.4 853.6 2
0 4 363.8 1469.1 1
5 8 1912.1 2660.8 2
9 10 1483.0 3228.9 1
0 2 832.1 1609.8 2
1 3 1731.6 2237.3 1
4 2 1767.6 3480.0 2
4 3 987.6 2715.3 1
0 1 157.7 1584.4 2
9 3 2222.2 2821.7 1
5 6 2161.3 3029.8 1
4 9 1535.6 2443.1 2
5 2 147.9 614.3 2
0 6 1273.5 2940.7 1
1 9 801.0 1550.9 1
9 3 1205.8 2346.0 1
4 10 1718.3 2642.5 2
2 7 131.1 1160.5 1
5 1 1384.0 2994.6 1
3 10 586.6 1680.6 1
3 6 1981.7 3602.1 1
2 4 1878.6 3213.2 2
0 4 1554.1 2020.2 1
0 8 2015.7 2998.7 1
3 5 971.6 2458.7 2
0 3 2321.2 3499.6 2
3 8 1755.6 3182.9 1
4 9 2041.7 2345.7 1
3 10 1287.0 2208.0 2
6 3 2467.6 3217.6 1
7 3 1187.5 1647.1 2
6 10 787.9 1945.2 1
9 7 899.0 2299.2 2
0 6 146.7 1407.2 1
6 5 2292.4 3314.1 2
7 4 1808.9 3278.9 2
EOF
