NUM_STATIONS: 10
NUM_REQUESTS: 80
NUM_VEHICLES: 3
VEHICLE_CAPACITY: 4
DISTANCES
0 1 7.9
1 2 8.1
2 3 2.5
3 4 7.9
4 5 2.3
5 6 7.4
6 7 8.2
7 8 1.4
8 9 7.4
9 0 3.5
REQUEST_SECTION
9 4 639.0 710.9 3
8 6 524.3 781.7 4
1 2 459.3 564.5 2
8 4 213.6 383.0 1
2 7 345.1 752.1 1
1 8 352.8 447.5 2
5 7 472.7 819.4 3
1 9 517.5 905.0 3
1 4 34.4 135.9 1
4 6 200.9 611.1 3
0 8 317.6 546.5 4
7 6 339.2 398.8 2
7 6 538.9 967.3 4
4 10 664.7 1058.3 3
8 2 583.8 959.6 1
1 4 445.9 754.2 3
2 8 316.9 745.8 1
0 3 752.6 1097.2 4
8 6 571.1 761.7 4
8 1 737.0 1140.1 2
9 8 753.2 1017.2 4
6 3 384.6 569.4 4
2 4 436.1 723.9 1
3 10 718.2 781.0 2
5 6 629.1 720.7 1
5 6 347.8 624.8 1
2 9 40.3 116.2 3
6 8 445.7 745.1 4
9 10 104.7 225.1 1
5 8 463.1 871.9 3
0 5 531.4 814.9 1
2 4 435.6 599.2 2
3 9 650.6 986.1 2
0 3 482.3 812.2 1
5 6 366.7 626.3 1
5 10 536.0 856.2 2
4 8 177.9 447.5 2
9 4 704.2 1039.6 1
1 9 95.8 313.0 4
0 9 24.9 289.5 2
6 3 692.3 1021.6 3
0 1 45.6 437.1 2
8 1 79.6 213.9 3
3 9 437.9 546.0 1
4 2 598.7 753.0 1
5 10 613.3 672.3 4
9 2 187.3 396.0 1
2 5 579.9 729.6 3
3 4 283.6 697.6 3
3 1 689.4 1039.8 4
3 2 717.4 946.9 1
4 3 295.1 413.5 4
1 4 635.3 765.9 1
2 7 244.7 602.2 2
1 9 22.9 148.8 2
0 6 187.7 533.3 3
5 2 527.2 604.6 1
8 2 140.6 472.4 1
8 4 141.3 327.7 4
2 4 305.7 654.1 1
6 8 46.2 242.1 1
2 9 295.8 586.6 2
2 8 87.1 282.7 4
1 8 50.6 146.9 3
9 7 425.7 499.6 1
6 2 583.7 762.3 2
2 8 163.6 287.3 3
0 4 63.1 258.5 4
7 10 680.7 905.6 2
2 4 694.3 767.5 4
6 1 718.1 828.6 3
5 2 60.1 296.0 2
6 8 743.2 1142.5 2
7 5 466.7 531.2 3
8 10 614.2 734.0 3
5 2 156.7 356.5 1
9 7 546.0 750.9 1
7 6 692.5 871.4 2
4 9 696.1 1089.8 1
3 10 397.4 807.5 1
EOF
