NUM_STATIONS: 10
NUM_REQUESTS: 20
NUM_VEHICLES: 3
VEHICLE_CAPACITY: 4
DISTANCES
0 1 10.0
1 2 3.1
2 3 7.4
3 4 2.1
4 5 5.5
5 6 6.0
6 7 3.5
7 8 7.1
8 9 7.6
9 0 5.4
REQUEST_SECTION
4 9 15.9 172.8 3
8 3 4.1 69.4 2
4 3 79.3 237.4 1
5 2 122.7 269.0 1
7 5 18.9 100.1 2
3 6 111.4 306.9 2
9 4 76.6 206.1 3
5 4 115.6 302.2 1
7 6 40.6 188.2 4
5 4 11.0 178.5 3
6 8 91.7 227.0 4
3 1 121.4 269.4 4
3 10 75.6 213.5 1
8 9 48.2 209.3 4
8 3 130.2 244.5 4
3 2 23.5 147.2 4
0 3 37.8 204.5 4
1 3 21.9 84.0 4
7 5 85.5 228.5 4
8 7 33.0 213.5 4
EOF
