NUM_STATIONS: 10
NUM_REQUESTS: 80
NUM_VEHICLES: 2
VEHICLE_CAPACITY: 2
DISTANCES
0 1 5.3
1 2 5.1
2 3 4.1
3 4 5.8
4 5 8.8
5 6 4.0
6 7 7.4
7 8 2.6
8 9 6.4
9 0 5.7
REQUEST_SECTION
7 4 937.2 1242.2 1
7 1 581.8 1084.3 1
9 2 512.1 793.5 1
2 9 115.9 281.5 2
6 10 611.0 966.5 1
0 9 1092.0 1238.1 2
6 8 339.2 829.9 1
2 3 438.2 792.4 1
4 7 338.8 736.2 2
1 4 806.2 927.1 1
5 9 740.6 1211.8 2
7 1 126.7 293.8 2
5 3 1054.8 1428.6 2
4 10 810.5 1245.2 1
0 1 657.0 1232.2 1
8 9 83.2 419.3 1
8 2 180.2 515.0 1
8 4 584.5 1129.8 2
1 5 267.4 459.4 2
5 3 517.6 739.1 2
8 2 197.2 439.0 1
3 6 277.7 628.6 2
5 4 546.6 610.9 2
7 9 263.6 754.2 1
3 5 289.9 681.5 1
7 8 369.2 519.7 2
0 8 205.8 474.8 2
9 2 87.5 445.3 1
1 6 788.7 1045.0 2
4 7 915.1 1035.1 1
0 7 1031.9 1500.0 1
5 7 76.3 476.4 1
4 7 593.2 739.7 1
1 6 382.7 792.4 2
0 9 698.7 928.4 1
8 9 1019.1 1504.8 1
2 5 789.8 979.7 1
1 10 679.1 888.0 2
3 2 583.6 1102.0 1
9 6 969.3 1494.6 2
7 8 148.4 626.9 2
6 8 754.9 936.6 2
6 3 1056.9 1356.0 1
0 6 205.4 394.6 1
1 6 116.1 302.3 1
0 7 806.3 1375.9 2
6 3 763.4 1131.3 1
3 2 271.2 618.6 2
8 10 588.8 645.0 2
6 3 559.5 1019.7 2
9 8 997.5 1090.4 2
1 6 401.1 572.8 2
3 2 776.0 1329.9 1
2 5 444.6 877.0 1
6 1 854.9 1137.1 2
9 4 139.8 504.0 1
7 9 753.4 841.1 2
1 2 154.5 466.8 1
8 4 781.9 844.0 2
3 7 448.2 846.0 1
1 8 400.8 858.7 1
3 5 94.9 397.1 2
6 4 204.5 637.8 1
5 9 1091.8 1322.5 2
4 3 128.8 387.8 1
1 8 218.3 745.6 2
0 9 252.0 437.7 2
9 5 920.3 1357.7 1
2 9 91.4 558.1 2
6 2 647.7 747.2 2
9 1 560.7 703.3 2
9 3 1038.7 1244.5 1
5 2 87.7 267.8 1
8 10 786.2 892.0 1
3 7 69.3 384.0 1
7 5 956.2 1316.5 1
0 5 150.5 294.1 1
6 1 216.1 272.3 2
7 1 706.2 1133.6 2
3 9 931.6 1326.1 1
EOF
