NUM_STATIONS: 10
NUM_REQUESTS: 160
NUM_VEHICLES: 1
VEHICLE_CAPACITY: 8
DISTANCES
0 1 7.9
1 2 8.7
2 3 5.6
3 4 8.4
4 5 6.3
5 6 1.2
6 7 4.8
7 8 8.8
8 9 1.4
9 0 2.6
REQUEST_SECTION
0 1 2945.3 3353.1 1
7 1 4002.6 5847.7 6
6 4 3992.1 5867.3 6
1 3 1204.1 4584.4 3
3 4 3847.4 5205.3 2
6 5 628.1 1388.9 4
7 4 2586.9 4571.9 6
2 1 1078.6 4047.0 3
6 2 3761.3 5988.4 7
1 2 2895.4 3404.8 8
1 6 2249.5 4162.4 8
5 4 2271.8 2622.6 1
4 2 1095.4 4309.0 2
8 6 1252.8 3422.9 1
6 7 74.1 1754.2 7
7 1 4019.2 6137.8 5
6 5 3492.1 4366.2 3
0 8 3501.0 5130.3 4
9 7 3337.7 5555.2 1
7 3 246.0 729.3 7
5 6 3118.4 3374.4 6
1 10 4094.4 5912.7 4
9 4 2840.6 4667.4 3
0 1 2638.8 4241.6 5
3 5 1549.6 3922.9 3
8 7 3034.2 3326.9 1
3 8 297.5 1714.5 8
0 1 1867.9 4372.8 4
7 2 4004.5 4463.4 4
4 6 3029.0 5334.9 7
1 9 623.0 2424.1 2
1 7 688.5 878.7 4
7 10 767.2 2474.9 5
4 6 2757.9 5296.0 2
7 5 317.9 3400.3 2
8 1 3022.6 5846.6 6
2 8 2656.3 3619.2 7
3 10 4060.2 6408.5 7
7 8 3157.1 5944.3 5
7 10 3599.3 6498.3 8
3 7 1271.1 4566.5 5
9 10 1854.5 4224.2 6
5 2 775.7 3548.4 8
7 1 439.1 3075.0 4
1 10 1119.3 2986.6 4
9 10 1359.6 1896.6 6
3 4 2844.0 4353.7 6
9 10 3438.5 4793.5 5
5 6 3265.3 4614.1 4
1 4 211.4 2446.1 1
1 3 937.0 2762.9 7
8 2 3392.6 5045.9 4
2 7 2910.5 6214.0 4
8 1 2341.5 4785.0 2
3 6 4282.3 4963.5 3
6 7 3983.0 4938.0 1
4 9 903.0 1254.4 6
3 5 1207.6 1275.6 3
5 6 285.5 1375.7 8
9 5 829.0 2696.8 4
4 10 2431.4 4941.5 6
0 4 3702.4 4680.6 2
9 10 308.4 3041.5 1
1 7 1217.7 2443.4 5
8 6 2903.3 5006.5 1
2 8 1125.8 4209.4 6
5 1 1308.7 2650.4 8
9 1 4269.5 5551.1 2
8 4 1126.7 2064.4 4
6 4 3122.9 3333.8 6
3 5 1528.5 1733.2 5
7 1 3951.9 6880.1 1
0 7 4133.3 6928.2 3
5 9 855.1 2301.2 2
1 9 3368.3 3728.0 7
4 1 1563.1 2574.2 6
9 3 1355.5 2678.9 3
8 5 2053.2 4468.8 6
6 10 3443.2 6349.2 3
7 1 944.2 2732.8 7
3 10 1767.5 1880.2 2
6 8 4218.1 6339.2 3
5 8 1029.1 4403.1 3
9 8 4248.3 6611.0 5
7 4 261.6 1683.3 6
0 4 4041.8 5844.0 7
2 9 2606.6 4167.4 1
0 7 3807.5 6097.2 4
0 4 2531.1 2873.3 3
1 6 2927.0 5474.5 7
0 6 217.5 297.2 4
0 5 1305.8 1868.7 6
7 1 1475.3 2584.8 2
1 3 4148.6 5799.1 4
3 8 3869.8 5526.7 3
7 2 760.6 2132.9 4
6 2 3198.0 5268.8 6
8 9 1657.7 2742.7 3
0 3 3177.1 5008.5 8
2 7 2063.1 3956.8 6
6 1 68.4 2872.1 8
8 9 646.0 2000.8 8
6 4 878.9 1339.4 6
0 4 3990.8 6217.3 5
7 3 2292.0 5583.7 6
6 4 3005.7 3780.3 5
3 8 2339.7 4281.5 6
9 7 3319.0 4025.7 6
3 1 3170.8 5020.2 8
2 8 2262.8 2448.2 7
3 2 1149.4 1957.7 7
1 10 3406.0 4742.1 1
8 5 2873.0 4694.3 4
1 8 1355.7 4426.9 2
1 10 941.2 3787.2 5
8 10 1045.4 4290.1 2
6 8 1553.5 1864.7 3
3 6 4224.4 5274.4 5
8 9 2105.9 3600.7 4
2 7 624.0 2893.7 7
0 7 1950.0 4354.5 3
6 2 3499.7 5073.5 7
3 1 2435.6 5581.3 5
5 8 2088.3 3401.1 2
4 6 3617.8 4321.6 6
5 3 4411.3 5292.6 3
6 1 2783.6 3817.4 7
2 9 2843.4 5569.1 1
1 10 2182.3 2598.2 4
0 5 217.9 2721.9 1
1 5 4365.0 5736.2 2
7 6 208.0 2994.2 3
1 6 2519.8 5587.1 4
5 10 1687.9 2772.9 7
4 10 2157.3 3576.7 1
7 8 3341.6 4978.0 5
5 7 1292.9 3630.1 1
5 8 270.0 1990.3 7
3 8 1146.2 4231.3 6
6 8 1153.7 3091.9 5
7 1 1245.7 3287.3 3
9 6 3146.5 4417.4 2
1 10 1926.1 3783.7 3
1 5 2091.0 5020.9 5
1 9 3769.5 6541.9 3
4 6 1976.2 3828.8 5
7 6 229.1 1469.9 5
6 9 3160.8 6422.2 4
7 2 2023.8 2681.4 4
5 7 146.5 3160.9 2
7 10 385.5 2912.6 4
3 8 4087.4 6661.0 1
1 3 1362.3 2944.4 6
2 8 461.7 3152.3 1
4 2 2595.2 5942.3 1
5 8 4194.8 6020.7 1
4 2 195.6 920.4 5
4 2 2304.9 2549.4 8
9 8 4128.2 5782.5 7
0 9 4305.7 6672.9 2
EOF
