NUM_STATIONS: 10
NUM_REQUESTS: 40
NUM_VEHICLES: 3
VEHICLE_CAPACITY: 2
DISTANCES
0 1 4.3
1 2 4.7
2 3 7.7
3 4 5.3
4 5 3.2
5 6 1.5
6 7 9.1
7 8 3.7
8 9 3.4
9 0 3.5
REQUEST_SECTION
2 7 133.6 270.1 2
8 10 233.1 376.0 1
4 9 87.7 185.5 2
1 7 296.0 362.3 2
9 5 79.5 330.9 1
8 6 193.4 453.6 2
2 6 257.4 329.7 1
6 5 159.7 257.0 2
4 9 279.6 404.0 1
6 9 150.8 309.8 1
1 5 73.0 341.2 1
3 8 238.7 338.4 2
9 10 49.1 297.1 1
4 5 158.3 434.3 2
5 6 207.9 435.5 1
3 9 303.6 418.5 1
5 7 191.5 309.7 1
0 5 114.7 377.5 2
5 10 24.7 172.5 2
0 2 177.4 273.3 2
0 4 198.3 320.0 2
1 7 264.2 448.3 2
0 3 214.4 268.2 1
9 3 253.8 387.7 1
3 6 132.2 217.7 1
9 7 186.4 422.1 2
4 7 208.1 255.0 1
2 5 197.3 329.3 1
2 5 71.8 134.1 2
0 4 302.2 444.9 1
0 9 274.0 506.5 1
7 1 158.4 248.0 2
7 2 215.0 312.9 2
1 9 12.1 109.2 2
2 7 245.6 342.3 2
9 8 170.7 237.4 2
7 6 90.6 236.9 1
4 2 209.0 423.1 2
1 6 147.3 266.4 1
4 1 204.7 266.1 2
EOF
