NUM_STATIONS: 10
NUM_REQUESTS: 80
NUM_VEHICLES: 1
VEHICLE_CAPACITY: 4
DISTANCES
0 1 5.3
1 2 5.1
2 3 4.1
3 4 5.8
4 5 8.8
5 6 4.0
6 7 7.4
7 8 2.6
8 9 6.4
9 0 5.7
REQUEST_SECTION
7 4 94.0 844.4 3
7 1 1522.6 1994.6 4
9 2 396.7 773.3 2
2 9 1291.5 2200.8 3
6 10 1329.5 2038.4 4
0 9 1579.0 1657.6 4
6 8 1590.7 2051.4 3
2 3 2004.7 2242.3 3
4 7 639.3 846.8 2
1 4 1633.7 2297.6 4
5 9 1242.1 2148.2 3
7 1 425.2 1551.8 1
5 3 1028.7 1208.9 2
4 10 873.8 1537.5 4
0 1 1208.3 1516.1 3
8 9 1102.6 1472.8 2
8 2 25.7 579.4 3
8 4 402.4 1136.2 4
1 5 1315.1 2311.6 2
5 3 1867.5 2990.7 4
8 2 1322.2 1728.4 3
3 6 80.7 857.5 2
5 4 1774.9 2780.6 4
7 9 173.8 258.9 1
3 5 1360.5 1827.2 2
7 8 1151.8 1564.1 1
0 8 372.7 868.7 3
9 2 815.8 968.6 4
1 6 1524.9 1771.1 3
4 7 1431.9 2115.1 1
0 7 2043.0 2648.3 1
5 7 793.7 876.2 4
4 7 1887.0 2698.8 3
1 6 687.1 1083.2 1
0 9 1187.7 1423.6 3
8 9 1987.8 2797.5 1
2 5 732.2 1823.7 4
1 10 779.9 1086.0 4
3 2 614.4 1301.9 4
9 6 979.5 1872.4 4
7 8 2071.2 2995.8 1
6 8 584.3 1417.6 3
6 3 1013.1 1529.4 1
0 6 73.3 979.8 3
1 6 298.5 1243.6 3
0 7 1088.2 2104.7 2
6 3 621.1 1064.7 4
3 2 2074.1 2335.2 1
8 10 1470.9 1872.1 3
6 3 858.4 1768.7 2
9 8 668.8 1361.6 3
1 6 2035.8 2806.1 1
3 2 1908.9 2526.4 1
2 5 1694.0 2508.4 2
6 1 1190.0 1856.9 2
9 4 210.5 653.1 1
7 9 1214.6 2102.2 1
1 2 237.4 879.2 1
8 4 410.7 1377.0 4
3 7 955.9 1583.1 1
1 8 1247.7 2358.0 1
3 5 785.5 1310.1 3
6 4 2123.1 3261.3 2
5 9 2005.9 2087.3 1
4 3 2073.3 2233.3 2
1 8 843.8 1301.6 2
0 9 206.5 1075.5 1
9 5 536.3 725.3 4
2 9 1488.7 2489.7 2
6 2 83.1 162.0 3
9 1 1970.7 2182.5 2
9 3 607.7 1012.5 2
5 2 331.4 853.9 2
8 10 1862.2 2652.3 1
3 7 11.3 1064.9 3
7 5 2160.7 2604.0 1
0 5 355.0 790.3 3
6 1 709.2 1015.4 2
7 1 509.2 1520.0 4
3 9 198.2 603.2 2
EOF
