NUM_STATIONS: 10
NUM_REQUESTS: 40
NUM_VEHICLES: 2
VEHICLE_CAPACITY: 2
DISTANCES
0 1 3.4
1 2 6.2
2 3 7.9
3 4 7.1
4 5 5.2
5 6 1.5
6 7 5.2
7 8 1.2
8 9 5.0
9 0 2.1
REQUEST_SECTION
3 7 291.5 538.7 1
4 5 264.8 514.2 2
4 5 53.4 214.4 2
2 9 78.5 223.3 2
4 6 439.6 625.1 1
2 7 226.0 316.1 2
2 4 142.4 254.8 2
5 6 442.8 625.1 1
4 1 156.4 378.9 2
0 7 258.2 346.8 1
6 3 438.9 613.1 2
0 2 353.6 409.2 2
9 3 169.5 265.1 1
7 6 91.9 151.4 1
7 5 225.5 366.7 1
3 7 233.2 353.8 1
4 2 6.1 259.0 1
0 9 396.2 622.5 1
2 3 188.4 378.7 1
2 9 279.9 483.1 1
0 4 420.0 644.9 2
2 10 20.2 236.8 2
2 6 399.9 505.6 2
8 4 197.1 425.6 2
3 7 60.0 328.0 2
0 1 446.3 654.1 2
7 1 145.3 354.4 1
8 4 320.5 416.2 2
0 3 244.2 484.3 2
9 7 12.9 215.0 2
0 4 41.9 235.6 2
7 2 116.8 257.6 2
8 6 398.9 580.4 2
4 10 267.9 379.0 1
9 6 189.4 299.6 1
1 5 317.4 490.0 2
4 2 261.3 402.9 2
3 5 303.6 507.2 1
9 7 164.0 315.2 2
5 7 187.5 402.0 1
EOF
