NUM_STATIONS: 10
NUM_REQUESTS: 20
NUM_VEHICLES: 2
VEHICLE_CAPACITY: 1
DISTANCES
0 1 8.9
1 2 4.6
2 3 7.4
3 4 8.4
4 5 9.1
5 6 4.1
6 7 8.9
7 8 3.5
8 9 7.1
9 0 5.5
REQUEST_SECTION
2 3 211.4 365.9 1
4 1 130.0 279.7 1
1 10 196.3 431.0 1
5 4 168.2 376.4 1
6 5 189.8 383.3 1
0 8 289.8 476.5 1
2 9 191.7 326.2 1
9 1 96.0 193.1 1
2 3 107.4 259.1 1
5 9 152.6 329.2 1
6 4 263.0 346.6 1
5 1 308.2 535.0 1
8 4 185.5 368.5 1
8 1 266.5 392.0 1
9 2 126.9 328.9 1
5 8 230.3 461.8 1
3 5 198.2 403.3 1
8 1 278.5 425.7 1
4 9 245.3 348.3 1
6 4 5.1 129.5 1
EOF
