NUM_STATIONS: 10
NUM_REQUESTS: 80
NUM_VEHICLES: 2
VEHICLE_CAPACITY: 1
DISTANCES
0 1 7.9
1 2 8.1
2 3 2.5
3 4 7.9
4 5 2.3
5 6 7.4
6 7 8.2
7 8 1.4
8 9 7.4
9 0 3.5
REQUEST_SECTION
9 4 551.1 1315.3 1
8 6 187.4 847.0 1
1 2 324.6 526.8 1
8 4 169.5 241.7 1
2 7 77.9 195.3 1
1 8 569.5 907.1 1
5 7 198.5 761.1 1
1 9 549.0 1049.8 1
1 4 822.0 1241.6 1
4 6 88.1 240.3 1
0 8 772.9 1455.7 1
7 6 833.6 1211.3 1
7 6 327.0 841.8 1
4 10 664.7 1337.8 1
8 2 831.5 1020.3 1
1 4 650.8 865.3 1
2 8 570.8 1452.9 1
0 3 269.4 713.5 1
8 6 256.7 435.1 1
8 1 406.8 818.7 1
9 8 579.5 947.1 1
6 3 182.2 658.1 1
2 4 112.8 541.5 1
3 10 335.9 1056.2 1
5 6 589.1 1239.8 1
5 6 69.6 437.9 1
2 9 715.4 817.5 1
6 8 80.5 733.7 1
9 10 803.6 1449.1 1
5 8 371.7 844.9 1
0 5 231.0 483.4 1
2 4 495.1 1350.4 1
3 9 683.7 1015.2 1
0 3 133.4 905.3 1
5 6 587.2 1091.3 1
5 10 47.8 384.8 1
4 8 459.2 911.6 1
9 4 451.5 1157.1 1
1 9 350.2 425.6 1
0 9 226.4 823.8 1
6 3 629.8 1255.1 1
0 1 822.3 1630.9 1
8 1 0.2 602.4 1
3 9 457.0 984.9 1
4 2 299.1 398.2 1
5 10 257.7 465.8 1
9 2 106.2 699.0 1
2 5 331.4 1078.4 1
3 4 277.3 591.1 1
3 1 625.5 789.3 1
3 2 31.6 190.3 1
4 3 670.3 1081.7 1
1 4 779.9 1565.1 1
2 7 349.5 433.7 1
1 9 560.0 1326.8 1
0 6 30.4 97.3 1
5 2 504.0 684.6 1
8 2 503.9 935.1 1
8 4 269.8 1127.9 1
2 4 216.9 583.8 1
6 8 472.5 1363.7 1
2 9 420.5 1064.3 1
2 8 66.3 964.7 1
1 8 459.5 1356.7 1
9 7 779.0 928.6 1
6 2 605.4 1163.3 1
2 8 616.4 1519.7 1
0 4 594.3 1396.1 1
7 10 406.2 1152.4 1
2 4 252.1 490.6 1
6 1 312.0 927.0 1
5 2 537.7 899.5 1
6 8 116.0 779.3 1
7 5 371.1 1134.6 1
8 10 544.2 1175.2 1
5 2 289.0 427.4 1
9 7 784.3 1398.6 1
7 6 666.8 1543.9 1
4 9 489.1 737.0 1
3 10 464.1 685.1 1
EOF
