NUM_STATIONS: 10
NUM_REQUESTS: 80
NUM_VEHICLES: 3
VEHICLE_CAPACITY: 8
DISTANCES
0 1 5.3
1 2 5.1
2 3 4.1
3 4 5.8
4 5 8.8
5 6 4.0
6 7 7.4
7 8 2.6
8 9 6.4
9 0 5.7
REQUEST_SECTION
7 4 132.9 451.1 3
7 1 48.8 456.5 3
9 2 372.1 613.8 2
2 9 77.8 293.5 6
6 10 569.3 677.4 2
0 9 182.7 503.6 2
6 8 119.5 197.5 8
2 3 578.3 864.8 1
4 7 495.8 710.7 6
1 4 93.5 393.9 2
5 9 69.6 293.9 6
7 1 399.4 785.3 3
5 3 43.3 188.7 6
4 10 115.0 225.9 3
0 1 42.3 443.7 2
8 9 105.0 337.0 7
8 2 459.4 623.0 4
8 4 536.8 716.6 2
1 5 378.9 523.7 2
5 3 732.3 895.2 4
8 2 96.0 429.8 1
3 6 1.5 331.9 7
5 4 729.7 985.4 1
7 9 216.1 477.2 5
3 5 401.1 745.1 8
7 8 233.6 631.8 1
0 8 33.0 296.1 2
9 2 549.8 806.3 2
1 6 620.9 731.1 6
4 7 214.9 371.5 5
0 7 625.9 959.9 1
5 7 721.3 933.2 7
4 7 304.1 362.6 2
1 6 363.2 754.6 8
0 9 330.5 625.4 7
8 9 387.5 537.5 4
2 5 61.7 413.8 1
1 10 561.6 911.8 1
3 2 419.2 585.2 6
9 6 335.7 431.6 5
7 8 583.3 747.9 5
6 8 115.9 491.7 3
6 3 87.5 462.8 6
0 6 467.3 631.8 2
1 6 643.8 946.4 7
0 7 372.9 554.7 1
6 3 197.1 379.7 6
3 2 443.4 769.8 2
8 10 708.4 1076.4 8
6 3 455.9 565.6 2
9 8 135.2 322.3 6
1 6 54.5 275.0 4
3 2 389.1 759.7 8
2 5 66.2 296.4 8
6 1 272.3 382.1 3
9 4 49.5 162.4 6
7 9 30.2 215.6 8
1 2 542.0 765.9 4
8 4 474.2 765.4 3
3 7 486.5 553.5 2
1 8 550.8 706.9 2
3 5 501.6 911.1 5
6 4 540.1 839.7 4
5 9 276.9 537.2 6
4 3 74.9 350.9 3
1 8 22.1 270.5 1
0 9 366.8 520.6 7
9 5 125.0 370.7 3
2 9 565.0 714.5 6
6 2 137.5 336.2 2
9 1 570.4 694.3 2
9 3 53.1 147.6 1
5 2 230.6 331.2 5
8 10 593.1 904.2 5
3 7 631.1 842.2 6
7 5 321.9 438.7 1
0 5 345.2 470.0 3
6 1 261.4 600.9 8
7 1 433.3 840.0 5
3 9 607.5 868.3 3
EOF
