NUM_STATIONS: 10
NUM_REQUESTS: 80
NUM_VEHICLES: 1
VEHICLE_CAPACITY: 8
DISTANCES
0 1 2.4
1 2 8.8
2 3 9.2
3 4 4.4
4 5 2.3
5 6 10.0
6 7 6.1
7 8 3.9
8 9 6.9
9 0 4.1
REQUEST_SECTION
4 2 1618.0 3348.0 3
1 6 1197.8 1635.4 8
9 8 765.9 2471.1 7
7 1 1016.5 2332.9 1
1 5 168.6 632.8 4
5 9 1095.5 2477.3 8
1 5 1290.4 1717.9 8
5 6 778.8 1885.6 1
2 8 1091.4 1838.4 8
6 1 233.1 1250.8 8
5 3 1019.2 2104.7 5
2 7 1541.3 2791.7 3
5 9 1580.7 3122.4 1
0 2 419.8 1733.1 5
1 8 1525.4 2482.7 3
7 10 243.0 1228.3 4
1 3 603.3 805.1 6
5 3 658.5 1317.7 7
2 5 500.2 959.6 1
4 8 1203.4 1513.9 4
2 4 1168.0 2535.1 6
4 2 124.1 761.5 1
7 10 1112.2 2356.8 4
5 6 888.5 1208.4 2
5 9 599.5 1373.9 3
7 6 1361.1 3026.0 1
1 5 643.9 800.5 4
1 2 813.2 1950.6 1
9 1 223.3 1792.7 1
3 7 1482.9 2957.4 1
7 2 287.8 2011.1 7
1 7 1468.6 2410.6 3
3 8 1311.0 1610.0 7
1 5 1040.4 2705.4 7
1 8 1198.4 1531.6 4
3 9 1701.9 3019.9 5
1 10 1242.3 1411.0 5
7 2 893.4 2275.2 1
3 6 765.1 910.0 3
8 7 58.5 1541.3 2
1 2 355.2 1317.1 7
0 7 1044.4 1859.1 4
0 3 1315.4 2504.8 3
0 4 1578.4 2161.2 3
6 5 289.9 808.3 1
5 8 1436.6 1986.7 6
1 10 1588.5 2110.1 4
5 6 380.5 1462.0 6
4 7 805.4 1600.4 3
8 9 1224.5 1493.0 2
5 8 640.6 2083.7 7
6 7 854.2 1877.8 6
0 8 304.9 1359.4 7
1 9 7.5 286.2 3
0 5 224.2 1354.1 2
0 4 680.2 2028.2 3
4 9 67.6 941.2 2
3 1 1026.8 1678.9 4
7 2 404.7 696.9 1
5 8 243.8 576.9 2
2 10 1721.3 2468.9 8
7 9 620.7 2068.1 7
8 5 631.0 2339.2 2
5 6 51.5 1398.0 8
8 2 1440.3 1739.9 3
5 2 582.3 1118.6 4
5 1 1023.7 2147.8 7
8 7 110.9 857.4 2
3 7 68.7 1135.5 5
4 7 1541.2 2786.0 3
6 4 391.2 576.5 2
9 7 1273.0 2576.1 8
9 3 1245.4 2900.3 3
9 5 52.8 197.6 4
9 10 1444.7 2707.0 4
8 10 1558.8 2094.3 3
9 6 1022.9 1985.2 5
3 9 1610.3 1977.0 7
2 9 525.7 2148.8 7
2 4 1427.9 2507.4 3
EOF
