NUM_STATIONS: 10
NUM_REQUESTS: 20
NUM_VEHICLES: 1
VEHICLE_CAPACITY: 1
DISTANCES
0 1 5.2
1 2 3.6
2 3 9.0
3 4 5.2
4 5 4.6
5 6 6.8
6 7 9.5
7 8 9.5
8 9 7.9
9 0 8.3
REQUEST_SECTION
3 5 128.2 688.4 1
5 3 401.2 609.7 1
0 4 674.0 920.3 1
0 7 644.3 810.7 1
0 5 346.9 581.0 1
3 5 0.2 505.0 1
2 7 197.3 650.0 1
4 5 371.8 717.6 1
7 10 214.6 451.5 1
4 5 562.7 919.3 1
9 5 608.4 816.6 1
5 8 327.2 815.9 1
0 8 149.8 479.8 1
4 5 229.2 590.0 1
1 9 642.0 997.0 1
7 8 288.9 569.2 1
1 3 489.0 753.6 1
1 8 51.9 161.7 1
6 3 354.9 486.0 1
6 7 272.6 514.6 1
EOF
