NUM_STATIONS: 10
NUM_REQUESTS: 160
NUM_VEHICLES: 2
VEHICLE_CAPACITY: 4
DISTANCES
0 1 3.6
1 2 7.3
2 3 7.4
3 4 1.6
4 5 9.1
5 6 1.1
6 7 5.1
7 8 5.3
8 9 9.0
9 0 2.6
REQUEST_SECTION
0 6 1845.3 2716.0 1
6 7 573.3 2061.2 3
7 6 142.4 1085.4 2
0 1 278.9 1782.6 4
4 3 1118.6 2578.5 4
6 10 611.4 2218.5 2
5 2 1566.5 3023.5 1
1 3 1557.8 1900.5 2
0 6 1746.4 2846.2 3
6 1 496.5 1456.8 4
4 5 300.7 1860.7 4
6 2 1318.6 2600.6 4
3 4 1588.2 2059.6 1
3 4 1499.1 1747.3 1
7 9 216.7 1267.2 4
9 3 1878.8 2291.0 2
9 7 605.2 1033.1 2
4 8 1324.6 1872.1 3
3 7 805.9 1174.0 1
2 3 115.8 1670.9 1
0 7 508.5 1726.1 2
1 5 1407.6 2421.2 2
8 2 95.9 401.5 1
5 3 1165.3 2290.6 4
5 9 488.0 1604.3 1
1 6 1920.8 2621.2 4
1 6 2010.0 3143.1 4
4 2 1015.2 1649.0 1
5 3 1565.3 2312.9 1
4 7 1227.7 2587.7 2
6 5 986.4 2119.7 4
3 7 725.6 2077.6 2
5 3 753.5 1293.6 1
4 9 1870.6 2114.3 3
2 6 315.8 1139.3 1
8 4 1.3 1525.9 4
0 3 116.5 849.4 3
8 9 89.8 1226.2 2
9 5 1465.7 1779.7 2
5 7 1479.8 2314.8 2
1 5 1450.5 2245.3 2
6 8 698.6 1975.0 3
3 8 2030.0 2815.4 1
8 5 643.3 1790.6 1
3 10 1228.5 2618.3 4
8 7 853.0 2065.3 1
9 4 213.3 884.9 4
6 2 1085.1 1471.1 2
9 7 442.8 1493.7 2
0 8 1266.3 2792.7 3
3 9 1668.3 2333.0 1
7 10 763.2 2273.5 1
7 3 71.6 178.9 1
4 1 957.0 1493.3 3
1 3 1500.2 1791.3 3
4 9 1515.4 2029.0 2
6 7 989.3 1875.4 3
3 9 622.9 1442.9 3
1 5 2082.5 2254.0 1
9 7 17.5 512.7 1
4 8 2046.9 3100.2 3
7 10 1.9 1039.2 2
2 9 1857.7 2414.6 3
8 1 2004.3 3623.4 3
1 7 504.6 986.1 4
8 5 1768.6 3046.4 2
7 3 1129.1 1973.7 3
3 5 1203.2 2667.0 2
0 5 1091.2 2346.8 4
9 4 1054.9 2602.6 4
5 8 1839.9 1914.8 3
9 8 351.7 1407.7 3
6 9 230.1 1047.9 4
8 1 323.6 1560.7 3
6 7 1341.1 2884.1 4
6 1 1109.2 2016.6 2
3 5 1894.9 2102.5 3
4 7 1502.8 2638.3 1
6 3 1057.7 2199.7 1
4 5 504.2 1671.8 2
0 1 267.6 1002.2 1
8 5 472.4 626.0 2
3 4 779.4 988.5 4
2 6 188.4 1377.7 3
9 4 298.3 362.8 1
6 8 631.1 1500.0 3
6 2 1576.5 2109.0 4
7 2 1315.5 1388.9 1
1 8 886.7 1149.3 1
9 5 1633.2 1998.6 2
6 2 612.9 952.2 4
1 5 1772.5 3103.4 2
5 4 1326.7 2461.4 4
8 10 931.5 1807.5 3
3 6 858.8 1530.8 4
5 2 2035.6 3309.9 3
6 3 1739.8 2560.6 1
4 6 1856.2 2871.7 3
5 7 152.3 353.2 2
2 3 833.5 1177.7 2
4 9 1677.8 2184.9 3
4 1 1044.1 1584.5 3
5 6 1435.4 1859.3 2
5 10 1526.3 2829.3 2
8 9 1078.9 1785.3 4
3 5 1221.5 2606.2 4
3 8 247.7 1118.3 1
7 8 2018.3 2583.3 4
4 8 1484.2 1573.2 2
1 6 1247.1 1512.7 4
3 9 1757.4 3315.6 3
0 8 1659.4 2557.2 1
0 5 1243.8 2808.6 2
1 8 1054.5 2142.7 4
3 6 414.1 570.1 4
7 1 45.3 1620.7 4
7 1 1437.9 1966.5 3
4 1 581.1 684.1 4
1 2 1684.7 2791.2 4
8 5 259.5 753.1 2
6 4 1605.5 2349.3 4
3 6 1051.4 1322.0 3
2 8 137.7 772.4 2
6 1 1922.4 2321.7 3
6 10 2006.5 3417.7 2
0 2 247.0 1763.1 4
0 1 1702.0 2669.4 1
3 9 774.8 1193.2 3
2 8 1963.6 2863.0 4
4 5 585.5 1956.6 3
1 5 183.0 622.1 1
4 2 1069.2 2178.6 1
1 3 557.4 2012.9 2
1 3 731.3 2034.4 1
6 1 43.8 305.5 1
8 9 1038.1 2126.8 2
7 6 1762.7 2545.0 4
1 7 14.5 1491.9 2
6 1 1808.8 3104.0 1
4 6 1626.3 2533.9 2
3 9 1029.6 1307.0 4
2 9 1021.2 2224.6 4
6 9 274.4 506.9 2
2 4 846.5 915.9 3
9 6 1398.5 1537.3 2
1 6 1987.5 2350.9 1
3 2 1801.7 2677.8 3
4 1 942.5 2241.8 3
8 9 602.9 757.7 3
4 3 2003.5 2254.7 3
7 5 48.2 1353.5 4
3 5 1177.4 1288.7 3
6 7 1434.5 2909.4 3
9 5 204.7 890.8 4
6 5 56.3 896.5 1
3 8 1336.9 1785.2 4
4 9 1460.0 2978.5 2
4 10 1497.5 2742.9 4
6 8 781.2 928.3 4
3 1 1313.4 2818.7 1
EOF
