NUM_STATIONS: 10
NUM_REQUESTS: 160
NUM_VEHICLES: 3
VEHICLE_CAPACITY: 2
DISTANCES
0 1 6.3
1 2 1.5
2 3 7.8
3 4 9.8
4 5 9.9
5 6 6.9
6 7 1.6
7 8 5.2
8 9 2.2
9 0 6.8
REQUEST_SECTION
3 7 1146.1 1806.6 2
2 4 36.9 525.1 1
2 7 962.0 1441.3 2
7 4 921.8 1711.5 1
4 10 1542.1 1756.9 2
1 4 37.5 247.4 1
2 1 627.5 834.4 2
5 9 485.9 1181.7 2
7 3 313.0 554.8 2
0 7 676.7 1496.5 1
0 3 326.9 773.2 1
0 5 759.6 911.7 1
0 3 608.9 1221.1 1
8 4 1456.2 1792.7 1
3 4 470.1 1249.0 1
0 7 1529.9 2002.3 1
5 4 959.4 1061.2 2
9 8 902.5 1174.8 1
8 6 814.2 1516.0 2
9 7 185.3 274.5 2
9 4 355.9 727.7 2
2 4 537.8 988.1 2
9 3 613.7 789.7 2
9 5 811.6 1061.8 2
1 6 1206.6 1968.6 1
9 4 534.2 641.6 2
9 2 1286.3 1555.2 2
7 2 1047.1 1800.9 2
3 9 882.1 1025.1 2
1 2 977.5 1618.5 1
5 6 762.1 1562.8 1
0 8 17.7 442.0 2
1 4 1245.7 1658.3 2
8 3 1002.3 1719.6 1
0 1 1176.7 1585.0 2
3 2 1050.4 1827.4 2
9 8 585.4 1391.4 1
0 9 442.2 1200.2 1
7 6 513.5 1085.8 2
6 2 1429.9 1927.2 1
2 3 436.9 1248.1 1
2 3 899.7 1462.1 2
2 8 683.3 1143.7 1
7 3 139.8 212.7 1
5 1 997.0 1085.0 2
9 6 46.6 166.9 2
0 2 1100.8 1474.0 2
5 2 383.2 718.4 1
0 4 597.1 1400.8 2
0 1 816.9 1338.5 2
8 5 962.1 1611.5 2
1 9 692.3 1014.1 1
9 10 786.7 1569.0 2
9 10 1452.5 1773.5 1
3 10 943.7 1607.8 1
0 5 930.0 1582.3 1
9 3 4.8 680.8 1
1 7 440.9 949.6 1
2 9 1225.9 1472.3 2
2 9 1522.3 2334.2 1
2 7 597.3 998.9 2
5 1 873.1 1168.4 2
6 4 483.5 903.8 1
1 4 562.9 962.2 2
5 3 1328.8 1645.3 1
2 5 295.6 1024.3 2
4 10 485.1 858.2 2
0 6 1169.1 1640.1 2
3 2 144.2 314.7 1
6 1 96.9 769.3 2
6 1 829.1 1539.4 1
7 1 1237.3 1578.9 2
9 10 992.3 1465.9 2
3 4 388.2 1003.2 2
3 6 835.3 1453.1 1
1 4 1185.0 1854.1 2
2 4 1502.6 1597.3 2
6 9 492.6 883.0 1
3 7 856.5 1393.1 2
9 4 282.3 730.6 2
5 4 195.6 339.8 2
0 3 402.5 488.2 2
1 3 1462.4 1754.4 2
9 1 139.4 428.2 2
4 3 18.2 235.9 1
9 10 107.8 382.7 2
8 7 496.3 910.8 2
1 7 1424.3 1800.2 2
7 6 468.7 620.8 2
2 5 1439.8 2240.6 1
0 2 382.3 844.2 1
5 7 1.6 76.2 2
3 7 1519.4 1849.8 2
4 10 51.1 478.7 2
5 10 927.0 1461.1 2
7 5 1055.7 1780.7 2
1 6 769.8 1306.7 1
7 1 23.0 480.7 2
1 5 824.1 1386.9 2
6 8 144.9 942.4 2
3 5 850.3 1305.4 2
9 7 44.1 754.1 2
4 9 127.1 598.1 1
7 4 805.6 1235.4 2
4 9 773.3 1037.3 2
8 2 668.0 904.0 1
4 9 592.5 1023.3 2
2 1 634.6 1277.6 2
8 10 629.9 1185.1 1
5 1 162.1 615.4 2
9 1 804.0 1246.6 1
0 4 1544.7 1880.5 2
0 2 1063.3 1865.4 2
6 1 605.0 1245.1 1
5 4 1544.3 2330.1 1
5 1 874.5 1210.8 1
0 9 616.1 860.7 1
6 9 1027.4 1516.2 1
6 5 1305.1 1549.9 2
7 9 484.4 1073.2 2
8 6 232.4 651.1 1
1 6 802.1 1237.5 2
2 8 499.2 1119.9 1
1 9 1347.0 1878.8 2
0 8 992.2 1811.9 1
7 1 907.9 1445.6 1
3 9 451.8 960.9 2
7 10 652.8 998.2 2
2 4 1264.0 1342.0 1
8 7 1517.3 1743.1 2
7 1 263.0 1042.2 1
3 7 712.2 1461.4 2
9 5 1014.3 1340.3 1
0 8 552.7 1020.3 1
9 3 827.7 919.5 1
5 8 258.6 834.6 2
1 3 895.2 1725.6 1
1 9 944.7 1562.0 1
5 9 538.0 1109.7 1
2 5 643.3 1273.7 2
8 3 751.2 983.1 1
1 8 291.1 1066.9 1
6 9 1236.4 1661.5 2
0 9 619.6 1301.6 2
4 7 640.8 1068.8 1
2 8 49.6 429.0 2
1 6 1211.0 1789.9 2
1 10 1377.7 1801.2 1
0 5 1277.8 1773.9 2
3 9 225.4 978.2 1
5 9 1535.8 2121.4 2
4 5 168.0 693.2 1
7 1 797.8 1568.0 2
9 1 1214.3 2012.0 2
4 10 999.4 1814.4 2
6 1 364.1 1056.1 1
7 3 227.5 1052.6 2
3 8 424.6 937.1 1
0 9 1284.8 1383.9 2
5 3 832.0 970.2 2
EOF
