NUM_STATIONS: 10
NUM_REQUESTS: 80
NUM_VEHICLES: 3
VEHICLE_CAPACITY: 8
DISTANCES
0 1 2.4
1 2 8.8
2 3 9.2
3 4 4.4
4 5 2.3
5 6 10.0
6 7 6.1
7 8 3.9
8 9 6.9
9 0 4.1
REQUEST_SECTION
4 2 259.6 365.0 5
1 6 535.9 632.5 1
9 8 28.7 314.1 8
7 1 144.6 223.0 6
1 5 182.3 620.2 5
5 9 2.2 119.2 1
1 5 74.2 378.8 6
5 6 159.8 570.2 6
2 8 199.9 315.5 6
6 1 372.8 776.3 4
5 3 236.0 478.7 8
2 7 22.6 170.6 2
5 9 469.0 809.5 1
0 2 335.7 422.5 3
1 8 30.2 214.9 3
7 10 25.6 262.7 5
1 3 130.8 201.8 1
5 3 27.1 327.1 7
2 5 64.3 390.8 3
4 8 481.5 638.1 4
2 4 498.4 760.6 4
4 2 563.0 976.7 7
7 10 498.2 818.3 3
5 6 293.8 634.6 5
5 9 369.4 571.7 3
7 6 372.7 651.5 1
1 5 347.4 772.4 1
1 2 137.5 560.2 1
9 1 96.6 470.3 7
3 7 532.2 902.1 2
7 2 445.8 826.8 1
1 7 487.1 901.8 7
3 8 511.3 610.3 5
1 5 172.5 234.3 8
1 8 378.7 638.0 8
3 9 146.2 257.9 2
1 10 534.3 671.8 3
7 2 560.7 837.2 7
3 6 348.4 714.7 4
8 7 58.2 397.9 5
1 2 509.5 938.5 3
0 7 93.4 357.8 2
0 3 26.9 220.5 3
0 4 20.1 193.1 5
6 5 553.3 991.9 7
5 8 542.3 729.1 4
1 10 124.0 204.9 2
5 6 60.1 395.2 7
4 7 372.8 813.1 6
8 9 396.0 820.7 6
5 8 469.8 624.7 7
6 7 498.2 812.8 2
0 8 317.4 653.3 7
1 9 290.1 654.2 3
0 5 339.7 552.6 1
0 4 235.6 422.3 7
4 9 226.6 391.9 4
3 1 441.0 818.8 2
7 2 56.7 209.9 6
5 8 89.9 188.8 8
2 10 492.5 558.1 1
7 9 534.1 595.8 3
8 5 291.6 648.7 5
5 6 250.6 521.0 7
8 2 156.2 502.8 5
5 2 14.0 334.6 5
5 1 422.8 496.0 6
8 7 417.1 696.8 8
3 7 526.1 741.9 8
4 7 501.4 925.6 7
6 4 520.2 708.3 8
9 7 419.4 520.9 8
9 3 413.9 498.3 6
9 5 141.5 485.1 4
9 10 170.4 461.7 1
8 10 576.6 693.4 7
9 6 200.0 373.5 3
3 9 222.3 484.7 3
2 9 454.1 750.0 3
2 4 175.2 405.5 3
EOF
