NUM_STATIONS: 10
NUM_REQUESTS: 160
NUM_VEHICLES: 3
VEHICLE_CAPACITY: 8
DISTANCES
0 1 6.3
1 2 1.5
2 3 7.8
3 4 9.8
4 5 9.9
5 6 6.9
6 7 1.6
7 8 5.2
8 9 2.2
9 0 6.8
REQUEST_SECTION
3 7 1038.5 1322.1 5
2 4 1063.3 1402.0 1
2 7 490.9 1541.2 7
7 4 779.9 1541.8 3
4 10 215.6 920.1 5
1 4 224.8 1078.8 3
2 1 246.9 1370.5 2
5 9 316.1 1368.1 4
7 3 430.8 1240.6 8
0 7 1271.5 1784.6 5
0 3 135.5 463.9 4
0 5 386.0 1485.6 8
0 3 297.2 467.9 7
8 4 1.8 1197.2 8
3 4 1275.2 2359.0 4
0 7 965.3 1095.1 5
5 4 44.2 133.1 4
9 8 957.1 1875.8 6
8 6 312.0 664.6 2
9 7 840.2 1609.5 1
9 4 411.1 694.3 4
2 4 1279.5 2429.6 5
9 3 400.2 1305.5 4
9 5 514.2 699.9 4
1 6 961.3 1324.1 4
9 4 290.6 628.9 1
9 2 1490.4 2172.2 6
7 2 1440.4 2537.3 7
3 9 910.1 1194.6 2
1 2 754.8 1108.8 7
5 6 867.3 1731.8 6
0 8 32.9 911.8 7
1 4 919.6 1876.1 7
8 3 279.3 591.7 7
0 1 843.7 1014.3 8
3 2 1209.6 1755.4 7
9 8 1219.3 1563.2 3
0 9 699.6 1683.1 2
7 6 401.4 1296.8 7
6 2 413.3 1522.6 6
2 3 693.5 857.5 1
2 3 1413.9 1477.5 5
2 8 177.7 1352.0 5
7 3 636.1 720.2 4
5 1 29.7 1152.2 4
9 6 1419.0 1777.1 5
0 2 682.4 837.4 4
5 2 1015.3 1918.2 3
0 4 1193.4 1808.1 1
0 1 767.5 1469.2 3
8 5 1482.0 2475.0 5
1 9 320.3 748.4 4
9 10 132.7 1149.8 6
9 10 1443.9 2393.0 2
3 10 1350.8 1419.5 8
0 5 1407.0 2384.5 7
9 3 564.6 1280.4 2
1 7 1472.0 1620.2 7
2 9 935.9 1653.2 4
2 9 1167.4 1614.5 7
2 7 877.8 1245.0 6
5 1 819.4 1480.1 8
6 4 200.9 615.1 1
1 4 11.7 1157.7 6
5 3 569.6 1749.1 4
2 5 533.8 1357.0 1
4 10 1477.9 1631.5 4
0 6 1487.4 1696.6 5
3 2 1460.5 2479.7 7
6 1 1297.8 1815.9 3
6 1 1109.4 2316.8 2
7 1 489.0 1531.7 7
9 10 592.9 1699.2 2
3 4 1405.0 2492.7 7
3 6 622.7 1491.7 7
1 4 281.9 828.2 7
2 4 1115.7 1205.3 5
6 9 343.4 1094.5 2
3 7 305.5 1411.9 8
9 4 1098.8 1946.9 7
5 4 928.3 1960.0 4
0 3 252.1 862.5 8
1 3 1484.4 2599.2 7
9 1 532.4 830.7 4
4 3 857.9 1991.5 1
9 10 609.0 967.4 6
8 7 487.5 945.4 6
1 7 1083.2 1936.5 6
7 6 1425.7 1595.3 5
2 5 74.0 1167.0 3
0 2 592.4 1785.9 7
5 7 110.2 629.5 3
3 7 580.7 1526.6 2
4 10 846.4 1001.0 7
5 10 186.9 1048.7 3
7 5 859.6 1885.4 7
1 6 136.6 755.8 4
7 1 65.1 1258.4 7
1 5 462.4 1165.2 1
6 8 1253.8 1814.8 5
3 5 797.1 1526.3 8
9 7 740.9 1914.8 8
4 9 150.1 244.9 1
7 4 667.0 1240.7 2
4 9 1244.0 2371.8 5
8 2 450.0 1182.2 3
4 9 506.8 927.7 1
2 1 1477.8 2597.5 2
8 10 1285.7 2303.5 1
5 1 1105.2 1859.0 8
9 1 437.6 1395.5 7
0 4 759.7 1751.6 3
0 2 1331.2 1467.5 6
6 1 1130.3 1387.6 5
5 4 322.1 1033.7 6
5 1 1503.6 1822.3 1
0 9 1284.4 1366.3 7
6 9 977.7 1201.3 1
6 5 617.4 1015.6 6
7 9 53.4 1038.5 2
8 6 405.0 1551.8 5
1 6 330.3 939.7 5
2 8 1429.9 2518.4 6
1 9 810.2 1047.0 3
0 8 1230.7 1685.0 6
7 1 911.4 1897.8 3
3 9 1505.4 2182.8 5
7 10 959.9 1634.8 2
2 4 542.1 1225.4 7
8 7 979.3 1144.5 2
7 1 1281.4 2222.2 1
3 7 922.6 1592.5 6
9 5 1407.8 1781.3 8
0 8 71.8 676.5 8
9 3 717.4 1531.6 6
5 8 297.6 1461.7 5
1 3 1441.2 2061.6 8
1 9 75.0 279.8 1
5 9 1186.5 1444.9 3
2 5 963.4 1981.1 5
8 3 591.2 901.7 2
1 8 1072.4 1559.0 7
6 9 598.4 1388.6 1
0 9 315.2 935.6 5
4 7 616.2 1402.5 8
2 8 1253.5 2248.9 3
1 6 318.9 675.3 5
1 10 940.5 1948.9 4
0 5 883.4 1095.6 6
3 9 885.0 1694.6 3
5 9 680.0 1795.5 6
4 5 1149.0 1953.0 2
7 1 1325.2 2173.7 1
9 1 1059.3 1254.6 5
4 10 550.6 1671.2 2
6 1 393.5 657.3 6
7 3 171.5 399.0 1
3 8 316.2 401.6 4
0 9 968.4 1040.2 5
5 3 1016.7 1846.5 8
EOF
