NUM_STATIONS: 10
NUM_REQUESTS: 80
NUM_VEHICLES: 2
VEHICLE_CAPACITY: 1
DISTANCES
0 1 9.9
1 2 5.8
2 3 2.8
3 4 4.2
4 5 8.2
5 6 9.6
6 7 7.3
7 8 4.0
8 9 8.9
9 0 4.1
REQUEST_SECTION
8 2 29.9 164.7 1
3 8 391.9 495.4 1
0 4 282.2 736.1 1
4 8 1227.3 1790.6 1
7 10 292.0 396.4 1
4 1 616.4 891.2 1
1 9 576.1 1147.0 1
3 6 127.8 463.1 1
5 9 484.0 584.4 1
9 5 17.0 504.4 1
1 7 155.8 421.6 1
7 3 288.5 819.2 1
9 7 7.0 655.4 1
1 6 277.1 982.8 1
5 3 1189.6 1690.9 1
0 4 527.4 1107.8 1
7 1 737.5 1328.1 1
0 4 999.5 1197.8 1
2 9 437.0 1126.7 1
0 6 680.0 1098.8 1
0 9 1043.9 1258.7 1
4 10 421.8 784.6 1
2 5 886.4 962.7 1
1 10 1097.4 1685.3 1
7 10 359.4 601.3 1
2 10 192.3 352.7 1
3 8 167.8 346.2 1
5 8 1006.5 1155.0 1
6 8 19.2 588.9 1
6 5 1213.6 1615.6 1
5 10 1216.8 1699.6 1
2 8 931.0 1126.6 1
8 9 362.8 435.1 1
2 7 947.2 1591.9 1
4 6 1011.5 1410.1 1
5 8 77.8 709.8 1
9 8 596.7 1300.8 1
3 1 1275.4 1667.5 1
3 4 262.2 577.0 1
2 6 382.2 980.1 1
4 9 119.0 433.6 1
7 5 934.1 1634.4 1
6 4 269.2 734.9 1
7 3 320.4 925.3 1
5 10 6.8 170.5 1
3 8 1100.4 1444.7 1
9 6 1242.9 1446.1 1
5 1 579.3 1108.1 1
8 4 767.7 1265.1 1
0 5 749.0 933.4 1
5 10 786.6 1059.2 1
7 5 792.8 1399.3 1
6 10 253.7 682.9 1
6 1 1265.5 1410.1 1
2 6 337.0 634.9 1
4 5 338.6 579.8 1
7 3 832.6 1008.3 1
0 4 827.9 1321.4 1
0 9 73.1 644.2 1
4 10 596.9 1058.1 1
2 1 1131.0 1580.8 1
1 10 644.7 928.7 1
0 7 485.4 834.5 1
0 4 874.6 1163.3 1
2 6 931.0 1242.7 1
6 8 959.8 1056.3 1
7 9 208.1 663.0 1
0 1 989.1 1648.9 1
3 6 1034.1 1656.6 1
5 1 1119.4 1760.0 1
1 8 510.8 949.0 1
7 5 115.5 422.8 1
3 2 687.6 795.6 1
2 5 1098.6 1562.2 1
4 2 857.7 1546.5 1
7 10 995.1 1486.6 1
3 7 370.9 645.5 1
4 6 594.1 1155.3 1
1 2 1125.8 1535.2 1
1 8 11.8 408.1 1
EOF
