NUM_STATIONS: 10
NUM_REQUESTS: 40
NUM_VEHICLES: 1
VEHICLE_CAPACITY: 4
DISTANCES
0 1 2.8
1 2 2.9
2 3 8.4
3 4 7.3
4 5 6.1
5 6 1.6
6 7 8.4
7 8 7.7
8 9 3.2
9 0 1.5
REQUEST_SECTION
4 8 800.1 1328.9 3
3 10 604.0 759.9 1
6 4 561.9 668.1 4
1 6 807.0 1224.2 3
0 4 250.1 436.5 1
5 3 651.2 822.0 3
6 9 570.3 1096.2 4
1 10 198.1 378.3 2
1 9 278.0 506.7 2
0 6 970.7 1174.7 2
6 9 24.6 286.1 3
5 6 951.8 1283.9 3
9 3 443.1 601.8 4
6 2 530.8 880.0 3
9 3 112.4 503.4 3
0 2 371.6 627.1 1
9 5 529.6 730.5 2
7 4 573.5 914.8 1
1 5 807.7 1194.6 4
5 4 37.9 493.0 4
8 5 192.2 530.1 1
7 6 429.5 782.7 4
4 1 80.8 378.9 4
4 10 688.2 958.4 3
7 5 720.1 876.1 4
1 10 434.0 543.8 3
3 5 208.6 462.5 2
2 5 212.6 596.6 1
6 8 945.0 1443.8 1
4 7 980.6 1287.9 4
9 1 257.5 536.0 3
6 3 742.4 905.3 2
8 9 250.6 697.9 1
6 3 703.6 1060.4 2
5 2 649.6 1067.6 1
8 5 915.4 1205.2 1
7 9 709.6 804.1 3
5 4 763.8 1190.4 4
0 2 877.8 1059.4 1
2 4 223.8 451.7 1
EOF
