NUM_STATIONS: 10
NUM_REQUESTS: 20
NUM_VEHICLES: 1
VEHICLE_CAPACITY: 1
DISTANCES
0 1 10.0
1 2 3.1
2 3 7.4
3 4 2.1
4 5 5.5
5 6 6.0
6 7 3.5
7 8 7.1
8 9 7.6
9 0 5.4
REQUEST_SECTION
4 9 81.3 345.4 1
8 3 385.3 828.3 1
4 3 199.3 552.7 1
5 2 333.3 417.4 1
7 5 253.7 370.6 1
3 6 274.0 604.5 1
9 4 387.1 756.1 1
5 4 326.0 620.9 1
7 6 303.2 552.2 1
5 4 297.8 714.2 1
6 8 174.0 365.3 1
3 1 154.9 401.6 1
3 10 182.8 498.1 1
8 9 348.9 466.8 1
8 3 124.9 501.2 1
3 2 71.1 437.7 1
0 3 273.8 531.1 1
1 3 380.8 620.8 1
7 5 163.6 369.5 1
8 7 299.9 429.2 1
EOF
