NUM_STATIONS: 10
NUM_REQUESTS: 40
NUM_VEHICLES: 2
VEHICLE_CAPACITY: 2
DISTANCES
0 1 2.8
1 2 2.9
2 3 8.4
3 4 7.3
4 5 6.1
5 6 1.6
6 7 8.4
7 8 7.7
8 9 3.2
9 0 1.5
REQUEST_SECTION
4 8 303.2 421.8 2
3 10 180.5 260.8 1
6 4 22.7 262.5 2
1 6 141.8 385.3 2
0 4 61.5 329.0 1
5 3 44.6 114.4 1
6 9 136.7 315.1 2
1 10 145.7 429.4 1
1 9 131.2 449.9 2
0 6 355.6 717.2 1
6 9 67.6 289.3 1
5 6 94.7 413.6 1
9 3 23.9 238.8 1
6 2 246.2 563.8 1
9 3 236.9 459.2 1
0 2 69.8 136.7 2
9 5 330.9 400.6 1
7 4 67.1 245.4 2
1 5 158.1 344.9 2
5 4 298.6 645.5 1
8 5 68.1 353.0 1
7 6 284.0 542.4 2
4 1 103.1 239.2 2
4 10 76.8 412.7 2
7 5 46.8 454.6 1
1 10 49.1 425.3 2
3 5 198.1 399.4 2
2 5 99.4 391.6 1
6 8 311.5 401.9 2
4 7 302.8 566.4 1
9 1 314.1 518.2 1
6 3 354.1 754.2 1
8 9 240.5 522.6 2
6 3 195.8 406.1 1
5 2 4.6 223.2 2
8 5 303.8 526.4 2
7 9 188.8 359.7 2
5 4 284.7 356.6 2
0 2 357.6 604.0 1
2 4 237.0 493.2 2
EOF
