NUM_STATIONS: 10
NUM_REQUESTS: 40
NUM_VEHICLES: 3
VEHICLE_CAPACITY: 8
DISTANCES
0 1 2.8
1 2 2.9
2 3 8.4
3 4 7.3
4 5 6.1
5 6 1.6
6 7 8.4
7 8 7.7
8 9 3.2
9 0 1.5
REQUEST_SECTION
4 8 26.3 150.6 3
3 10 240.0 437.2 1
6 4 300.8 519.6 1
1 6 94.8 386.7 2
0 4 11.8 70.6 1
5 3 91.1 364.6 3
6 9 112.9 312.2 8
1 10 329.3 381.4 1
1 9 252.2 415.5 2
0 6 316.3 599.4 8
6 9 123.4 415.8 1
5 6 243.5 389.8 3
9 3 79.9 350.8 1
6 2 286.1 360.4 1
9 3 234.1 296.6 5
0 2 221.2 497.6 7
9 5 86.9 239.1 2
7 4 161.4 401.5 2
1 5 233.9 339.7 4
5 4 48.9 322.8 8
8 5 221.2 282.7 1
7 6 38.1 93.6 4
4 1 75.9 258.5 3
4 10 74.0 307.8 4
7 5 250.3 442.2 3
1 10 130.4 186.1 7
3 5 194.9 440.9 5
2 5 80.4 135.9 4
6 8 265.7 553.6 2
4 7 330.6 616.0 7
9 1 205.8 337.4 5
6 3 197.8 335.0 5
8 9 232.9 392.5 4
6 3 143.1 341.5 5
5 2 301.5 451.6 3
8 5 191.8 424.4 6
7 9 246.8 351.2 6
5 4 320.7 528.7 8
0 2 34.2 125.6 5
2 4 124.8 331.0 2
EOF
