NUM_STATIONS: 10
NUM_REQUESTS: 20
NUM_VEHICLES: 1
VEHICLE_CAPACITY: 4
DISTANCES
0 1 8.3
1 2 2.5
2 3 8.9
3 4 6.4
4 5 8.5
5 6 5.9
6 7 7.6
7 8 9.1
8 9 7.1
9 0 6.5
REQUEST_SECTION
4 1 261.5 340.9 1
9 3 237.0 356.8 2
9 10 241.2 642.6 1
7 2 656.9 1075.7 1
9 1 82.0 191.6 4
4 2 432.2 574.7 1
1 10 6.3 341.1 3
1 5 611.6 900.5 1
5 7 172.5 456.9 2
6 7 439.9 617.0 4
2 1 340.9 603.7 3
0 3 191.5 506.0 3
8 5 89.5 420.7 4
0 6 452.2 787.2 4
3 2 306.1 541.8 3
1 2 169.9 369.1 1
0 9 676.4 1066.2 2
2 5 393.1 682.4 2
2 1 262.1 606.5 1
9 8 456.6 558.3 1
EOF
