NUM_STATIONS: 10
NUM_REQUESTS: 80
NUM_VEHICLES: 2
VEHICLE_CAPACITY: 2
DISTANCES
0 1 7.9
1 2 8.1
2 3 2.5
3 4 7.9
4 5 2.3
5 6 7.4
6 7 8.2
7 8 1.4
8 9 7.4
9 0 3.5
REQUEST_SECTION
9 4 31.2 422.2 2
8 6 517.6 807.7 1
1 2 899.4 1659.3 1
8 4 1021.6 1732.3 2
2 7 611.6 1246.5 1
1 8 799.2 1193.0 1
5 7 224.3 429.7 2
1 9 694.9 889.1 1
1 4 554.8 945.8 2
4 6 123.0 950.7 2
0 8 582.9 1193.0 2
7 6 1050.4 1846.5 1
7 6 808.7 1464.0 1
4 10 71.7 834.2 1
8 2 16.5 467.7 1
1 4 254.7 992.9 2
2 8 455.7 826.0 2
0 3 411.9 1006.2 1
8 6 848.0 968.6 1
8 1 258.2 687.8 2
9 8 142.6 716.5 1
6 3 582.0 873.9 2
2 4 469.0 1086.2 1
3 10 725.5 1592.3 2
5 6 566.7 743.8 2
5 6 756.1 1150.1 1
2 9 914.5 1564.1 1
6 8 452.0 897.9 2
9 10 537.5 863.0 1
5 8 223.9 792.5 2
0 5 1063.1 1688.7 2
2 4 617.7 973.5 2
3 9 265.8 655.2 2
0 3 997.5 1818.7 2
5 6 843.2 1658.5 2
5 10 836.3 1590.3 1
4 8 838.4 1678.7 1
9 4 822.8 1089.8 2
1 9 496.5 962.9 1
0 9 430.6 869.8 1
6 3 1008.4 1310.6 2
0 1 459.4 705.6 2
8 1 546.8 963.6 1
3 9 414.9 1282.2 2
4 2 343.0 677.7 2
5 10 365.3 1130.3 1
9 2 215.1 942.2 1
2 5 532.9 634.8 2
3 4 817.3 969.9 1
3 1 347.9 779.9 1
3 2 1061.8 1176.8 2
4 3 392.1 825.5 2
1 4 72.7 847.5 2
2 7 1051.8 1792.2 1
1 9 33.5 613.5 1
0 6 174.6 1020.7 1
5 2 74.8 876.7 1
8 2 502.5 785.1 1
8 4 168.7 437.3 2
2 4 923.9 1535.1 1
6 8 653.9 1431.7 1
2 9 396.7 488.0 2
2 8 536.6 1391.1 1
1 8 1018.0 1459.3 2
9 7 534.2 1408.8 1
6 2 668.3 1278.4 2
2 8 444.5 1059.5 1
0 4 128.9 491.7 1
7 10 198.7 578.5 2
2 4 410.6 875.8 1
6 1 960.7 1289.3 2
5 2 498.6 733.0 2
6 8 940.1 1619.3 2
7 5 636.2 1064.1 2
8 10 363.0 1163.7 1
5 2 1010.4 1384.1 2
9 7 97.3 814.9 1
7 6 960.9 1664.7 2
4 9 465.0 962.1 2
3 10 1007.3 1600.9 1
EOF
