NUM_STATIONS: 10
NUM_REQUESTS: 20
NUM_VEHICLES: 1
VEHICLE_CAPACITY: 2
DISTANCES
0 1 8.3
1 2 2.5
2 3 8.9
3 4 6.4
4 5 8.5
5 6 5.9
6 7 7.6
7 8 9.1
8 9 7.1
9 0 6.5
REQUEST_SECTION
4 1 177.8 526.0 2
9 3 705.4 1261.6 2
9 10 10.0 99.9 2
7 2 625.2 954.8 2
9 1 48.6 193.9 2
4 2 1.9 140.0 1
1 10 207.0 630.5 2
1 5 695.3 817.4 2
5 7 660.2 859.6 1
6 7 211.7 470.3 1
2 1 341.3 843.5 1
0 3 274.2 515.2 1
8 5 694.1 1206.1 2
0 6 458.9 531.4 2
3 2 204.8 586.6 1
1 2 81.7 211.5 1
0 9 246.7 600.9 2
2 5 48.4 299.1 1
2 1 685.7 790.8 1
9 8 268.4 582.3 1
EOF
