NUM_STATIONS: 10
NUM_REQUESTS: 20
NUM_VEHICLES: 1
VEHICLE_CAPACITY: 2
DISTANCES
0 1 10.0
1 2 3.1
2 3 7.4
3 4 2.1
4 5 5.5
5 6 6.0
6 7 3.5
7 8 7.1
8 9 7.6
9 0 5.4
REQUEST_SECTION
4 9 296.3 415.3 1
8 3 573.9 721.9 1
4 3 561.3 858.7 1
5 2 112.8 298.1 2
7 5 390.2 606.3 1
3 6 136.4 384.8 1
9 4 116.8 407.0 1
5 4 463.0 644.0 2
7 6 73.9 280.7 1
5 4 406.0 495.7 2
6 8 248.1 594.5 2
3 1 433.7 636.0 2
3 10 337.1 624.7 2
8 9 520.8 718.8 2
8 3 84.3 159.7 1
3 2 410.8 705.4 1
0 3 52.1 306.3 2
1 3 363.0 527.2 1
7 5 395.9 669.5 1
8 7 89.7 364.3 1
EOF
