NUM_STATIONS: 10
NUM_REQUESTS: 160
NUM_VEHICLES: 2
VEHICLE_CAPACITY: 4
DISTANCES
0 1 3.3
1 2 8.6
2 3 9.8
3 4 4.8
4 5 3.7
5 6 5.0
6 7 1.8
7 8 2.0
8 9 1.3
9 0 2.7
REQUEST_SECTION
9 3 126.5 558.0 3
8 4 202.9 306.3 1
4 8 1203.6 1663.9 2
6 3 382.7 1117.9 3
8 2 162.5 924.7 4
7 2 1010.0 1929.2 4
8 1 388.6 1611.8 1
6 4 1198.2 2419.7 3
7 2 686.5 1398.0 1
2 6 1158.1 2090.5 1
3 7 205.3 1291.1 1
8 4 607.1 1680.8 2
0 8 1138.2 2320.9 3
8 10 271.2 965.9 4
8 2 729.0 1780.5 2
4 2 901.1 1527.6 1
3 5 719.3 819.8 1
5 7 3.6 1251.6 2
3 7 83.2 516.3 2
7 4 1257.6 1984.5 3
6 7 465.3 789.1 4
3 7 854.9 1692.9 3
5 2 445.5 1115.4 2
4 7 413.8 1548.4 4
3 5 340.6 719.3 1
1 3 428.6 565.5 1
9 10 85.4 1043.6 2
3 6 786.1 1793.4 2
3 7 347.5 470.5 2
7 10 842.6 1405.1 1
8 9 975.0 2080.9 2
3 9 1189.8 1381.1 2
4 7 511.1 1301.8 2
4 6 887.2 1719.3 1
6 10 1148.5 1200.8 2
1 3 1279.6 2592.6 1
8 7 1024.6 1728.2 3
8 10 1188.0 1927.6 4
2 1 64.6 393.3 4
5 1 1012.7 2127.3 4
2 4 1271.3 2045.1 3
5 10 538.3 1137.4 1
8 6 278.1 755.2 3
5 2 272.3 845.6 1
6 2 290.7 826.9 2
5 4 98.1 304.5 2
0 9 280.0 1396.5 3
3 4 1220.7 1632.3 3
0 2 1259.2 1378.6 4
9 7 48.3 1219.5 2
8 3 342.4 593.5 4
1 4 538.3 1800.3 4
3 1 718.4 1170.2 2
2 7 257.4 1320.8 1
3 10 817.9 1760.1 3
2 4 1087.5 1870.6 1
5 8 1082.2 1499.3 2
8 1 1109.8 2313.2 4
2 3 599.5 1115.2 3
6 8 620.1 1187.4 2
8 10 186.9 1420.6 3
6 8 640.6 1769.8 1
2 6 877.8 2001.7 3
6 7 1193.6 2202.7 3
7 2 266.2 344.8 2
0 7 822.2 1108.8 4
3 5 69.5 628.1 4
4 5 768.4 1596.0 2
5 2 390.9 1600.3 2
5 4 1167.8 1690.5 3
5 3 464.3 1028.6 1
3 10 376.4 1623.0 2
6 7 627.6 1546.9 1
2 9 200.8 592.9 1
1 8 905.5 1448.1 3
0 1 1176.3 1877.3 4
2 9 1221.5 1485.7 3
9 5 938.9 1478.3 1
6 5 1189.9 2238.0 3
3 7 385.2 1007.1 1
7 1 654.1 1267.4 3
3 2 1126.0 2021.2 2
2 7 206.1 588.8 4
1 8 213.2 677.2 3
1 10 284.6 1570.5 1
9 8 320.8 1563.6 2
7 8 656.0 1637.3 1
2 7 263.0 1506.7 3
6 1 160.1 720.0 2
7 3 725.0 2028.8 4
8 2 1092.5 2282.6 3
2 6 364.7 1251.8 3
8 6 125.1 176.3 2
1 3 465.4 806.6 1
9 5 961.8 1650.6 4
0 3 1001.8 1659.6 3
5 10 1090.0 1996.3 2
7 3 1164.4 1299.5 2
5 10 668.4 964.2 4
6 2 45.5 872.0 2
6 8 39.7 836.9 1
8 5 259.3 1313.3 3
0 2 516.5 1807.1 3
9 5 1208.1 2206.0 3
8 3 614.3 1323.2 2
4 9 178.2 391.7 3
4 9 1096.7 1498.3 3
1 6 823.3 2061.8 4
9 4 732.2 1703.4 3
9 6 980.0 1693.0 1
0 2 1263.8 2273.2 2
6 8 474.0 630.1 2
6 2 923.2 1585.0 3
2 6 861.2 1985.9 1
6 3 128.4 878.2 3
7 3 515.5 717.5 1
3 9 1263.4 1643.9 3
6 10 676.3 1874.4 1
3 2 494.0 962.8 2
9 1 180.5 1114.0 3
6 9 1038.6 1727.9 2
4 9 912.4 1573.4 2
3 9 894.7 2032.2 4
8 5 413.9 1198.9 4
4 5 1138.0 1207.6 3
0 4 108.8 216.1 2
5 8 637.5 922.0 4
9 10 446.3 1372.3 4
0 2 185.5 291.4 4
1 3 1143.7 1262.8 4
4 2 1151.5 1943.2 3
4 3 949.8 1880.9 1
0 1 1107.5 2302.8 1
9 3 983.8 2175.4 3
5 6 1076.6 2302.2 3
4 9 931.7 1322.8 1
5 2 1163.6 1509.4 1
0 6 1145.5 1752.9 2
1 9 503.1 1603.2 3
9 3 1212.5 2537.9 1
4 10 119.8 170.7 4
2 7 334.3 722.6 4
5 1 233.3 754.6 1
3 10 355.9 1479.8 3
3 6 875.1 2145.7 4
2 4 89.3 727.4 3
0 4 1205.5 1838.2 4
0 8 1036.4 1454.4 2
3 5 1259.3 2328.6 1
0 3 313.0 422.1 3
3 8 224.1 1236.6 3
4 9 1153.3 1349.5 1
3 10 118.0 163.1 4
6 3 99.0 239.7 1
7 3 1262.8 1703.4 2
6 10 519.1 1525.4 3
9 7 990.5 1278.6 3
0 6 4.8 414.9 3
6 5 1241.8 2279.4 4
7 4 1.2 392.7 4
EOF
