NUM_STATIONS: 10
NUM_REQUESTS: 40
NUM_VEHICLES: 2
VEHICLE_CAPACITY: 2
DISTANCES
0 1 3.4
1 2 6.2
2 3 7.9
3 4 7.1
4 5 5.2
5 6 1.5
6 7 5.2
7 8 1.2
8 9 5.0
9 0 2.1
REQUEST_SECTION
3 7 172.8 247.0 1
4 5 71.3 148.6 2
4 5 269.4 550.5 2
2 9 50.0 176.2 2
4 6 187.1 464.6 1
2 7 311.6 399.6 2
2 4 271.2 467.6 2
5 6 139.6 355.9 1
4 1 250.6 469.1 2
0 7 48.5 371.6 1
6 3 145.1 219.8 2
0 2 302.8 374.2 2
9 3 98.3 189.0 1
7 6 170.3 254.4 1
7 5 112.0 294.0 1
3 7 309.1 666.9 1
4 2 153.1 231.2 1
0 9 125.9 475.6 1
2 3 266.5 465.7 1
2 9 216.1 465.5 1
0 4 159.3 254.3 2
2 10 48.4 135.9 2
2 6 237.5 477.4 2
8 4 333.6 550.2 2
3 7 206.0 275.6 2
0 1 237.9 392.5 2
7 1 232.4 298.3 1
8 4 224.8 554.6 2
0 3 114.7 218.1 2
9 7 14.5 378.8 2
0 4 110.7 299.7 2
7 2 95.6 209.3 2
8 6 211.6 379.2 2
4 10 303.9 419.9 1
9 6 176.7 340.5 1
1 5 214.5 503.7 2
4 2 128.6 474.9 2
3 5 226.7 467.7 1
9 7 2.0 110.6 2
5 7 39.0 401.9 1
EOF
