NUM_STATIONS: 10
NUM_REQUESTS: 20
NUM_VEHICLES: 3
VEHICLE_CAPACITY: 4
DISTANCES
0 1 8.9
1 2 4.6
2 3 7.4
3 4 8.4
4 5 9.1
5 6 4.1
6 7 8.9
7 8 3.5
8 9 7.1
9 0 5.5
REQUEST_SECTION
2 3 155.1 323.3 3
4 1 80.8 239.8 4
1 10 61.0 291.2 1
5 4 33.8 132.0 4
6 5 34.4 208.8 1
0 8 28.9 203.9 4
2 9 137.4 311.7 1
9 1 67.0 155.8 2
2 3 56.4 234.9 2
5 9 160.1 305.3 2
6 4 127.0 355.1 3
5 1 160.4 262.5 4
8 4 11.4 241.9 3
8 1 37.5 253.3 1
9 2 48.7 194.3 3
5 8 100.9 188.3 1
3 5 98.5 201.4 2
8 1 78.2 179.0 2
4 9 56.5 281.1 2
6 4 89.6 295.9 2
EOF
