NUM_STATIONS: 10
NUM_REQUESTS: 40
NUM_VEHICLES: 3
VEHICLE_CAPACITY: 8
DISTANCES
0 1 2.8
1 2 2.9
2 3 8.4
3 4 7.3
4 5 6.1
5 6 1.6
6 7 8.4
7 8 7.7
8 9 3.2
9 0 1.5
REQUEST_SECTION
4 8 222.6 365.5 3
3 10 137.4 223.0 1
6 4 195.6 325.8 1
1 6 195.8 394.2 2
0 4 132.7 292.8 1
5 3 158.4 220.5 3
6 9 145.8 342.5 8
1 10 16.4 172.8 1
1 9 201.0 255.9 2
0 6 176.6 331.5 8
6 9 159.2 313.4 1
5 6 41.2 189.5 3
9 3 19.3 209.9 1
6 2 212.1 400.2 1
9 3 56.7 177.5 5
0 2 242.7 386.2 7
9 5 223.3 421.8 2
7 4 100.5 217.7 2
1 5 247.7 382.3 4
5 4 226.0 367.3 8
8 5 15.1 190.2 1
7 6 157.4 332.1 4
4 1 152.7 366.9 3
4 10 219.8 381.7 4
7 5 231.1 321.2 3
1 10 94.6 287.3 7
3 5 207.3 274.6 5
2 5 80.7 137.9 4
6 8 207.1 345.9 2
4 7 230.0 382.2 7
9 1 243.2 309.0 5
6 3 168.7 233.5 5
8 9 235.7 443.4 4
6 3 187.5 293.0 5
5 2 127.2 323.3 3
8 5 95.5 230.1 6
7 9 110.7 301.8 6
5 4 122.8 317.1 8
0 2 186.5 287.6 5
2 4 200.3 312.7 2
EOF
