NUM_STATIONS: 10
NUM_REQUESTS: 80
NUM_VEHICLES: 3
VEHICLE_CAPACITY: 8
DISTANCES
0 1 7.9
1 2 8.1
2 3 2.5
3 4 7.9
4 5 2.3
5 6 7.4
6 7 8.2
7 8 1.4
8 9 7.4
9 0 3.5
REQUEST_SECTION
9 4 192.0 275.1 2
8 6 287.1 786.6 3
1 2 145.0 544.2 5
8 4 421.2 922.7 3
2 7 401.0 469.4 4
1 8 385.2 969.1 4
5 7 523.7 1063.0 6
1 9 218.0 406.2 8
1 4 403.5 833.4 6
4 6 438.5 885.5 6
0 8 161.1 570.7 2
7 6 183.0 417.5 1
7 6 479.0 1057.3 8
4 10 336.6 741.4 7
8 2 415.0 732.7 4
1 4 375.9 715.2 5
2 8 199.4 339.6 1
0 3 522.1 1119.4 7
8 6 418.5 672.2 1
8 1 183.8 497.2 6
9 8 2.8 455.0 3
6 3 333.3 643.1 7
2 4 242.1 814.8 4
3 10 230.0 796.5 2
5 6 295.0 770.7 7
5 6 90.1 282.2 4
2 9 455.4 942.3 6
6 8 116.4 522.5 3
9 10 339.5 466.4 1
5 8 142.4 734.0 3
0 5 345.0 929.5 4
2 4 473.7 835.2 1
3 9 325.4 614.1 6
0 3 272.0 794.6 6
5 6 442.3 775.3 3
5 10 279.6 337.7 7
4 8 398.5 465.1 5
9 4 13.0 109.2 6
1 9 318.5 492.0 6
0 9 181.0 299.0 4
6 3 45.7 376.9 3
0 1 454.6 651.3 1
8 1 122.6 419.2 4
3 9 518.4 693.8 3
4 2 92.3 643.6 3
5 10 182.4 713.8 6
9 2 213.5 830.9 2
2 5 268.3 622.3 5
3 4 532.4 749.5 5
3 1 47.9 626.4 7
3 2 13.5 270.5 8
4 3 294.9 848.0 5
1 4 407.4 742.1 6
2 7 381.2 985.1 7
1 9 42.1 526.9 2
0 6 173.8 544.5 5
5 2 298.1 768.8 8
8 2 250.9 741.0 4
8 4 346.1 731.7 4
2 4 454.2 681.7 8
6 8 84.2 471.9 2
2 9 469.0 797.6 6
2 8 413.6 922.0 3
1 8 189.1 489.1 7
9 7 447.7 1067.8 1
6 2 166.7 687.4 1
2 8 6.3 375.9 8
0 4 469.3 559.9 8
7 10 208.5 504.5 8
2 4 505.3 756.3 8
6 1 344.7 892.8 8
5 2 399.4 727.3 4
6 8 229.0 343.6 6
7 5 263.7 818.0 3
8 10 560.8 890.6 2
5 2 207.6 624.8 8
9 7 326.3 635.2 7
7 6 255.0 360.5 2
4 9 155.3 664.2 8
3 10 188.9 671.5 7
EOF
