NUM_STATIONS: 10
NUM_REQUESTS: 160
NUM_VEHICLES: 2
VEHICLE_CAPACITY: 8
DISTANCES
0 1 6.3
1 2 1.5
2 3 7.8
3 4 9.8
4 5 9.9
5 6 6.9
6 7 1.6
7 8 5.2
8 9 2.2
9 0 6.8
REQUEST_SECTION
3 7 400.1 751.6 4
2 4 139.6 1096.9 4
2 7 2024.5 2545.6 5
7 4 531.4 1063.6 3
4 10 1537.6 2316.7 4
1 4 1822.8 1954.3 6
2 1 1726.3 2003.3 8
5 9 1875.3 2336.8 3
7 3 597.1 975.7 3
0 7 1105.3 1287.5 1
0 3 42.4 1130.1 8
0 5 2160.7 3338.9 4
0 3 1186.0 2399.5 4
8 4 1098.0 2150.7 2
3 4 2144.2 2856.7 6
0 7 303.1 881.7 6
5 4 1176.6 1926.9 4
9 8 294.3 1349.3 2
8 6 76.1 1157.3 2
9 7 649.5 1390.1 3
9 4 1491.2 2220.2 2
2 4 2007.5 2126.5 4
9 3 1990.5 2403.4 6
9 5 2254.4 3057.0 4
1 6 91.1 1184.3 3
9 4 2050.7 2917.9 5
9 2 174.6 737.9 8
7 2 1208.9 1640.6 3
3 9 1341.6 2370.8 2
1 2 1074.6 1625.9 3
5 6 866.2 1459.0 7
0 8 1384.0 2498.5 1
1 4 1298.8 1446.5 7
8 3 2111.0 2649.5 2
0 1 2143.9 3066.4 1
3 2 1094.9 1727.5 1
9 8 2295.4 3269.0 6
0 9 283.9 1143.1 3
7 6 1115.0 1789.2 4
6 2 2102.9 2548.9 4
2 3 1129.3 2264.1 2
2 3 1818.7 2519.4 6
2 8 234.6 1190.8 3
7 3 1502.4 1959.9 6
5 1 1908.5 2691.8 3
9 6 409.9 617.1 2
0 2 1150.2 1322.3 3
5 2 1302.4 2187.7 2
0 4 177.8 1055.0 5
0 1 1451.9 1554.6 3
8 5 2317.6 3395.5 5
1 9 893.4 1692.5 2
9 10 986.4 1433.1 3
9 10 1307.2 1607.6 3
3 10 387.5 967.1 6
0 5 247.7 528.9 2
9 3 1273.8 2242.7 4
1 7 514.0 1490.2 4
2 9 5.5 566.7 4
2 9 2248.6 2662.4 6
2 7 1554.5 1997.8 3
5 1 2200.3 2507.8 6
6 4 1854.6 2147.1 3
1 4 226.6 1315.7 1
5 3 488.6 865.4 4
2 5 343.8 822.6 4
4 10 1432.0 2017.6 1
0 6 1754.6 1881.0 8
3 2 184.8 334.2 5
6 1 1973.5 3041.6 3
6 1 878.5 2013.1 5
7 1 519.1 1173.5 6
9 10 1350.0 2158.0 2
3 4 2085.3 2787.4 6
3 6 1373.3 1693.7 7
1 4 696.8 772.3 1
2 4 2211.2 3094.3 5
6 9 1782.2 2957.7 4
3 7 1620.1 2582.3 3
9 4 1008.2 1067.5 5
5 4 1207.4 1679.9 5
0 3 15.4 129.0 4
1 3 103.9 1234.7 7
9 1 1108.9 1546.8 7
4 3 1132.8 1961.4 6
9 10 701.2 1884.6 2
8 7 1119.8 1309.6 6
1 7 148.6 355.8 5
7 6 805.5 1415.9 1
2 5 400.3 484.2 2
0 2 1365.4 1706.9 5
5 7 1420.9 2415.1 5
3 7 2111.4 2513.5 4
4 10 656.5 1506.4 5
5 10 1190.6 1385.8 6
7 5 2219.9 2446.6 4
1 6 2253.2 2668.6 4
7 1 898.1 1869.0 1
1 5 1053.6 1137.4 2
6 8 1391.0 2083.8 1
3 5 1374.5 2031.4 1
9 7 2073.5 3097.0 7
4 9 1746.6 2310.3 4
7 4 1371.1 1889.3 8
4 9 30.7 111.3 3
8 2 132.8 656.5 7
4 9 1432.5 2491.6 2
2 1 74.7 771.2 3
8 10 430.7 957.6 3
5 1 1847.0 2733.8 7
9 1 1092.6 2065.7 7
0 4 476.4 1634.2 6
0 2 2166.9 2530.3 4
6 1 304.4 714.3 4
5 4 2142.1 3085.1 6
5 1 756.6 1222.7 2
0 9 1717.2 2751.1 2
6 9 592.9 1595.4 8
6 5 855.8 1615.3 1
7 9 2143.0 2444.7 5
8 6 358.9 1348.9 3
1 6 517.4 1656.3 5
2 8 487.6 1400.4 2
1 9 1957.5 2763.9 8
0 8 1928.9 2138.7 5
7 1 617.7 1175.6 1
3 9 1634.7 2436.7 8
7 10 2038.0 2752.3 2
2 4 432.4 652.8 7
8 7 1711.6 2178.5 3
7 1 1013.2 1583.9 6
3 7 44.9 1155.1 3
9 5 1590.5 2375.3 4
0 8 1567.5 1977.8 5
9 3 968.1 1735.5 8
5 8 783.2 1992.3 3
1 3 1745.1 1959.9 4
1 9 2311.4 3395.0 3
5 9 1867.2 2857.0 7
2 5 1127.4 1210.9 4
8 3 705.3 1174.8 5
1 8 717.6 1049.1 3
6 9 587.5 1583.0 5
0 9 1923.8 2779.7 6
4 7 2117.9 2914.8 1
2 8 836.7 1731.0 5
1 6 2054.9 2852.5 4
1 10 457.6 1570.1 2
0 5 1366.4 2168.3 1
3 9 225.2 1118.6 5
5 9 2065.9 2969.8 4
4 5 614.9 1481.3 1
7 1 446.0 625.1 2
9 1 833.5 1541.3 7
4 10 1728.2 2110.8 3
6 1 1288.3 1512.6 6
7 3 1084.3 1995.4 6
3 8 456.8 1168.9 2
0 9 145.4 1018.5 2
5 3 156.9 834.5 2
EOF
