NUM_STATIONS: 10
NUM_REQUESTS: 20
NUM_VEHICLES: 3
VEHICLE_CAPACITY: 1
DISTANCES
0 1 10.0
1 2 3.1
2 3 7.4
3 4 2.1
4 5 5.5
5 6 6.0
6 7 3.5
7 8 7.1
8 9 7.6
9 0 5.4
REQUEST_SECTION
4 9 57.4 211.5 1
8 3 50.1 246.4 1
4 3 45.4 210.7 1
5 2 37.3 228.4 1
7 5 140.2 227.1 1
3 6 56.9 206.2 1
9 4 77.0 176.1 1
5 4 37.3 148.5 1
7 6 41.9 135.0 1
5 4 42.0 210.2 1
6 8 143.1 260.4 1
3 1 33.9 211.9 1
3 10 51.4 225.7 1
8 9 143.0 277.5 1
8 3 6.1 117.3 1
3 2 71.3 163.9 1
0 3 119.4 254.5 1
1 3 96.0 163.8 1
7 5 43.9 138.6 1
8 7 133.5 249.2 1
EOF
