NUM_STATIONS: 10
NUM_REQUESTS: 80
NUM_VEHICLES: 1
VEHICLE_CAPACITY: 1
DISTANCES
0 1 9.9
1 2 5.8
2 3 2.8
3 4 4.2
4 5 8.2
5 6 9.6
6 7 7.3
7 8 4.0
8 9 8.9
9 0 4.1
REQUEST_SECTION
8 2 87.9 476.8 1
3 8 1264.7 2795.3 1
0 4 41.6 656.0 1
4 8 744.1 2125.4 1
7 10 1561.7 2686.1 1
4 1 70.6 1423.7 1
1 9 380.4 1845.5 1
3 6 424.7 1798.3 1
5 9 926.5 1005.6 1
9 5 1500.0 2230.1 1
1 7 1463.5 2593.3 1
7 3 765.7 2265.6 1
9 7 1584.5 2616.0 1
1 6 986.0 1839.6 1
5 3 208.9 1732.2 1
0 4 476.7 542.3 1
7 1 1927.1 3525.2 1
0 4 22.1 592.7 1
2 9 1789.3 3267.4 1
0 6 936.0 2193.1 1
0 9 1463.0 1647.9 1
4 10 901.3 1371.6 1
2 5 1520.7 1927.0 1
1 10 1051.9 2374.5 1
7 10 1343.6 1601.3 1
2 10 1699.0 2094.6 1
3 8 126.3 1357.6 1
5 8 162.8 1473.3 1
6 8 1234.1 1474.1 1
6 5 1245.0 1364.6 1
5 10 1704.3 2597.7 1
2 8 1181.9 2715.1 1
8 9 326.1 546.1 1
2 7 439.6 1681.9 1
4 6 244.6 1809.1 1
5 8 342.1 1491.3 1
9 8 542.7 673.4 1
3 1 1866.2 2425.1 1
3 4 1471.3 3112.8 1
2 6 572.1 1483.4 1
4 9 242.1 1340.2 1
7 5 1850.2 2089.0 1
6 4 101.8 1702.6 1
7 3 1729.2 3015.3 1
5 10 1808.5 2018.9 1
3 8 303.3 1985.1 1
9 6 227.7 1554.0 1
5 1 819.6 2611.2 1
8 4 1944.9 2093.9 1
0 5 1065.5 1657.8 1
5 10 856.9 1461.0 1
7 5 259.0 1812.0 1
6 10 1699.8 2247.1 1
6 1 798.0 1610.3 1
2 6 1190.0 2025.2 1
4 5 784.6 1861.1 1
7 3 1145.4 1458.3 1
0 4 1506.7 1645.3 1
0 9 292.5 464.1 1
4 10 457.9 1801.3 1
2 1 146.8 1314.5 1
1 10 1870.9 2615.3 1
0 7 909.2 2471.4 1
0 4 1706.5 1931.3 1
2 6 1323.5 2035.6 1
6 8 508.9 1840.1 1
7 9 1828.4 2408.4 1
0 1 1069.8 2876.3 1
3 6 1560.4 1910.8 1
5 1 1437.1 1678.5 1
1 8 234.0 1986.7 1
7 5 625.9 2223.6 1
3 2 1303.8 2095.8 1
2 5 282.8 2022.5 1
4 2 148.6 1177.3 1
7 10 172.9 415.0 1
3 7 457.8 1175.8 1
4 6 1922.8 2047.9 1
1 2 1630.7 2276.9 1
1 8 1347.8 2254.1 1
EOF
