NUM_STATIONS: 10
NUM_REQUESTS: 160
NUM_VEHICLES: 2
VEHICLE_CAPACITY: 4
DISTANCES
0 1 6.3
1 2 7.7
2 3 3.8
3 4 4.5
4 5 9.5
5 6 2.1
6 7 8.1
7 8 3.8
8 9 3.5
9 0 1.8
REQUEST_SECTION
8 5 754.3 1666.2 1
2 7 173.1 900.5 1
0 6 1447.1 1666.9 1
4 2 484.2 1020.8 1
6 1 1120.4 1993.6 1
6 5 1138.3 1391.2 4
4 5 522.7 1334.7 3
1 7 1315.2 2027.4 2
9 1 1167.7 2105.6 1
8 4 1470.5 2359.2 2
6 8 380.2 948.3 4
3 10 313.0 501.2 2
9 6 552.5 1163.0 2
1 3 57.8 613.1 4
9 1 1465.7 2423.6 1
6 5 708.0 1402.2 3
1 10 1056.2 1345.8 4
0 8 1284.3 1701.6 1
7 10 574.3 1606.0 1
2 5 1513.9 1791.9 3
3 9 1287.0 2304.5 2
9 5 535.3 592.8 1
2 4 352.0 588.2 3
0 5 1476.4 2071.2 1
6 5 1303.6 2024.2 3
1 3 450.2 1023.2 3
7 5 174.6 881.3 4
0 4 534.4 1327.5 4
2 10 839.8 1023.5 3
1 10 836.0 956.0 3
4 1 1468.7 1538.6 4
5 8 281.0 830.1 4
8 5 82.0 940.1 2
4 10 857.9 1492.7 2
6 3 56.2 1069.4 2
6 5 1077.5 1685.2 1
1 7 460.2 1059.3 4
3 1 826.3 1895.8 1
0 3 118.1 190.7 2
3 2 365.5 1290.1 3
7 4 621.8 681.3 1
6 4 852.0 1826.7 3
3 8 922.9 1190.9 1
7 2 554.3 632.9 4
8 3 363.6 677.1 1
8 2 533.4 1530.9 2
2 3 101.5 953.7 4
0 1 400.6 533.5 2
5 8 32.3 386.1 3
2 7 10.8 656.3 4
8 4 1363.9 1999.1 1
3 8 1226.8 1423.8 1
2 5 515.2 1072.1 2
4 1 425.3 729.0 3
6 4 3.9 820.4 1
4 5 364.3 588.1 1
6 7 516.9 861.6 1
2 8 1054.8 1765.0 2
8 10 1460.0 2372.3 3
9 8 105.5 439.5 3
9 3 839.1 1056.1 3
8 9 353.0 1102.8 1
8 9 341.7 594.1 4
8 10 1488.0 2356.1 1
3 9 108.0 578.5 1
2 8 1226.8 2291.2 2
7 3 1222.5 1896.3 4
1 8 475.7 1185.9 4
9 1 854.0 1505.4 4
4 6 213.7 1283.4 1
2 10 949.1 1378.2 4
0 3 268.6 372.0 2
0 5 1202.2 1426.6 2
5 3 708.5 1666.5 1
9 3 1520.8 1978.7 1
9 4 646.3 1043.5 3
3 2 264.4 685.6 1
5 4 806.9 1169.4 1
7 1 851.7 1638.3 4
0 7 1048.4 1870.1 3
5 8 147.0 754.2 1
9 1 508.7 664.8 3
3 4 1372.3 2433.9 2
4 9 1265.0 2327.2 2
5 1 510.8 868.7 4
5 2 286.6 369.5 2
2 1 630.2 965.4 2
8 2 1221.9 1763.2 4
0 8 752.6 1334.6 3
3 1 543.1 1280.2 1
2 10 783.6 1703.7 1
0 8 575.4 696.4 3
6 9 1150.2 1744.1 4
3 8 1525.1 2068.9 2
4 2 1145.7 1349.6 1
7 4 1136.0 1327.7 1
9 1 1198.4 2001.6 3
7 8 968.4 1310.4 1
4 7 1486.9 2247.4 2
8 5 583.5 1446.6 1
8 7 257.3 1038.0 1
3 1 1292.0 1390.7 2
6 3 160.4 351.1 1
5 9 399.0 664.2 2
3 7 272.3 597.8 3
2 7 645.0 997.9 1
2 7 975.5 1192.1 2
9 10 1165.9 1921.6 2
0 8 375.8 812.6 3
7 8 1063.5 1129.9 3
4 3 633.8 1179.4 4
6 7 506.4 1176.1 4
1 6 1503.1 2092.1 1
5 1 385.1 802.4 4
4 9 1279.2 1975.0 3
3 8 495.0 1297.4 1
5 7 114.5 556.7 3
6 9 1177.6 1263.3 3
1 5 69.6 887.6 1
8 2 2.1 200.3 3
9 10 1407.3 1749.3 1
5 7 266.6 1024.8 2
5 4 321.0 528.3 4
7 6 248.2 476.5 4
5 9 481.9 1060.5 3
9 7 1307.2 1539.8 3
3 5 726.5 1599.5 3
5 9 549.8 1269.3 4
7 8 130.2 1031.3 4
0 5 201.9 1238.6 2
6 3 1074.9 1642.0 4
2 5 290.9 1280.2 4
9 8 1458.5 1717.5 1
1 10 1123.8 1837.3 1
4 6 878.7 1894.5 1
4 9 944.7 1723.4 3
6 7 793.9 1102.8 1
8 1 696.9 1571.6 4
7 2 242.2 683.0 2
8 7 1206.6 1877.0 2
6 8 1057.7 1463.5 2
1 6 1153.2 1307.1 1
0 3 815.8 1016.6 2
5 1 506.0 1569.6 4
0 4 614.4 1505.6 4
9 4 740.1 1755.2 4
1 10 855.7 1617.4 3
8 5 893.0 1207.1 2
7 6 1469.0 1821.7 4
3 9 759.1 1410.8 2
0 8 611.3 1105.2 4
2 9 1128.2 1430.0 4
9 8 1351.9 1959.1 4
1 9 476.2 1513.5 3
1 8 1338.4 1408.0 2
0 5 537.9 1172.8 4
4 6 845.4 1843.5 2
7 5 913.3 1109.0 4
9 6 380.2 813.4 3
8 5 335.9 1318.9 3
EOF
