NUM_STATIONS: 10
NUM_REQUESTS: 80
NUM_VEHICLES: 1
VEHICLE_CAPACITY: 8
DISTANCES
0 1 5.3
1 2 5.1
2 3 4.1
3 4 5.8
4 5 8.8
5 6 4.0
6 7 7.4
7 8 2.6
8 9 6.4
9 0 5.7
REQUEST_SECTION
7 4 368.0 861.6 1
7 1 1437.8 1736.3 2
9 2 1638.2 2115.8 2
2 9 394.8 1008.2 8
6 10 259.3 1074.1 5
0 9 1407.2 2292.6 1
6 8 1004.2 2119.2 6
2 3 1603.3 1971.1 2
4 7 379.1 954.7 2
1 4 52.6 1012.8 3
5 9 1217.3 1757.7 7
7 1 661.7 1799.2 2
5 3 828.2 1335.6 2
4 10 224.3 1243.5 2
0 1 347.6 1403.6 6
8 9 627.2 1502.3 5
8 2 356.0 1036.2 7
8 4 825.2 891.0 6
1 5 394.4 950.0 1
5 3 209.5 285.7 4
8 2 1398.5 1599.1 6
3 6 583.8 1176.9 6
5 4 1452.1 2203.3 8
7 9 332.8 414.7 4
3 5 1620.0 2395.7 4
7 8 1145.4 1756.8 7
0 8 1042.3 1704.5 5
9 2 79.2 670.9 6
1 6 1228.6 1982.4 7
4 7 552.0 1045.2 4
0 7 212.2 1013.0 1
5 7 1578.6 1786.5 1
4 7 1648.6 2595.6 8
1 6 393.1 491.7 6
0 9 652.4 1741.8 4
8 9 1287.1 2364.3 7
2 5 39.9 1176.6 7
1 10 1175.9 1913.7 7
3 2 1044.6 1362.4 4
9 6 432.7 958.3 6
7 8 1502.3 2360.7 7
6 8 938.7 1587.2 2
6 3 20.0 1122.4 1
0 6 507.5 995.2 8
1 6 591.9 1580.3 3
0 7 1391.7 2140.2 5
6 3 721.9 1345.9 7
3 2 65.6 1173.6 6
8 10 243.2 1248.0 8
6 3 263.8 794.6 2
9 8 1225.1 2064.4 5
1 6 4.2 507.7 1
3 2 1551.5 2113.2 4
2 5 573.8 1433.9 2
6 1 499.1 1322.4 5
9 4 548.6 653.7 1
7 9 1123.0 1370.3 6
1 2 634.3 782.5 3
8 4 862.7 1394.9 5
3 7 422.3 545.0 1
1 8 480.6 735.0 8
3 5 464.3 1128.8 4
6 4 272.7 943.3 4
5 9 1246.9 2317.5 2
4 3 1458.6 2102.5 2
1 8 1634.2 2082.9 7
0 9 1651.7 2069.2 8
9 5 1220.4 1523.8 8
2 9 334.6 1162.9 8
6 2 1527.0 2322.7 7
9 1 1207.5 2033.8 6
9 3 943.0 1544.7 2
5 2 885.3 1740.2 5
8 10 340.0 714.6 2
3 7 1123.3 1355.1 3
7 5 483.6 1517.1 6
0 5 1298.8 2312.2 1
6 1 333.8 781.6 1
7 1 309.6 803.6 3
3 9 643.3 989.9 5
EOF
