NUM_STATIONS: 10
NUM_REQUESTS: 20
NUM_VEHICLES: 3
VEHICLE_CAPACITY: 2
DISTANCES
0 1 5.2
1 2 3.6
2 3 9.0
3 4 5.2
4 5 4.6
5 6 6.8
6 7 9.5
7 8 9.5
8 9 7.9
9 0 8.3
REQUEST_SECTION
3 5 22.1 263.3 1
5 3 168.0 251.7 2
0 4 90.8 254.1 1
0 7 162.9 298.4 1
0 5 92.7 166.5 1
3 5 17.6 206.2 2
2 7 106.0 206.2 2
4 5 212.4 363.7 1
7 10 138.1 217.1 2
4 5 17.9 188.1 1
9 5 127.9 222.5 2
5 8 119.2 260.8 2
0 8 192.4 313.1 2
4 5 22.7 196.2 1
1 9 81.4 305.4 2
7 8 170.7 370.8 1
1 3 168.7 265.0 2
1 8 12.0 179.9 2
6 3 157.8 232.3 1
6 7 99.5 310.5 1
EOF
