NUM_STATIONS: 10
NUM_REQUESTS: 80
NUM_VEHICLES: 3
VEHICLE_CAPACITY: 1
DISTANCES
0 1 2.4
1 2 8.8
2 3 9.2
3 4 4.4
4 5 2.3
5 6 10.0
6 7 6.1
7 8 3.9
8 9 6.9
9 0 4.1
REQUEST_SECTION
4 2 481.5 606.2 1
1 6 199.7 318.9 1
9 8 316.7 742.0 1
7 1 83.1 249.7 1
1 5 326.2 464.1 1
5 9 186.6 438.9 1
1 5 392.5 788.5 1
5 6 566.2 920.4 1
2 8 498.1 883.0 1
6 1 177.2 599.4 1
5 3 250.8 575.8 1
2 7 181.2 286.9 1
5 9 91.5 467.1 1
0 2 333.6 550.1 1
1 8 375.7 640.2 1
7 10 125.2 440.4 1
1 3 205.6 265.4 1
5 3 109.8 412.8 1
2 5 366.0 624.2 1
4 8 578.7 928.9 1
2 4 392.9 489.7 1
4 2 4.8 430.5 1
7 10 219.6 465.6 1
5 6 444.7 521.1 1
5 9 247.7 622.5 1
7 6 46.6 108.5 1
1 5 349.2 526.1 1
1 2 460.8 637.7 1
9 1 81.4 437.5 1
3 7 221.0 451.4 1
7 2 242.1 363.2 1
1 7 505.4 629.3 1
3 8 160.5 520.3 1
1 5 211.7 296.9 1
1 8 33.0 404.9 1
3 9 239.3 575.6 1
1 10 11.5 393.5 1
7 2 177.2 531.6 1
3 6 246.9 412.9 1
8 7 304.5 426.9 1
1 2 178.5 395.3 1
0 7 511.1 791.9 1
0 3 493.4 934.3 1
0 4 423.2 692.4 1
6 5 376.4 568.9 1
5 8 567.2 690.8 1
1 10 511.6 850.5 1
5 6 344.2 670.5 1
4 7 496.1 578.6 1
8 9 112.5 255.1 1
5 8 275.4 520.0 1
6 7 562.0 782.8 1
0 8 151.2 308.7 1
1 9 581.5 949.2 1
0 5 231.6 522.0 1
0 4 29.8 159.9 1
4 9 311.5 701.4 1
3 1 5.9 227.6 1
7 2 126.2 261.3 1
5 8 7.2 112.3 1
2 10 389.7 611.7 1
7 9 214.4 572.1 1
8 5 398.8 597.0 1
5 6 212.4 562.9 1
8 2 141.2 481.8 1
5 2 401.9 751.8 1
5 1 529.7 599.9 1
8 7 491.0 655.3 1
3 7 323.6 663.3 1
4 7 315.1 732.2 1
6 4 63.9 163.4 1
9 7 569.1 892.2 1
9 3 427.9 729.8 1
9 5 529.9 960.9 1
9 10 186.6 512.8 1
8 10 52.8 372.0 1
9 6 222.2 404.6 1
3 9 387.1 506.8 1
2 9 523.9 958.0 1
2 4 545.8 827.9 1
EOF
