NUM_STATIONS: 10
NUM_REQUESTS: 160
NUM_VEHICLES: 1
VEHICLE_CAPACITY: 4
DISTANCES
0 1 3.6
1 2 7.3
2 3 7.4
3 4 1.6
4 5 9.1
5 6 1.1
6 7 5.1
7 8 5.3
8 9 9.0
9 0 2.6
REQUEST_SECTION
0 6 2640.2 3612.5 2
6 7 63.9 734.6 2
7 6 2893.6 4000.9 1
0 1 3213.1 5217.2 4
4 3 1564.5 2833.1 4
6 10 1706.3 1938.5 2
5 2 3333.3 5145.7 2
1 3 2845.4 4483.1 3
0 6 3050.7 5351.4 4
6 1 19.8 721.3 4
4 5 1900.5 3497.5 4
6 2 2123.4 2688.2 4
3 4 1353.9 2237.2 1
3 4 1096.6 1291.1 4
7 9 659.5 2516.8 4
9 3 574.6 1464.9 4
9 7 616.8 821.1 2
4 8 696.9 2344.0 1
3 7 1735.9 2842.6 3
2 3 3509.8 5017.7 3
0 7 3713.1 4140.3 1
1 5 927.9 1307.1 1
8 2 2693.8 4933.7 1
5 3 1325.3 2084.0 4
5 9 1611.2 2274.5 1
1 6 2353.5 4202.1 2
1 6 800.0 3740.8 2
4 2 3695.0 4745.6 1
5 3 902.3 3808.1 3
4 7 808.7 1397.4 4
6 5 1992.3 2587.0 1
3 7 3188.8 6079.8 1
5 3 1663.5 3902.4 4
4 9 1465.4 3349.0 2
2 6 1096.1 3395.1 3
8 4 2146.7 3027.3 4
0 3 938.3 1903.9 1
8 9 4145.9 5635.4 1
9 5 202.8 2533.4 2
5 7 2435.0 2922.0 2
1 5 920.5 3659.0 2
6 8 1705.1 3526.1 1
3 8 2478.6 4829.2 3
8 5 4091.3 6366.6 3
3 10 933.2 3311.7 3
8 7 4029.7 5896.4 1
9 4 2313.4 4516.1 1
6 2 308.1 955.2 1
9 7 2477.3 5222.7 1
0 8 4008.3 5621.8 2
3 9 1085.7 3167.1 2
7 10 2216.7 2437.4 2
7 3 2254.8 4459.5 1
4 1 2576.3 4730.9 2
1 3 2538.8 2927.0 1
4 9 1458.6 4266.5 1
6 7 2445.5 5318.3 3
3 9 824.2 2313.5 3
1 5 316.9 3274.5 1
9 7 197.1 2819.8 3
4 8 594.0 2597.9 4
7 10 995.4 2684.8 2
2 9 3661.8 6539.4 2
8 1 4010.3 6281.0 3
1 7 931.1 1951.4 4
8 5 3821.9 6166.4 1
7 3 901.1 3947.1 2
3 5 2760.8 5230.6 2
0 5 1124.9 1943.6 2
9 4 2203.4 4443.9 2
5 8 2919.3 5967.4 1
9 8 2174.7 5314.9 3
6 9 465.7 2641.2 1
8 1 500.2 3498.7 3
6 7 3509.6 4051.2 4
6 1 1574.6 1756.5 2
3 5 208.4 2046.6 1
4 7 891.9 3019.8 2
6 3 2979.6 3854.1 2
4 5 1410.7 4444.0 2
0 1 256.7 3379.7 2
8 5 2806.1 3391.9 1
3 4 3006.1 3439.7 1
2 6 2951.1 3816.4 4
9 4 551.6 796.8 3
6 8 2869.1 5756.8 1
6 2 2010.8 2195.5 1
7 2 128.5 3009.7 3
1 8 2982.7 5229.2 1
9 5 3744.0 4102.1 1
6 2 3607.2 5957.9 2
1 5 1187.5 3345.8 2
5 4 1276.2 3703.1 1
8 10 2581.1 2835.8 4
3 6 475.9 3255.2 3
5 2 666.6 1715.1 4
6 3 679.6 3736.6 3
4 6 900.8 1294.3 3
5 7 585.1 1538.2 4
2 3 2090.1 2987.1 2
4 9 531.6 1806.7 2
4 1 2454.4 2691.8 4
5 6 3747.3 6297.3 3
5 10 3542.5 6676.9 4
8 9 2446.2 4485.1 1
3 5 3241.9 4640.0 3
3 8 3792.5 5800.7 3
7 8 495.2 3411.8 1
4 8 2291.3 3961.3 3
1 6 2963.8 3653.6 3
3 9 3809.6 5363.9 1
0 8 1701.4 2110.8 1
0 5 3601.7 5190.2 1
1 8 267.6 1092.6 3
3 6 2636.7 3462.1 4
7 1 3793.4 5280.9 1
7 1 2238.2 4291.4 2
4 1 1062.9 2177.5 2
1 2 2784.0 3782.4 3
8 5 4041.1 5613.9 2
6 4 845.9 1842.0 4
3 6 2266.5 4942.7 4
2 8 2151.1 3620.1 1
6 1 1087.2 3887.5 4
6 10 2924.3 4017.4 1
0 2 1163.1 4217.2 2
0 1 2996.0 4625.2 1
3 9 387.0 2165.6 4
2 8 3236.9 6348.0 1
4 5 1107.6 3319.2 4
1 5 515.8 1982.2 2
4 2 3442.9 4708.1 4
1 3 3838.6 5052.5 3
1 3 1019.1 2092.0 1
6 1 1225.0 2214.2 4
8 9 1743.9 3592.0 3
7 6 1348.3 3536.2 1
1 7 2129.5 4154.0 3
6 1 35.9 1646.2 4
4 6 502.0 2361.5 1
3 9 4021.1 6734.2 4
2 9 2706.0 4675.6 4
6 9 3864.2 3946.9 1
2 4 1090.2 3477.9 4
9 6 3339.6 6437.4 3
1 6 1661.4 4684.4 4
3 2 1390.9 1468.3 4
4 1 733.2 2434.4 3
8 9 494.2 1512.8 3
4 3 2687.6 2763.6 4
7 5 259.9 890.0 1
3 5 1083.2 2128.3 3
6 7 4113.5 7014.9 3
9 5 2182.9 3869.0 3
6 5 2066.8 4297.3 2
3 8 590.5 3577.0 3
4 9 3422.6 6185.4 1
4 10 2794.3 5536.6 4
6 8 2964.1 5288.9 4
3 1 4126.8 6437.7 4
EOF
