NUM_STATIONS: 10
NUM_REQUESTS: 80
NUM_VEHICLES: 1
VEHICLE_CAPACITY: 8
DISTANCES
0 1 9.9
1 2 5.8
2 3 2.8
3 4 4.2
4 5 8.2
5 6 9.6
6 7 7.3
7 8 4.0
8 9 8.9
9 0 4.1
REQUEST_SECTION
8 2 1789.8 3308.6 1
3 8 2139.8 2500.6 5
0 4 156.1 1055.0 7
4 8 591.4 803.5 3
7 10 1094.9 1791.6 8
4 1 1216.0 3152.4 4
1 9 2006.0 3611.6 4
3 6 2376.6 4159.7 8
5 9 2150.9 2905.5 5
9 5 1207.0 1696.1 1
1 7 1941.7 2314.6 3
7 3 849.2 2702.1 4
9 7 1178.8 2459.0 5
1 6 442.4 1841.0 2
5 3 541.7 1290.6 4
0 4 1397.5 2157.9 8
7 1 1543.3 3166.1 2
0 4 2429.2 3017.9 5
2 9 1452.8 3023.0 8
0 6 1294.5 3050.3 7
0 9 1785.8 2320.9 8
4 10 1690.9 2487.2 3
2 5 883.9 1995.8 2
1 10 1686.4 3253.8 6
7 10 2170.7 3102.2 4
2 10 1115.9 2889.0 2
3 8 812.9 1317.2 8
5 8 1714.6 3392.7 7
6 8 1163.6 1436.4 2
6 5 1044.8 2495.5 8
5 10 1728.0 2303.1 3
2 8 759.6 2086.8 6
8 9 29.6 1688.3 6
2 7 1676.6 1948.7 6
4 6 892.4 2748.2 4
5 8 1008.6 2486.9 2
9 8 2558.9 3360.2 5
3 1 601.8 1496.9 3
3 4 1327.8 3237.9 8
2 6 2553.2 2811.1 8
4 9 2125.0 3628.1 5
7 5 1055.2 2372.9 3
6 4 333.4 2009.1 5
7 3 1409.9 2717.7 4
5 10 250.2 1418.8 3
3 8 2302.6 3217.5 7
9 6 1718.2 3048.2 5
5 1 858.1 2773.9 8
8 4 2108.7 3031.5 4
0 5 747.9 2595.5 5
5 10 2371.1 3643.4 2
7 5 2315.1 4169.7 1
6 10 1960.8 3315.8 6
6 1 1758.5 3702.5 2
2 6 2543.8 2970.2 3
4 5 1732.1 3477.3 7
7 3 93.5 1524.0 8
0 4 632.2 1125.8 6
0 9 866.7 2474.0 7
4 10 1907.5 2596.7 4
2 1 1898.0 2466.6 7
1 10 270.4 1630.4 8
0 7 84.1 650.6 8
0 4 1736.9 2702.5 1
2 6 1678.4 3617.6 3
6 8 590.3 2312.8 3
7 9 121.3 1711.9 2
0 1 1380.2 1684.3 5
3 6 568.1 1954.0 2
5 1 1255.8 2778.6 1
1 8 1870.8 3058.0 3
7 5 2555.5 3522.8 6
3 2 1383.2 2337.4 3
2 5 2134.0 2622.9 6
4 2 908.7 1181.7 5
7 10 1363.0 1924.3 5
3 7 1202.5 1453.5 6
4 6 1478.4 1752.5 8
1 2 2325.6 4314.3 3
1 8 2221.6 3828.1 4
EOF
