NUM_STATIONS: 10
NUM_REQUESTS: 40
NUM_VEHICLES: 1
VEHICLE_CAPACITY: 2
DISTANCES
0 1 2.8
1 2 2.9
2 3 8.4
3 4 7.3
4 5 6.1
5 6 1.6
6 7 8.4
7 8 7.7
8 9 3.2
9 0 1.5
REQUEST_SECTION
4 8 56.0 764.4 1
3 10 153.2 683.2 1
6 4 518.9 698.0 2
1 6 116.0 531.0 1
0 4 406.6 473.7 1
5 3 532.8 1009.2 1
6 9 591.9 1028.0 2
1 10 267.5 873.8 1
1 9 362.7 540.2 1
0 6 46.8 112.5 2
6 9 227.1 500.9 2
5 6 241.4 365.3 2
9 3 72.8 143.8 2
6 2 179.5 785.0 1
9 3 644.0 1433.8 1
0 2 415.2 694.3 2
9 5 231.2 456.9 1
7 4 36.0 206.4 1
1 5 519.9 857.5 2
5 4 149.0 445.8 2
8 5 36.3 504.4 2
7 6 397.1 520.0 1
4 1 349.0 484.3 1
4 10 392.8 1097.8 2
7 5 475.8 1058.4 1
1 10 394.4 534.5 2
3 5 168.0 792.7 1
2 5 407.5 873.0 2
6 8 230.2 871.7 1
4 7 257.0 693.5 1
9 1 364.7 905.1 2
6 3 559.4 1109.0 2
8 9 639.1 946.8 2
6 3 415.8 1131.0 1
5 2 337.9 520.0 2
8 5 722.8 1230.7 1
7 9 297.1 395.5 1
5 4 700.4 1034.6 1
0 2 240.6 911.0 1
2 4 271.5 1010.6 2
EOF
