NUM_STATIONS: 10
NUM_REQUESTS: 80
NUM_VEHICLES: 1
VEHICLE_CAPACITY: 4
DISTANCES
0 1 8.0
1 2 8.3
2 3 3.5
3 4 6.0
4 5 1.1
5 6 2.5
6 7 5.2
7 8 7.5
8 9 5.8
9 0 8.4
REQUEST_SECTION
9 3 1403.8 1647.7 3
9 7 699.3 1515.5 4
9 1 944.7 1528.8 2
2 6 1665.7 2339.4 3
5 4 1132.0 1506.5 3
6 5 521.8 1187.5 1
3 2 352.4 1374.7 4
6 2 1048.5 1505.4 1
0 9 388.8 1525.8 2
3 8 213.6 900.2 4
1 2 8.0 415.0 2
9 2 42.0 1153.9 2
4 3 1201.5 1520.0 1
3 8 187.8 662.3 3
8 3 1620.1 1886.0 3
8 5 1503.8 1829.8 4
8 5 821.9 1967.2 2
0 3 463.0 1449.4 2
7 10 162.5 308.2 2
2 10 479.0 840.9 4
7 9 1665.1 2382.4 4
6 5 1313.2 2159.5 4
4 8 1182.8 1787.6 2
6 10 521.6 588.6 3
3 4 1058.2 1847.8 2
9 5 1333.0 1406.7 2
7 6 1415.3 2130.2 3
9 7 1519.8 2570.8 1
5 9 1529.0 2670.9 1
5 7 471.5 1107.6 1
6 1 892.9 1071.4 1
7 4 810.1 1619.3 4
2 8 376.8 951.0 2
9 1 1220.5 1772.1 2
4 1 654.9 1610.3 3
5 6 1188.1 1413.4 4
0 9 944.4 1649.0 4
8 2 298.0 536.7 3
6 3 154.2 628.7 2
6 9 1675.6 2160.1 1
9 7 954.7 1374.0 1
2 8 1199.9 2136.1 4
6 8 861.8 1486.2 3
5 2 150.3 1205.2 1
4 6 329.1 1271.4 3
4 9 1083.8 1454.0 2
4 9 1435.4 2370.7 2
9 8 600.5 1413.9 4
6 4 755.7 1116.3 1
8 6 949.4 1372.2 2
4 3 1092.4 1235.8 3
9 10 19.3 470.2 4
8 7 546.2 1498.3 2
7 1 1033.9 1459.5 1
1 3 1626.4 2095.7 2
6 3 103.8 449.2 4
8 3 998.3 1261.9 1
4 6 1649.5 2626.8 3
6 9 1040.9 1529.9 2
9 4 177.7 1229.8 3
7 8 757.7 1314.3 2
6 3 116.6 1038.5 2
7 5 1355.8 1583.1 2
9 3 1290.1 1890.0 4
1 9 1157.0 1962.0 4
8 1 641.3 1758.1 2
9 8 1588.1 2557.7 1
9 7 1575.0 1825.9 1
6 7 716.2 945.0 4
5 9 743.2 1754.4 1
1 5 150.4 1037.6 3
8 6 990.4 1505.7 2
2 1 91.9 179.1 2
1 7 1509.2 2044.1 3
4 6 1334.4 1858.1 3
0 3 593.3 800.8 4
1 10 731.3 1889.8 1
7 8 208.2 286.7 3
9 6 1103.5 1182.4 2
3 10 946.7 1564.2 1
EOF
