NUM_STATIONS: 10
NUM_REQUESTS: 80
NUM_VEHICLES: 3
VEHICLE_CAPACITY: 4
DISTANCES
0 1 9.9
1 2 5.8
2 3 2.8
3 4 4.2
4 5 8.2
5 6 9.6
6 7 7.3
7 8 4.0
8 9 8.9
9 0 4.1
REQUEST_SECTION
8 2 138.3 839.1 1
3 8 536.6 1049.5 1
0 4 561.9 1013.8 4
4 8 305.3 782.5 2
7 10 205.0 685.1 3
4 1 258.6 937.3 2
1 9 193.9 490.3 2
3 6 15.3 346.5 2
5 9 556.6 1197.3 3
9 5 406.8 863.9 4
1 7 344.4 618.9 4
7 3 185.6 710.1 1
9 7 8.8 310.5 1
1 6 33.9 503.8 3
5 3 611.5 1058.6 2
0 4 169.0 662.6 1
7 1 620.4 1249.3 3
0 4 253.0 688.6 3
2 9 462.2 1162.7 3
0 6 248.8 462.5 4
0 9 640.2 1296.0 4
4 10 535.5 1067.0 2
2 5 341.1 1008.6 4
1 10 574.7 716.0 3
7 10 529.4 1185.2 2
2 10 286.9 851.3 2
3 8 262.3 966.8 3
5 8 181.6 442.9 4
6 8 619.3 693.4 2
6 5 503.8 700.0 4
5 10 430.8 1106.8 1
2 8 635.5 827.6 3
8 9 149.3 562.6 3
2 7 315.3 540.5 3
4 6 646.2 1090.7 4
5 8 17.1 361.8 1
9 8 284.4 363.6 1
3 1 101.6 477.8 4
3 4 437.5 553.8 4
2 6 628.7 869.1 3
4 9 67.7 744.1 3
7 5 146.5 241.2 2
6 4 577.8 1271.9 4
7 3 541.0 1023.5 3
5 10 249.5 317.6 2
3 8 20.9 417.5 1
9 6 133.0 720.3 1
5 1 163.1 750.2 4
8 4 51.6 185.9 4
0 5 645.6 923.4 3
5 10 88.2 413.0 3
7 5 448.8 915.3 3
6 10 510.2 1152.4 4
6 1 589.4 1264.3 3
2 6 558.8 1086.0 2
4 5 533.5 905.8 3
7 3 102.4 773.3 4
0 4 242.9 630.9 4
0 9 31.8 317.1 1
4 10 0.8 592.9 1
2 1 200.8 640.7 1
1 10 227.9 431.5 4
0 7 534.9 1026.8 1
0 4 579.7 834.7 3
2 6 212.8 510.9 4
6 8 536.8 815.6 2
7 9 543.7 977.9 1
0 1 128.4 568.5 3
3 6 598.7 714.5 1
5 1 403.5 932.9 1
1 8 313.7 951.5 3
7 5 340.5 885.6 2
3 2 122.9 507.3 4
2 5 203.7 328.5 2
4 2 146.4 417.5 3
7 10 241.7 499.4 2
3 7 333.2 806.0 4
4 6 189.1 826.5 4
1 2 37.2 190.0 1
1 8 160.5 795.5 4
EOF
