NUM_STATIONS: 10
NUM_REQUESTS: 80
NUM_VEHICLES: 3
VEHICLE_CAPACITY: 2
DISTANCES
0 1 5.3
1 2 5.1
2 3 4.1
3 4 5.8
4 5 8.8
5 6 4.0
6 7 7.4
7 8 2.6
8 9 6.4
9 0 5.7
REQUEST_SECTION
7 4 146.4 385.5 1
7 1 284.7 488.8 1
9 2 311.3 482.6 2
2 9 377.5 679.1 2
6 10 66.5 475.9 1
0 9 198.5 485.9 2
6 8 529.2 768.7 2
2 3 222.2 443.4 2
4 7 37.6 317.2 1
1 4 337.9 681.0 1
5 9 442.3 553.9 2
7 1 290.4 389.3 2
5 3 242.3 451.1 1
4 10 38.4 362.7 2
0 1 530.2 720.9 1
8 9 123.6 357.5 2
8 2 437.5 723.0 2
8 4 506.5 794.2 2
1 5 240.7 662.6 2
5 3 459.1 614.0 1
8 2 136.6 422.1 1
3 6 243.8 382.9 1
5 4 468.0 531.9 2
7 9 546.9 631.3 1
3 5 74.9 440.4 1
7 8 430.8 813.9 2
0 8 318.3 390.4 2
9 2 463.1 584.8 1
1 6 397.6 634.1 2
4 7 224.4 510.2 2
0 7 261.1 316.3 2
5 7 72.9 324.7 2
4 7 96.9 340.0 2
1 6 190.7 515.2 2
0 9 359.9 658.9 1
8 9 338.6 407.7 1
2 5 296.2 552.8 2
1 10 435.2 626.6 2
3 2 173.2 256.3 1
9 6 280.4 502.1 1
7 8 487.9 665.6 1
6 8 88.6 414.7 1
6 3 33.3 250.4 1
0 6 240.0 299.5 1
1 6 236.7 392.1 1
0 7 128.5 210.6 1
6 3 381.2 667.1 1
3 2 349.0 450.7 1
8 10 410.6 692.5 2
6 3 225.6 358.2 1
9 8 518.3 885.7 2
1 6 447.3 581.2 2
3 2 480.6 554.2 2
2 5 406.2 791.8 2
6 1 60.4 341.1 1
9 4 266.3 347.9 2
7 9 269.9 335.9 2
1 2 421.8 702.1 2
8 4 48.2 303.8 1
3 7 63.8 409.9 2
1 8 491.2 817.5 1
3 5 457.9 534.8 1
6 4 394.5 513.9 1
5 9 524.7 829.8 1
4 3 540.0 955.6 2
1 8 480.9 579.7 2
0 9 532.2 689.4 2
9 5 464.8 571.4 2
2 9 548.6 923.2 1
6 2 200.0 411.0 2
9 1 494.5 868.5 1
9 3 510.3 931.7 2
5 2 110.4 402.5 1
8 10 248.6 413.9 1
3 7 481.1 696.7 1
7 5 279.1 422.1 1
0 5 130.0 360.2 1
6 1 505.8 664.0 2
7 1 546.1 793.4 2
3 9 539.7 822.9 2
EOF
