NUM_STATIONS: 10
NUM_REQUESTS: 20
NUM_VEHICLES: 3
VEHICLE_CAPACITY: 8
DISTANCES
0 1 10.0
1 2 3.1
2 3 7.4
3 4 2.1
4 5 5.5
5 6 6.0
6 7 3.5
7 8 7.1
8 9 7.6
9 0 5.4
REQUEST_SECTION
4 9 125.5 266.1 1
8 3 32.2 216.4 2
4 3 135.5 297.8 4
5 2 123.9 217.3 3
7 5 61.2 146.6 8
3 6 71.4 240.7 7
9 4 125.9 297.6 8
5 4 122.7 231.3 4
7 6 134.9 335.1 1
5 4 106.1 219.7 5
6 8 58.4 250.3 3
3 1 90.6 176.3 1
3 10 83.1 212.1 8
8 9 19.9 183.4 2
8 3 101.3 162.7 8
3 2 59.1 193.3 1
0 3 121.4 313.6 4
1 3 141.2 230.2 1
7 5 125.7 293.5 7
8 7 18.8 161.3 4
EOF
