NUM_STATIONS: 10
NUM_REQUESTS: 40
NUM_VEHICLES: 1
VEHICLE_CAPACITY: 2
DISTANCES
0 1 5.8
1 2 5.9
2 3 5.5
3 4 4.6
4 5 6.6
5 6 8.5
6 7 2.2
7 8 4.0
8 9 2.7
9 0 5.9
REQUEST_SECTION
5 3 685.8 1242.6 2
6 3 187.4 352.1 1
4 5 1021.8 1509.1 2
3 7 103.1 559.8 2
8 3 229.8 662.4 2
2 5 268.3 851.0 2
2 8 361.0 911.3 2
4 7 77.4 764.4 1
9 1 27.8 777.3 2
2 4 863.1 1490.8 2
1 10 254.0 665.7 1
7 2 942.1 1700.3 1
5 4 446.0 636.2 2
2 8 947.8 1435.6 2
2 5 146.7 245.1 1
8 3 236.8 888.3 2
6 2 15.1 129.3 1
9 5 804.3 1413.8 2
5 8 129.7 737.8 1
6 9 530.5 1283.4 1
3 2 423.3 721.4 1
7 2 458.2 1020.9 1
3 5 313.4 979.8 2
9 2 691.1 1264.6 1
9 5 272.2 857.9 1
5 3 312.8 1027.3 2
5 9 330.5 500.7 2
1 9 716.6 994.6 1
0 4 327.9 1024.9 2
3 5 878.4 1391.6 1
8 7 2.9 240.7 2
3 4 496.4 869.1 2
7 2 635.5 1157.4 1
9 8 564.4 920.2 2
4 6 136.4 782.0 1
2 3 767.5 1096.1 2
2 9 861.2 985.0 1
3 1 834.1 899.3 2
4 2 344.8 418.1 1
3 8 67.2 855.0 2
EOF
