NUM_STATIONS: 10
NUM_REQUESTS: 20
NUM_VEHICLES: 3
VEHICLE_CAPACITY: 4
DISTANCES
0 1 6.6
1 2 8.7
2 3 5.9
3 4 9.0
4 5 3.2
5 6 7.2
6 7 4.7
7 8 8.2
8 9 3.5
9 0 6.8
REQUEST_SECTION
3 5 22.0 145.9 2
1 7 53.4 172.8 2
4 5 149.4 271.9 3
0 6 38.8 104.5 1
1 7 4.7 105.4 1
6 7 33.6 172.1 1
0 8 26.0 179.6 2
1 4 70.6 240.3 4
0 5 138.0 229.6 4
6 1 96.6 201.6 2
0 8 144.5 249.5 3
8 2 73.8 173.6 1
8 2 156.8 296.1 3
4 1 20.6 188.2 4
4 7 53.6 118.1 4
5 10 65.1 231.4 3
7 3 46.0 132.4 1
6 2 42.9 115.8 3
0 8 151.4 275.8 4
5 8 145.5 315.1 2
EOF
