NUM_STATIONS: 10
NUM_REQUESTS: 80
NUM_VEHICLES: 1
VEHICLE_CAPACITY: 4
DISTANCES
0 1 5.3
1 2 5.1
2 3 4.1
3 4 5.8
4 5 8.8
5 6 4.0
6 7 7.4
7 8 2.6
8 9 6.4
9 0 5.7
REQUEST_SECTION
7 4 299.0 664.8 3
7 1 1155.8 2097.9 4
9 2 823.3 2407.6 2
2 9 22.4 453.5 3
6 10 1470.7 1979.6 4
0 9 1064.3 2022.5 4
6 8 937.5 1879.8 3
2 3 633.6 1556.3 3
4 7 1184.2 2582.0 2
1 4 742.6 1548.7 4
5 9 209.0 676.2 3
7 1 599.0 1287.8 1
5 3 530.2 1845.5 2
4 10 676.4 2137.6 4
0 1 1629.8 3145.0 3
8 9 1199.6 2513.5 2
8 2 1602.5 3126.7 3
8 4 878.4 2273.5 4
1 5 1040.8 2536.0 2
5 3 897.4 1553.1 4
8 2 1360.5 2910.6 3
3 6 171.6 548.3 2
5 4 509.7 2154.0 4
7 9 91.2 1796.9 1
3 5 1393.4 2671.6 2
7 8 1461.4 1637.0 1
0 8 1264.8 1407.6 3
9 2 297.1 477.1 4
1 6 543.8 2149.7 3
4 7 1520.9 2036.9 1
0 7 965.1 1268.2 1
5 7 1057.9 1457.7 4
4 7 128.7 472.9 3
1 6 1631.3 1824.4 1
0 9 263.3 1056.5 3
8 9 1187.8 2831.2 1
2 5 280.0 1823.1 4
1 10 1084.4 2784.1 4
3 2 489.0 1423.5 4
9 6 1051.1 2275.7 4
7 8 622.7 865.2 1
6 8 1628.2 2820.2 3
6 3 712.8 1963.3 1
0 6 916.0 1996.9 3
1 6 332.7 802.9 3
0 7 1381.7 1519.2 2
6 3 798.1 1716.2 4
3 2 342.2 1694.6 1
8 10 879.1 1285.1 3
6 3 1346.6 1995.4 2
9 8 530.5 911.1 3
1 6 251.8 1028.5 1
3 2 1540.0 2420.4 1
2 5 1386.4 2411.6 2
6 1 1430.9 2294.7 2
9 4 1077.5 1669.0 1
7 9 905.3 1769.5 1
1 2 542.9 1954.6 1
8 4 1341.2 2136.2 4
3 7 291.1 677.2 1
1 8 1065.2 2489.2 1
3 5 36.7 1441.7 3
6 4 1606.7 2294.2 2
5 9 876.2 1642.7 1
4 3 1266.7 2891.0 2
1 8 692.7 1862.8 2
0 9 423.1 2047.3 1
9 5 1010.0 2280.9 4
2 9 862.7 2107.7 2
6 2 1397.5 2508.1 3
9 1 431.7 1075.6 2
9 3 1297.1 1440.8 2
5 2 1641.5 2040.9 2
8 10 242.0 336.5 1
3 7 827.2 2028.6 3
7 5 1471.8 2396.2 1
0 5 1277.0 2290.5 3
6 1 1651.6 2145.9 2
7 1 409.9 1116.9 4
3 9 1437.3 2507.8 2
EOF
