NUM_STATIONS: 10
NUM_REQUESTS: 80
NUM_VEHICLES: 1
VEHICLE_CAPACITY: 8
DISTANCES
0 1 9.9
1 2 5.8
2 3 2.8
3 4 4.2
4 5 8.2
5 6 9.6
6 7 7.3
7 8 4.0
8 9 8.9
9 0 4.1
REQUEST_SECTION
8 2 1521.7 2566.1 1
3 8 1740.7 2997.4 5
0 4 1192.4 1584.1 7
4 8 508.6 2337.3 3
7 10 158.8 390.2 8
4 1 773.1 1274.1 4
1 9 1500.6 2772.4 4
3 6 775.3 1251.8 8
5 9 855.0 2691.5 5
9 5 140.4 717.9 1
1 7 1840.5 3376.1 3
7 3 800.3 2292.2 4
9 7 1457.4 2912.1 5
1 6 824.2 987.3 2
5 3 1317.3 2238.3 4
0 4 464.5 619.3 8
7 1 176.9 1805.4 2
0 4 1720.4 2257.5 5
2 9 241.5 1882.5 8
0 6 1236.1 2104.7 7
0 9 255.0 2001.6 8
4 10 712.6 1125.7 3
2 5 44.7 884.4 2
1 10 1519.3 3400.4 6
7 10 1231.6 2083.6 4
2 10 1836.0 3567.5 2
3 8 1490.5 3296.8 8
5 8 42.2 754.1 7
6 8 201.0 1871.2 2
6 5 1246.5 2326.6 8
5 10 1180.6 2251.1 3
2 8 1437.1 2236.4 6
8 9 1107.8 1370.0 6
2 7 718.7 2540.2 6
4 6 1946.2 2050.4 4
5 8 626.0 2449.8 2
9 8 898.3 1183.0 5
3 1 1898.1 2052.1 3
3 4 96.2 796.5 8
2 6 581.9 1576.6 8
4 9 1252.7 2434.1 5
7 5 796.5 2420.3 3
6 4 194.4 1763.8 5
7 3 1099.6 2501.4 4
5 10 1070.6 2307.0 3
3 8 72.5 1898.5 7
9 6 845.3 2847.5 5
5 1 1452.8 1599.2 8
8 4 894.5 2739.4 4
0 5 116.0 1572.1 5
5 10 214.5 1116.4 2
7 5 1345.4 2423.6 1
6 10 1729.4 3037.8 6
6 1 121.9 1261.9 2
2 6 1791.0 2725.0 3
4 5 158.0 1622.4 7
7 3 208.9 1751.2 8
0 4 1356.3 2737.6 6
0 9 904.5 1155.4 7
4 10 335.9 1652.2 4
2 1 1544.9 1953.9 7
1 10 920.8 2697.9 8
0 7 721.3 1746.5 8
0 4 1275.3 1565.6 1
2 6 1537.8 2399.2 3
6 8 1353.5 2804.6 3
7 9 1196.4 2859.3 2
0 1 1249.8 2904.5 5
3 6 13.7 1828.7 2
5 1 982.1 1689.3 1
1 8 1914.6 3840.5 3
7 5 1529.2 3411.4 6
3 2 862.2 2793.7 3
2 5 114.6 2063.5 6
4 2 1274.7 2753.3 5
7 10 996.5 1947.1 5
3 7 625.1 1347.5 6
4 6 1624.1 1750.8 8
1 2 1766.1 3366.4 3
1 8 754.5 973.5 4
EOF
