NUM_STATIONS: 10
NUM_REQUESTS: 40
NUM_VEHICLES: 3
VEHICLE_CAPACITY: 2
DISTANCES
0 1 5.8
1 2 5.9
2 3 5.5
3 4 4.6
4 5 6.6
5 6 8.5
6 7 2.2
7 8 4.0
8 9 2.7
9 0 5.9
REQUEST_SECTION
5 3 34.2 342.3 2
6 3 215.1 377.7 2
4 5 168.5 310.4 1
3 7 114.9 230.8 2
8 3 29.2 225.2 2
2 5 1.1 83.9 1
2 8 132.3 266.5 2
4 7 217.9 336.2 1
9 1 21.5 283.7 1
2 4 65.7 311.4 2
1 10 39.7 290.0 1
7 2 117.1 246.8 1
5 4 17.2 147.0 1
2 8 31.9 140.2 1
2 5 83.6 169.7 1
8 3 244.1 412.7 1
6 2 155.3 244.8 2
9 5 4.5 302.1 2
5 8 208.6 481.6 2
6 9 150.2 234.5 2
3 2 211.6 473.6 2
7 2 244.2 474.3 1
3 5 18.9 189.7 2
9 2 5.7 232.7 1
9 5 169.0 347.7 1
5 3 99.3 383.5 2
5 9 10.8 123.1 2
1 9 63.3 277.9 1
0 4 45.0 119.6 1
3 5 68.5 328.4 1
8 7 253.1 447.6 2
3 4 155.1 339.5 1
7 2 9.9 285.6 2
9 8 22.9 87.9 1
4 6 134.7 396.9 2
2 3 254.7 395.2 2
2 9 20.1 251.3 2
3 1 41.6 348.2 1
4 2 209.3 264.7 1
3 8 37.7 274.8 1
EOF
