NUM_STATIONS: 10
NUM_REQUESTS: 160
NUM_VEHICLES: 1
VEHICLE_CAPACITY: 8
DISTANCES
0 1 3.3
1 2 8.6
2 3 9.8
3 4 4.8
4 5 3.7
5 6 5.0
6 7 1.8
7 8 2.0
8 9 1.3
9 0 2.7
REQUEST_SECTION
9 3 2133.8 3322.4 1
8 4 610.2 2187.6 4
4 8 1551.2 3156.7 7
6 3 304.0 1006.5 7
8 2 950.4 1116.4 1
7 2 2231.3 3202.6 3
8 1 2537.9 3631.0 6
6 4 1351.2 2926.7 3
7 2 145.5 1047.5 2
2 6 79.6 801.1 6
3 7 2301.7 3094.1 8
8 4 1691.7 2027.8 5
0 8 132.8 497.2 5
8 10 285.8 1293.7 4
8 2 1401.4 1572.0 3
4 2 921.7 2626.4 6
3 5 2023.4 3173.4 4
5 7 2334.7 2666.2 2
3 7 2495.1 3907.6 2
7 4 1173.9 1270.8 5
6 7 1425.4 1978.2 4
3 7 2391.2 3026.9 4
5 2 1774.6 3282.3 4
4 7 2389.3 3243.7 7
3 5 2136.7 3631.8 2
1 3 1527.6 2439.6 1
9 10 2178.9 2893.7 4
3 6 362.6 2040.0 4
3 7 1164.8 1483.3 1
7 10 2076.4 2932.7 2
8 9 463.6 2129.1 2
3 9 2251.6 3030.0 3
4 7 542.8 2010.6 2
4 6 2301.4 3338.2 2
6 10 1668.4 3289.3 2
1 3 1033.4 2553.1 1
8 7 2514.3 2879.3 5
8 10 867.8 1458.2 4
2 1 216.4 307.7 3
5 1 656.3 1937.9 5
2 4 2455.4 4086.8 7
5 10 755.4 1924.6 8
8 6 1736.7 2093.6 3
5 2 2546.5 3657.3 7
6 2 323.7 580.3 5
5 4 974.4 2006.7 7
0 9 1725.4 3139.5 1
3 4 1551.6 3183.4 1
0 2 1337.6 2770.7 1
9 7 1693.6 3395.0 8
8 3 274.0 1971.8 4
1 4 2157.7 3380.8 5
3 1 985.7 2502.2 3
2 7 862.7 1663.3 3
3 10 2373.7 3200.8 3
2 4 314.8 1642.9 1
5 8 2130.7 2827.8 2
8 1 232.8 585.3 6
2 3 826.1 1003.5 4
6 8 788.1 1438.1 8
8 10 230.9 893.7 2
6 8 1427.8 2148.4 6
2 6 1723.1 2234.3 1
6 7 2525.3 2754.3 1
7 2 2419.7 3749.6 1
0 7 2261.4 3173.1 8
3 5 2189.3 3088.2 8
4 5 1408.5 2557.6 5
5 2 1058.4 2354.2 5
5 4 2210.6 3325.7 7
5 3 902.1 1485.9 2
3 10 1960.5 3421.8 5
6 7 892.7 1570.0 8
2 9 1552.1 2341.6 7
1 8 2454.0 3627.0 6
0 1 39.0 1508.2 2
2 9 2448.2 3161.6 7
9 5 504.7 670.6 2
6 5 1031.1 1568.0 7
3 7 11.4 1713.0 8
7 1 2267.2 2776.4 7
3 2 863.5 1051.5 3
2 7 2085.1 3566.0 4
1 8 188.1 1196.5 4
1 10 2521.3 3234.9 2
9 8 1059.1 1253.8 8
7 8 683.2 1572.8 7
2 7 2301.0 3663.9 4
6 1 703.9 1508.2 1
7 3 2537.8 2893.8 5
8 2 902.2 2142.8 1
2 6 1924.8 3044.8 8
8 6 737.2 2224.9 2
1 3 415.6 1730.9 6
9 5 88.8 1718.1 3
0 3 212.2 653.7 7
5 10 788.0 1388.1 4
7 3 1989.4 3189.8 4
5 10 1801.6 3438.0 8
6 2 1549.0 2184.7 4
6 8 1696.7 2561.1 1
8 5 2390.6 3683.4 4
0 2 1807.6 2675.0 2
9 5 1540.7 2111.2 2
8 3 1585.1 2353.7 4
4 9 2063.0 3743.7 3
4 9 672.7 772.3 2
1 6 1854.8 2879.0 5
9 4 1.3 618.4 3
9 6 486.3 2097.1 6
0 2 163.1 721.9 5
6 8 2391.1 3684.2 3
6 2 283.5 440.8 6
2 6 2026.3 3300.8 8
6 3 1036.8 1454.1 3
7 3 2167.5 2798.9 1
3 9 109.3 1109.1 1
6 10 1720.6 2630.2 4
3 2 537.8 984.8 1
9 1 490.9 1323.7 2
6 9 10.3 515.4 7
4 9 2296.6 3096.5 5
3 9 2037.6 2828.3 2
8 5 1544.7 1810.3 5
4 5 1837.9 2470.4 8
0 4 1974.2 3455.2 3
5 8 1743.5 2531.7 2
9 10 1121.2 2478.5 5
0 2 1273.5 2571.8 5
1 3 1781.1 2664.7 8
4 2 878.4 1824.8 3
4 3 2297.1 3588.8 6
0 1 312.3 2051.6 1
9 3 188.4 1610.6 4
5 6 546.6 696.0 4
4 9 249.1 1863.0 6
5 2 144.5 1835.5 2
0 6 676.7 2176.3 5
1 9 2003.5 2902.7 7
9 3 989.3 2358.8 1
4 10 364.4 552.7 1
2 7 40.9 1599.6 2
5 1 367.6 639.6 1
3 10 1375.3 2284.8 2
3 6 892.0 1817.6 7
2 4 1022.2 1887.3 1
0 4 2198.2 3838.5 8
0 8 309.5 1847.6 6
3 5 1713.3 3144.8 8
0 3 1667.6 3119.0 6
3 8 1036.5 1910.2 1
4 9 1877.4 2613.3 1
3 10 1963.5 2645.5 4
6 3 2433.0 2978.1 6
7 3 411.4 1315.2 7
6 10 710.6 1380.9 6
9 7 1161.8 1860.3 4
0 6 1412.2 3022.4 4
6 5 428.0 1944.2 3
7 4 224.7 840.8 3
EOF
