NUM_STATIONS: 10
NUM_REQUESTS: 20
NUM_VEHICLES: 3
VEHICLE_CAPACITY: 8
DISTANCES
0 1 6.6
1 2 8.7
2 3 5.9
3 4 9.0
4 5 3.2
5 6 7.2
6 7 4.7
7 8 8.2
8 9 3.5
9 0 6.8
REQUEST_SECTION
3 5 143.2 249.4 8
1 7 89.5 224.8 3
4 5 83.2 194.2 2
0 6 4.2 164.7 1
1 7 3.0 171.8 4
6 7 158.7 297.4 5
0 8 91.8 257.0 8
1 4 50.2 116.3 7
0 5 43.3 202.8 3
6 1 112.3 195.2 1
0 8 136.8 242.3 1
8 2 120.6 282.4 1
8 2 96.0 179.8 1
4 1 116.8 215.9 1
4 7 77.4 158.8 2
5 10 20.7 118.2 5
7 3 133.8 246.0 7
6 2 99.2 229.1 2
0 8 103.8 256.8 4
5 8 84.7 217.3 7
EOF
