NUM_STATIONS: 10
NUM_REQUESTS: 40
NUM_VEHICLES: 3
VEHICLE_CAPACITY: 8
DISTANCES
0 1 2.8
1 2 2.9
2 3 8.4
3 4 7.3
4 5 6.1
5 6 1.6
6 7 8.4
7 8 7.7
8 9 3.2
9 0 1.5
REQUEST_SECTION
4 8 31.0 172.7 3
3 10 225.4 397.8 1
6 4 301.2 500.1 1
1 6 105.3 276.4 2
0 4 145.2 212.0 1
5 3 123.7 237.4 3
6 9 172.1 253.8 8
1 10 230.3 428.0 1
1 9 295.5 435.7 2
0 6 285.0 480.5 8
6 9 19.7 223.3 1
5 6 63.0 278.6 3
9 3 232.6 437.0 1
6 2 190.5 257.9 1
9 3 78.2 268.6 5
0 2 323.8 426.3 7
9 5 255.6 386.3 2
7 4 23.6 197.5 2
1 5 7.4 59.7 4
5 4 299.8 379.5 8
8 5 139.4 238.5 1
7 6 313.0 443.2 4
4 1 331.9 515.8 3
4 10 166.6 219.8 4
7 5 95.6 249.1 3
1 10 288.3 480.2 7
3 5 267.1 407.8 5
2 5 29.0 84.8 4
6 8 114.9 306.7 2
4 7 264.1 434.7 7
9 1 238.2 413.9 5
6 3 0.3 128.9 5
8 9 15.5 74.7 4
6 3 78.8 193.5 5
5 2 121.8 178.5 3
8 5 322.9 462.3 6
7 9 196.3 275.4 6
5 4 232.5 330.0 8
0 2 187.1 333.5 5
2 4 201.9 406.3 2
EOF
