NUM_STATIONS: 10
NUM_REQUESTS: 20
NUM_VEHICLES: 1
VEHICLE_CAPACITY: 2
DISTANCES
0 1 5.2
1 2 3.6
2 3 9.0
3 4 5.2
4 5 4.6
5 6 6.8
6 7 9.5
7 8 9.5
8 9 7.9
9 0 8.3
REQUEST_SECTION
3 5 23.3 364.5 1
5 3 318.6 634.9 1
0 4 345.2 708.3 1
0 7 128.9 537.3 1
0 5 534.6 814.2 1
3 5 592.2 703.4 2
2 7 672.1 1057.9 2
4 5 572.0 922.5 1
7 10 224.9 613.0 1
4 5 382.6 598.4 1
9 5 675.5 1052.5 1
5 8 562.5 798.6 2
0 8 228.2 337.6 2
4 5 350.5 534.7 2
1 9 454.4 676.6 1
7 8 584.5 925.7 1
1 3 533.9 657.9 2
1 8 80.8 438.5 2
6 3 346.2 709.0 2
6 7 656.8 773.6 1
EOF
