NUM_STATIONS: 10
NUM_REQUESTS: 160
NUM_VEHICLES: 2
VEHICLE_CAPACITY: 1
DISTANCES
0 1 3.3
1 2 8.6
2 3 9.8
3 4 4.8
4 5 3.7
5 6 5.0
6 7 1.8
7 8 2.0
8 9 1.3
9 0 2.7
REQUEST_SECTION
9 3 867.2 1491.3 1
8 4 338.5 823.4 1
4 8 829.4 1440.6 1
6 3 1385.4 1443.0 1
8 2 1501.1 1629.9 1
7 2 1305.8 1396.4 1
8 1 1704.1 1958.1 1
6 4 347.9 1197.0 1
7 2 303.5 1024.7 1
2 6 781.7 835.6 1
3 7 1650.4 2505.9 1
8 4 1513.6 2152.2 1
0 8 77.6 324.1 1
8 10 1105.7 1867.6 1
8 2 653.3 1342.3 1
4 2 49.8 400.4 1
3 5 687.1 897.5 1
5 7 849.9 1504.0 1
3 7 1179.4 1585.4 1
7 4 189.3 450.8 1
6 7 106.2 884.7 1
3 7 845.9 1727.0 1
5 2 772.3 1215.7 1
4 7 1671.8 2316.5 1
3 5 821.1 1414.0 1
1 3 151.0 375.7 1
9 10 273.6 953.0 1
3 6 98.1 481.2 1
3 7 1033.8 1581.6 1
7 10 791.2 1618.0 1
8 9 271.0 894.6 1
3 9 1198.6 1595.0 1
4 7 1491.7 1886.8 1
4 6 730.7 1484.9 1
6 10 1185.1 1328.7 1
1 3 1066.0 1821.9 1
8 7 544.4 709.8 1
8 10 755.1 1553.6 1
2 1 145.7 870.9 1
5 1 852.5 897.2 1
2 4 1401.3 1813.9 1
5 10 1293.8 1974.0 1
8 6 68.8 488.0 1
5 2 1129.6 1521.6 1
6 2 767.1 1191.3 1
5 4 1169.6 1237.6 1
0 9 111.4 564.7 1
3 4 1601.5 1799.5 1
0 2 1664.1 2056.6 1
9 7 1698.8 1833.5 1
8 3 39.4 432.0 1
1 4 1031.1 1269.3 1
3 1 784.0 1478.5 1
2 7 731.1 1241.5 1
3 10 1384.9 2069.9 1
2 4 805.1 1688.9 1
5 8 26.0 878.7 1
8 1 603.4 798.1 1
2 3 255.3 859.2 1
6 8 151.6 865.9 1
8 10 1125.7 1868.0 1
6 8 895.1 1613.4 1
2 6 905.5 1057.2 1
6 7 133.6 934.4 1
7 2 497.5 1118.3 1
0 7 1672.5 2092.4 1
3 5 413.2 1198.7 1
4 5 1006.3 1114.5 1
5 2 1416.0 2253.4 1
5 4 97.1 486.8 1
5 3 966.9 1650.9 1
3 10 1501.7 2351.2 1
6 7 724.2 1089.2 1
2 9 948.2 1621.4 1
1 8 106.2 931.6 1
0 1 39.4 715.6 1
2 9 1442.9 1590.4 1
9 5 1672.3 2107.2 1
6 5 13.3 481.5 1
3 7 1288.7 2104.1 1
7 1 1619.5 1753.1 1
3 2 1620.6 1991.1 1
2 7 1606.3 2480.5 1
1 8 682.6 870.0 1
1 10 515.9 786.0 1
9 8 1226.5 1741.8 1
7 8 559.3 706.7 1
2 7 1683.4 2015.0 1
6 1 1584.8 1902.4 1
7 3 1397.3 1698.6 1
8 2 660.4 1256.1 1
2 6 724.8 1318.6 1
8 6 249.0 451.2 1
1 3 1406.1 2268.2 1
9 5 1697.9 2057.3 1
0 3 1480.0 2178.6 1
5 10 1005.2 1050.4 1
7 3 424.6 590.5 1
5 10 1259.6 1390.0 1
6 2 232.8 663.5 1
6 8 493.8 1222.3 1
8 5 980.9 1652.6 1
0 2 170.9 303.0 1
9 5 573.1 1282.9 1
8 3 1606.6 2320.7 1
4 9 644.7 1040.3 1
4 9 1297.9 1500.4 1
1 6 908.8 970.0 1
9 4 409.3 656.8 1
9 6 1051.8 1832.7 1
0 2 1.3 415.5 1
6 8 1027.6 1212.1 1
6 2 676.9 781.6 1
2 6 16.6 563.6 1
6 3 492.1 1006.5 1
7 3 311.2 381.9 1
3 9 1244.9 2116.7 1
6 10 984.3 1333.4 1
3 2 1576.5 2335.2 1
9 1 1300.0 1373.2 1
6 9 698.0 891.3 1
4 9 435.4 700.9 1
3 9 1452.1 2162.0 1
8 5 1486.5 2004.8 1
4 5 561.1 1390.1 1
0 4 1190.2 1580.7 1
5 8 1006.0 1291.1 1
9 10 732.8 1586.6 1
0 2 141.7 551.0 1
1 3 241.3 489.5 1
4 2 476.6 957.8 1
4 3 341.1 527.6 1
0 1 149.1 711.9 1
9 3 774.0 1229.7 1
5 6 1466.9 1822.2 1
4 9 625.3 694.2 1
5 2 1389.6 1700.4 1
0 6 426.7 1065.5 1
1 9 610.2 1142.7 1
9 3 409.9 524.0 1
4 10 251.7 522.8 1
2 7 314.9 766.8 1
5 1 573.6 973.8 1
3 10 166.3 305.9 1
3 6 1528.8 2076.7 1
2 4 569.2 847.2 1
0 4 726.9 844.8 1
0 8 227.7 505.7 1
3 5 633.3 1502.2 1
0 3 1225.1 1974.4 1
3 8 11.5 605.8 1
4 9 929.2 1695.0 1
3 10 272.0 673.2 1
6 3 1614.3 1850.4 1
7 3 25.0 598.6 1
6 10 1249.5 1805.7 1
9 7 1650.5 2321.5 1
0 6 1682.4 2258.3 1
6 5 1468.9 1720.2 1
7 4 1092.7 1839.1 1
EOF
