NUM_STATIONS: 10
NUM_REQUESTS: 160
NUM_VEHICLES: 2
VEHICLE_CAPACITY: 2
DISTANCES
0 1 6.3
1 2 1.5
2 3 7.8
3 4 9.8
4 5 9.9
5 6 6.9
6 7 1.6
7 8 5.2
8 9 2.2
9 0 6.8
REQUEST_SECTION
3 7 1269.6 2449.1 2
2 4 290.9 703.6 1
2 7 967.0 2390.4 1
7 4 1282.1 3060.5 2
4 10 580.9 1022.0 2
1 4 1081.6 1580.6 2
2 1 519.3 1437.9 2
5 9 1657.0 3153.2 2
7 3 1409.0 2338.0 2
0 7 1096.6 2478.6 2
0 3 1620.6 3195.0 1
0 5 1361.2 1591.6 1
0 3 1338.0 1554.2 1
8 4 90.6 359.4 2
3 4 607.6 2375.7 2
0 7 1327.0 3099.6 1
5 4 558.6 1885.6 1
9 8 827.9 1178.1 2
8 6 452.6 657.4 2
9 7 1719.4 2839.2 2
9 4 1494.5 3169.4 1
2 4 495.3 2245.9 2
9 3 1359.7 2860.1 2
9 5 855.2 2497.6 1
1 6 813.3 2177.9 1
9 4 608.0 2007.5 2
9 2 1153.2 2246.4 2
7 2 431.3 1570.4 1
3 9 1671.8 2938.9 2
1 2 598.8 679.9 2
5 6 233.1 1939.2 2
0 8 1397.8 2134.8 2
1 4 940.1 2254.4 2
8 3 1196.4 2197.0 2
0 1 658.0 1091.5 1
3 2 919.0 1003.6 2
9 8 142.0 891.4 1
0 9 190.1 1794.8 1
7 6 1093.0 1509.7 1
6 2 864.8 2330.0 1
2 3 76.3 413.6 1
2 3 1465.6 2750.2 2
2 8 1548.8 1656.0 1
7 3 1726.3 1929.9 2
5 1 8.2 1318.6 1
9 6 761.1 1355.5 2
0 2 505.9 660.5 2
5 2 1099.0 2497.4 2
0 4 1428.7 2480.4 2
0 1 359.9 1046.8 2
8 5 88.1 156.3 2
1 9 217.4 537.6 1
9 10 718.9 1897.0 2
9 10 503.0 1729.0 1
3 10 141.0 458.9 2
0 5 1132.2 2452.5 2
9 3 306.8 484.6 1
1 7 593.2 850.7 1
2 9 360.1 1531.6 1
2 9 1497.0 1901.0 1
2 7 26.1 214.4 1
5 1 1485.7 2745.9 1
6 4 25.6 1775.2 1
1 4 883.2 1976.7 1
5 3 5.6 74.3 2
2 5 164.8 1432.0 1
4 10 565.2 1604.0 1
0 6 1222.9 2140.6 2
3 2 1165.4 2038.0 2
6 1 1172.8 1265.8 2
6 1 503.1 1366.0 1
7 1 1375.8 2123.1 1
9 10 1579.8 2675.5 1
3 4 1278.6 2352.6 1
3 6 198.4 567.0 1
1 4 1487.9 1911.3 1
2 4 889.5 1733.1 1
6 9 1341.7 2925.9 1
3 7 710.0 1882.8 1
9 4 1474.9 3040.1 1
5 4 580.5 1575.9 2
0 3 118.5 1291.7 2
1 3 267.8 810.5 2
9 1 594.3 746.5 1
4 3 129.0 973.7 1
9 10 1339.6 2559.6 1
8 7 534.3 993.6 2
1 7 1585.7 1796.4 1
7 6 1196.7 2375.9 2
2 5 989.5 2312.1 2
0 2 30.5 1263.4 1
5 7 234.1 1844.2 1
3 7 729.1 1345.7 2
4 10 40.7 1167.3 2
5 10 832.6 1390.5 2
7 5 389.5 648.5 2
1 6 808.2 1667.5 2
7 1 870.9 1502.0 1
1 5 691.9 2180.5 1
6 8 484.0 1188.6 1
3 5 445.3 2170.6 2
9 7 1286.2 1999.4 1
4 9 167.1 1652.5 2
7 4 283.5 1383.4 2
4 9 646.8 2263.7 1
8 2 76.5 463.1 2
4 9 400.9 1226.5 2
2 1 23.9 1039.5 2
8 10 123.3 1811.7 1
5 1 176.9 1419.3 2
9 1 244.3 1031.7 1
0 4 635.9 1402.9 1
0 2 791.2 2320.0 2
6 1 732.7 2395.4 2
5 4 1430.2 1742.8 1
5 1 1575.6 2534.6 2
0 9 435.5 719.2 1
6 9 696.7 2392.2 2
6 5 911.3 2499.0 1
7 9 1484.5 1991.2 1
8 6 386.0 1861.9 2
1 6 32.6 1217.6 1
2 8 1690.7 1869.8 1
1 9 1677.1 1773.9 2
0 8 357.6 995.5 1
7 1 265.1 1865.9 1
3 9 373.2 1866.2 1
7 10 273.4 917.2 2
2 4 1339.0 2349.5 1
8 7 897.6 2019.5 2
7 1 171.3 1073.7 2
3 7 1343.7 1567.7 2
9 5 868.0 2479.1 1
0 8 397.7 779.6 1
9 3 632.4 1274.8 1
5 8 773.2 2442.9 2
1 3 1577.5 2761.0 1
1 9 11.4 1480.8 1
5 9 636.9 1451.9 1
2 5 1063.6 2299.2 1
8 3 1683.8 2309.2 1
1 8 1702.9 1887.5 1
6 9 743.9 1799.0 1
0 9 1114.5 1223.4 1
4 7 487.1 898.5 2
2 8 220.5 1359.6 2
1 6 1403.0 2076.2 2
1 10 1015.9 1489.3 2
0 5 1478.4 3193.4 2
3 9 617.5 2362.0 2
5 9 513.9 1269.9 1
4 5 968.1 2758.1 2
7 1 869.8 1655.5 1
9 1 309.4 1095.8 2
4 10 775.2 2038.9 1
6 1 1287.7 2064.0 1
7 3 1580.0 2529.3 2
3 8 68.0 320.6 2
0 9 717.6 802.2 2
5 3 21.7 328.5 1
EOF
