NUM_STATIONS: 10
NUM_REQUESTS: 40
NUM_VEHICLES: 1
VEHICLE_CAPACITY: 2
DISTANCES
0 1 3.4
1 2 6.2
2 3 7.9
3 4 7.1
4 5 5.2
5 6 1.5
6 7 5.2
7 8 1.2
8 9 5.0
9 0 2.1
REQUEST_SECTION
3 7 293.8 431.7 1
4 5 275.3 335.2 2
4 5 498.3 568.8 1
2 9 286.6 696.9 1
4 6 211.1 456.9 1
2 7 273.4 334.1 2
2 4 75.4 262.8 1
5 6 611.0 772.2 2
4 1 353.5 515.0 2
0 7 663.2 1111.1 1
6 3 546.4 784.7 2
0 2 55.2 351.5 2
9 3 342.8 831.9 1
7 6 284.1 446.4 2
7 5 25.2 235.3 2
3 7 545.2 618.4 1
4 2 695.3 794.6 1
0 9 883.1 982.6 1
2 3 659.2 1015.5 1
2 9 285.6 648.8 1
0 4 854.9 1277.1 2
2 10 145.3 294.7 2
2 6 457.9 943.0 2
8 4 708.4 1091.0 2
3 7 21.0 200.9 1
0 1 39.8 131.8 2
7 1 437.0 860.4 1
8 4 117.9 188.2 2
0 3 771.5 1009.0 1
9 7 73.6 399.6 2
0 4 248.0 559.2 2
7 2 863.3 925.0 2
8 6 276.3 513.8 2
4 10 495.6 689.3 1
9 6 180.3 462.4 1
1 5 524.4 677.4 1
4 2 404.2 835.9 1
3 5 245.4 407.6 2
9 7 591.3 1015.1 2
5 7 201.6 482.9 2
EOF
