NUM_STATIONS: 10
NUM_REQUESTS: 20
NUM_VEHICLES: 2
VEHICLE_CAPACITY: 4
DISTANCES
0 1 5.2
1 2 3.6
2 3 9.0
3 4 5.2
4 5 4.6
5 6 6.8
6 7 9.5
7 8 9.5
8 9 7.9
9 0 8.3
REQUEST_SECTION
3 5 220.8 500.1 2
5 3 39.4 359.2 4
0 4 322.3 530.7 3
0 7 221.7 476.1 3
0 5 130.2 232.0 4
3 5 340.3 557.3 4
2 7 167.3 453.7 3
4 5 210.6 527.0 3
7 10 6.9 273.2 2
4 5 157.2 449.6 1
9 5 27.9 316.3 3
5 8 188.9 288.5 1
0 8 339.3 479.4 3
4 5 156.2 264.7 1
1 9 193.2 435.3 3
7 8 117.5 430.5 1
1 3 331.1 647.9 2
1 8 319.0 467.2 3
6 3 97.9 270.1 3
6 7 12.6 150.5 4
EOF
