NUM_STATIONS: 10
NUM_REQUESTS: 80
NUM_VEHICLES: 1
VEHICLE_CAPACITY: 8
DISTANCES
0 1 9.9
1 2 5.8
2 3 2.8
3 4 4.2
4 5 8.2
5 6 9.6
6 7 7.3
7 8 4.0
8 9 8.9
9 0 4.1
REQUEST_SECTION
8 2 2411.0 3706.9 1
3 8 1772.1 2528.0 5
0 4 58.1 549.7 7
4 8 2294.8 3506.3 3
7 10 387.1 828.1 8
4 1 899.6 1414.7 4
1 9 1349.3 2615.9 4
3 6 265.0 840.0 8
5 9 1413.2 1545.6 5
9 5 129.1 1190.7 1
1 7 395.2 1599.9 3
7 3 224.4 1238.4 4
9 7 540.4 1091.1 5
1 6 254.4 1241.1 2
5 3 1760.8 2350.3 4
0 4 1864.3 2769.9 8
7 1 1831.7 2046.8 2
0 4 668.8 1813.3 5
2 9 655.0 1562.8 8
0 6 1876.4 2566.2 7
0 9 1196.4 2138.7 8
4 10 796.0 2002.5 3
2 5 1009.1 2128.8 2
1 10 744.6 1223.0 6
7 10 733.9 1357.8 4
2 10 1847.1 2771.7 2
3 8 98.7 1335.3 8
5 8 2063.9 3139.6 7
6 8 13.7 1122.0 2
6 5 1104.8 2013.0 8
5 10 2073.6 2289.1 3
2 8 1791.5 2404.9 6
8 9 673.9 1977.7 6
2 7 2125.6 2439.9 6
4 6 631.9 1791.9 4
5 8 1208.7 2301.3 2
9 8 949.7 1137.6 5
3 1 1878.0 2426.4 3
3 4 995.2 1440.6 8
2 6 2018.5 2165.2 8
4 9 921.8 1551.0 5
7 5 1594.5 2274.9 3
6 4 632.9 1672.9 5
7 3 1767.6 2274.2 4
5 10 292.9 1321.0 3
3 8 2355.7 2526.3 7
9 6 1493.8 2149.0 5
5 1 2585.8 3375.1 8
8 4 1686.8 2450.0 4
0 5 999.3 2107.2 5
5 10 1773.7 1969.1 2
7 5 2061.1 2152.0 1
6 10 1279.6 2530.7 6
6 1 1945.9 2811.7 2
2 6 1001.0 2328.4 3
4 5 29.9 823.3 7
7 3 543.8 1867.4 8
0 4 765.3 1927.0 6
0 9 250.1 1212.9 7
4 10 496.0 985.5 4
2 1 127.3 1338.8 7
1 10 1848.1 2886.0 8
0 7 80.2 926.0 8
0 4 880.5 1192.4 1
2 6 1853.5 2698.1 3
6 8 23.6 1072.3 3
7 9 1398.6 2460.7 2
0 1 2386.4 3466.6 5
3 6 651.2 913.5 2
5 1 1480.2 1943.9 1
1 8 1451.2 2306.5 3
7 5 2496.4 2758.0 6
3 2 196.7 1033.8 3
2 5 834.3 1315.1 6
4 2 531.8 788.4 5
7 10 789.8 926.4 5
3 7 296.8 1110.5 6
4 6 102.8 557.9 8
1 2 1221.2 2447.9 3
1 8 2484.9 3671.1 4
EOF
