NUM_STATIONS: 10
NUM_REQUESTS: 40
NUM_VEHICLES: 1
VEHICLE_CAPACITY: 8
DISTANCES
0 1 3.4
1 2 6.2
2 3 7.9
3 4 7.1
4 5 5.2
5 6 1.5
6 7 5.2
7 8 1.2
8 9 5.0
9 0 2.1
REQUEST_SECTION
3 7 856.0 1252.5 4
4 5 294.6 453.6 1
4 5 329.7 458.0 3
2 9 236.8 691.3 3
4 6 317.2 458.4 1
2 7 482.4 546.3 1
2 4 22.0 226.1 2
5 6 687.9 771.4 8
4 1 559.2 855.3 1
0 7 460.1 778.1 7
6 3 209.2 612.9 4
0 2 678.7 938.4 7
9 3 278.0 337.0 3
7 6 123.8 525.1 8
7 5 18.3 442.5 1
3 7 72.1 165.7 1
4 2 649.7 979.2 4
0 9 453.4 913.0 6
2 3 506.3 760.1 8
2 9 229.1 310.9 1
0 4 457.8 743.8 2
2 10 791.4 1259.1 2
2 6 737.6 980.5 4
8 4 1.2 70.3 5
3 7 274.5 331.7 6
0 1 704.9 824.6 6
7 1 232.3 345.9 5
8 4 779.3 951.4 2
0 3 494.0 588.6 2
9 7 170.6 510.0 1
0 4 633.3 1118.2 4
7 2 26.5 220.5 8
8 6 371.5 749.6 4
4 10 766.5 918.7 3
9 6 329.0 534.4 4
1 5 127.8 341.3 8
4 2 752.2 1099.9 1
3 5 713.9 810.5 3
9 7 815.7 1041.3 5
5 7 358.0 469.4 3
EOF
