NUM_STATIONS: 10
NUM_REQUESTS: 80
NUM_VEHICLES: 2
VEHICLE_CAPACITY: 1
DISTANCES
0 1 5.3
1 2 5.1
2 3 4.1
3 4 5.8
4 5 8.8
5 6 4.0
6 7 7.4
7 8 2.6
8 9 6.4
9 0 5.7
REQUEST_SECTION
7 4 925.7 1001.0 1
7 1 491.1 601.7 1
9 2 395.7 892.8 1
2 9 717.5 1081.4 1
6 10 1085.3 1248.8 1
0 9 857.0 1393.0 1
6 8 124.5 284.1 1
2 3 1051.8 1121.3 1
4 7 168.4 734.9 1
1 4 112.8 538.5 1
5 9 440.2 638.6 1
7 1 1087.3 1193.1 1
5 3 863.7 1249.0 1
4 10 266.5 461.1 1
0 1 321.0 817.2 1
8 9 415.2 969.9 1
8 2 359.2 516.7 1
8 4 351.7 458.5 1
1 5 887.6 1156.6 1
5 3 558.7 1155.1 1
8 2 293.0 440.0 1
3 6 80.5 384.4 1
5 4 829.4 1350.7 1
7 9 159.5 382.1 1
3 5 872.6 1227.0 1
7 8 879.7 1231.2 1
0 8 229.1 740.5 1
9 2 763.6 1132.4 1
1 6 86.9 684.7 1
4 7 1008.6 1513.7 1
0 7 670.8 1014.3 1
5 7 80.6 440.7 1
4 7 216.3 325.2 1
1 6 174.6 468.5 1
0 9 528.6 853.3 1
8 9 247.2 630.7 1
2 5 711.8 1216.6 1
1 10 432.8 907.6 1
3 2 856.4 1247.2 1
9 6 260.5 433.6 1
7 8 574.4 1141.7 1
6 8 63.6 165.2 1
6 3 952.5 1103.2 1
0 6 112.0 630.2 1
1 6 321.3 773.2 1
0 7 254.3 523.6 1
6 3 119.1 222.0 1
3 2 103.7 538.2 1
8 10 235.0 694.9 1
6 3 353.8 572.5 1
9 8 110.2 275.3 1
1 6 852.2 1314.1 1
3 2 401.5 831.5 1
2 5 423.5 541.5 1
6 1 558.5 1036.1 1
9 4 677.5 1201.6 1
7 9 336.6 635.5 1
1 2 71.7 129.5 1
8 4 597.1 668.5 1
3 7 287.9 347.7 1
1 8 401.1 582.9 1
3 5 178.6 395.6 1
6 4 68.7 629.9 1
5 9 444.1 869.6 1
4 3 600.3 1120.4 1
1 8 904.5 1451.3 1
0 9 321.3 867.9 1
9 5 311.3 519.4 1
2 9 72.4 168.6 1
6 2 386.2 908.9 1
9 1 185.6 730.3 1
9 3 905.3 1424.2 1
5 2 568.4 743.3 1
8 10 730.0 797.8 1
3 7 350.7 632.1 1
7 5 416.1 860.3 1
0 5 709.6 1161.3 1
6 1 375.1 919.8 1
7 1 717.8 1175.2 1
3 9 131.9 405.6 1
EOF
