NUM_STATIONS: 10
NUM_REQUESTS: 20
NUM_VEHICLES: 3
VEHICLE_CAPACITY: 2
DISTANCES
0 1 8.3
1 2 2.5
2 3 8.9
3 4 6.4
4 5 8.5
5 6 5.9
6 7 7.6
7 8 9.1
8 9 7.1
9 0 6.5
REQUEST_SECTION
4 1 19.5 199.3 1
9 3 199.4 321.8 2
9 10 39.6 211.3 1
7 2 176.0 269.1 2
9 1 138.6 375.3 1
4 2 132.2 297.4 1
1 10 0.3 109.8 2
1 5 203.4 289.6 1
5 7 73.3 205.4 1
6 7 99.3 214.0 2
2 1 75.2 295.1 2
0 3 90.9 328.3 2
8 5 149.6 260.6 2
0 6 156.6 323.0 2
3 2 82.4 172.0 2
1 2 67.4 298.7 1
0 9 123.8 343.8 1
2 5 4.5 192.7 1
2 1 3.5 112.1 2
9 8 7.2 137.5 1
EOF
