NUM_STATIONS: 10
NUM_REQUESTS: 40
NUM_VEHICLES: 1
VEHICLE_CAPACITY: 4
DISTANCES
0 1 5.5
1 2 7.8
2 3 7.1
3 4 4.8
4 5 4.5
5 6 3.9
6 7 2.7
7 8 6.4
8 9 8.5
9 0 7.6
REQUEST_SECTION
8 7 972.6 1773.1 2
8 6 641.1 849.2 1
7 5 822.0 1425.9 2
5 10 798.1 1275.1 1
6 9 436.5 1111.7 4
3 4 669.2 865.8 2
4 2 24.2 479.8 2
5 3 1095.0 1271.1 2
5 10 194.0 1102.1 2
2 9 22.5 569.3 2
2 8 209.9 416.4 2
0 7 523.4 1369.5 1
4 5 147.7 1004.4 4
3 9 31.3 208.7 1
5 7 399.0 1214.8 3
8 4 231.7 344.1 2
9 8 756.6 1250.6 1
2 10 294.8 549.4 3
4 7 728.6 1567.5 1
4 10 1168.2 1722.6 2
7 2 971.7 1631.4 2
3 5 22.2 317.6 4
1 9 461.3 1369.5 2
9 8 222.7 1033.9 3
5 1 1005.0 1349.6 3
5 3 691.8 785.9 4
5 8 828.4 1680.6 3
5 6 575.3 993.6 1
0 1 558.4 1234.4 4
5 2 655.0 1093.9 1
5 3 987.6 1868.0 2
1 10 1100.2 1900.1 3
2 4 713.8 1378.5 3
8 3 431.4 1295.6 1
5 7 1158.9 1838.8 4
1 10 1148.8 1807.3 4
5 1 111.7 642.7 1
2 6 1121.1 1708.2 3
7 5 47.2 867.1 4
8 7 792.7 1494.6 3
EOF
