NUM_STATIONS: 10
NUM_REQUESTS: 40
NUM_VEHICLES: 3
VEHICLE_CAPACITY: 2
DISTANCES
0 1 5.5
1 2 7.8
2 3 7.1
3 4 4.8
4 5 4.5
5 6 3.9
6 7 2.7
7 8 6.4
8 9 8.5
9 0 7.6
REQUEST_SECTION
8 7 216.2 298.9 1
8 6 215.0 455.8 1
7 5 286.5 516.6 1
5 10 30.7 269.9 1
6 9 35.6 214.3 2
3 4 158.4 356.1 1
4 2 109.6 347.5 1
5 3 292.1 506.5 2
5 10 66.5 204.1 1
2 9 65.2 279.9 1
2 8 164.1 364.0 2
0 7 93.4 236.5 1
4 5 160.8 375.6 2
3 9 84.8 303.6 2
5 7 143.0 344.9 2
8 4 242.2 322.0 2
9 8 3.4 192.9 2
2 10 182.2 299.0 2
4 7 85.2 267.6 2
4 10 201.2 371.8 1
7 2 76.9 319.2 2
3 5 198.5 434.0 2
1 9 109.4 256.9 1
9 8 40.2 280.2 2
5 1 116.8 330.0 2
5 3 11.9 206.2 2
5 8 50.1 241.5 2
5 6 49.6 198.5 1
0 1 63.2 176.8 2
5 2 230.7 459.7 2
5 3 268.2 387.8 2
1 10 276.3 388.4 1
2 4 169.5 348.4 1
8 3 186.1 290.1 2
5 7 75.0 210.8 2
1 10 47.3 112.4 2
5 1 0.5 210.4 2
2 6 100.3 320.7 1
7 5 22.3 262.9 1
8 7 33.3 232.4 2
EOF
