NUM_STATIONS: 10
NUM_REQUESTS: 40
NUM_VEHICLES: 1
VEHICLE_CAPACITY: 2
DISTANCES
0 1 5.8
1 2 5.9
2 3 5.5
3 4 4.6
4 5 6.6
5 6 8.5
6 7 2.2
7 8 4.0
8 9 2.7
9 0 5.9
REQUEST_SECTION
5 3 76.2 163.9 2
6 3 481.1 1153.6 1
4 5 442.7 1087.2 2
3 7 666.9 1088.5 2
8 3 477.7 1016.2 2
2 5 474.8 666.6 2
2 8 517.2 1242.2 2
4 7 61.2 198.0 1
9 1 169.4 401.5 2
2 4 646.7 1163.5 2
1 10 450.0 763.5 1
7 2 680.1 1197.2 1
5 4 445.5 663.2 2
2 8 104.0 764.1 2
2 5 251.5 735.0 1
8 3 638.2 752.0 2
6 2 617.8 1230.8 1
9 5 458.9 1199.5 2
5 8 198.1 256.1 1
6 9 635.5 1304.0 1
3 2 211.3 430.2 1
7 2 7.3 80.5 1
3 5 362.4 480.0 2
9 2 509.3 917.2 1
9 5 479.9 974.9 1
5 3 404.3 796.8 2
5 9 241.4 708.7 2
1 9 532.9 755.3 1
0 4 596.1 1314.6 2
3 5 260.7 522.8 1
8 7 30.5 493.4 2
3 4 486.2 740.9 2
7 2 135.5 738.8 1
9 8 462.6 1279.5 2
4 6 445.4 767.5 1
2 3 373.3 445.0 2
2 9 109.6 412.1 1
3 1 287.4 652.7 2
4 2 315.0 909.2 1
3 8 461.8 558.3 2
EOF
