NUM_STATIONS: 10
NUM_REQUESTS: 20
NUM_VEHICLES: 3
VEHICLE_CAPACITY: 2
DISTANCES
0 1 10.0
1 2 3.1
2 3 7.4
3 4 2.1
4 5 5.5
5 6 6.0
6 7 3.5
7 8 7.1
8 9 7.6
9 0 5.4
REQUEST_SECTION
4 9 145.6 228.1 1
8 3 63.1 241.8 2
4 3 59.2 203.9 1
5 2 0.1 96.2 2
7 5 128.2 278.1 1
3 6 84.6 240.8 1
9 4 22.6 153.6 2
5 4 36.4 131.7 2
7 6 37.9 229.4 2
5 4 125.6 276.9 1
6 8 175.5 311.5 2
3 1 72.6 161.2 1
3 10 115.5 242.3 1
8 9 11.9 94.2 2
8 3 41.6 189.3 2
3 2 58.2 180.9 2
0 3 57.7 235.6 1
1 3 117.8 286.6 1
7 5 82.6 240.4 2
8 7 145.1 312.8 1
EOF
