NUM_STATIONS: 10
NUM_REQUESTS: 40
NUM_VEHICLES: 2
VEHICLE_CAPACITY: 4
DISTANCES
0 1 5.5
1 2 7.8
2 3 7.1
3 4 4.8
4 5 4.5
5 6 3.9
6 7 2.7
7 8 6.4
8 9 8.5
9 0 7.6
REQUEST_SECTION
8 7 93.2 340.4 3
8 6 375.9 647.1 3
7 5 216.3 401.7 2
5 10 381.0 715.8 3
6 9 61.9 184.1 4
3 4 407.4 604.0 3
4 2 182.8 520.1 4
5 3 355.9 449.3 1
5 10 119.2 265.6 3
2 9 216.3 307.1 2
2 8 139.3 434.9 2
0 7 337.7 589.1 3
4 5 235.0 434.8 2
3 9 121.3 352.7 1
5 7 203.6 361.5 2
8 4 320.4 487.7 3
9 8 251.8 478.7 4
2 10 141.3 321.4 2
4 7 118.0 390.2 4
4 10 253.0 478.8 1
7 2 24.1 92.6 3
3 5 246.6 540.1 1
1 9 205.3 517.6 4
9 8 190.4 517.6 3
5 1 21.6 143.7 3
5 3 377.7 562.6 1
5 8 256.6 404.9 3
5 6 66.7 370.9 4
0 1 241.2 353.9 3
5 2 437.6 604.6 3
5 3 16.1 174.6 3
1 10 287.8 453.6 3
2 4 325.0 463.8 4
8 3 243.6 384.2 2
5 7 315.1 557.7 1
1 10 160.1 432.2 3
5 1 45.9 149.4 4
2 6 84.4 285.5 3
7 5 173.7 336.4 2
8 7 187.7 408.2 1
EOF
