NUM_STATIONS: 10
NUM_REQUESTS: 80
NUM_VEHICLES: 3
VEHICLE_CAPACITY: 2
DISTANCES
0 1 9.9
1 2 5.8
2 3 2.8
3 4 4.2
4 5 8.2
5 6 9.6
6 7 7.3
7 8 4.0
8 9 8.9
9 0 4.1
REQUEST_SECTION
8 2 548.0 719.1 1
3 8 368.7 460.1 1
0 4 377.3 738.9 1
4 8 427.5 916.0 1
7 10 147.3 492.6 1
4 1 253.4 696.9 1
1 9 334.2 663.5 1
3 6 536.7 851.9 2
5 9 640.5 747.7 1
9 5 270.5 565.6 1
1 7 138.9 220.4 2
7 3 482.4 903.5 1
9 7 507.1 903.0 2
1 6 185.9 541.7 1
5 3 628.9 924.0 2
0 4 481.1 793.3 2
7 1 199.5 640.2 1
0 4 43.1 204.4 2
2 9 613.2 948.1 2
0 6 457.9 863.1 1
0 9 533.9 810.1 1
4 10 168.1 342.2 2
2 5 374.3 447.1 1
1 10 416.1 784.7 1
7 10 275.4 379.6 1
2 10 192.3 411.9 2
3 8 538.2 683.7 2
5 8 503.2 738.6 1
6 8 611.4 782.7 1
6 5 481.4 952.5 1
5 10 270.3 364.9 1
2 8 427.6 643.8 2
8 9 495.7 776.9 1
2 7 591.7 744.5 1
4 6 380.2 495.4 1
5 8 157.5 271.7 2
9 8 302.7 748.3 1
3 1 93.2 263.3 1
3 4 353.1 578.8 2
2 6 253.6 590.4 2
4 9 371.4 864.4 1
7 5 276.6 351.5 2
6 4 87.2 507.9 1
7 3 519.6 730.5 1
5 10 185.2 324.3 1
3 8 390.2 730.0 2
9 6 550.7 935.8 2
5 1 520.6 876.1 1
8 4 360.3 730.6 2
0 5 568.3 914.5 1
5 10 497.7 659.3 1
7 5 2.0 493.1 1
6 10 193.2 474.6 1
6 1 547.0 1011.0 2
2 6 345.5 699.8 1
4 5 162.2 467.4 1
7 3 88.4 267.4 1
0 4 483.5 843.6 2
0 9 607.9 835.0 2
4 10 561.4 944.2 1
2 1 316.2 646.4 1
1 10 121.8 301.0 2
0 7 142.1 215.7 2
0 4 416.8 845.0 2
2 6 225.1 326.4 2
6 8 20.2 220.4 1
7 9 441.2 597.2 2
0 1 366.8 813.7 2
3 6 403.1 698.0 1
5 1 435.1 851.1 1
1 8 442.6 867.6 1
7 5 459.3 842.6 2
3 2 217.1 653.9 1
2 5 277.3 678.2 2
4 2 427.1 672.1 1
7 10 192.5 611.3 2
3 7 373.0 688.4 1
4 6 181.1 662.7 2
1 2 128.6 300.9 2
1 8 261.8 716.6 1
EOF
