NUM_STATIONS: 10
NUM_REQUESTS: 160
NUM_VEHICLES: 1
VEHICLE_CAPACITY: 8
DISTANCES
0 1 6.3
1 2 1.5
2 3 7.8
3 4 9.8
4 5 9.9
5 6 6.9
6 7 1.6
7 8 5.2
8 9 2.2
9 0 6.8
REQUEST_SECTION
3 7 1137.8 1444.4 5
2 4 1885.4 4061.1 7
2 7 1537.7 2516.5 3
7 4 1930.3 3799.7 8
4 10 3007.4 4876.0 8
1 4 3045.4 4871.1 7
2 1 323.6 1165.3 3
5 9 1588.2 3805.3 5
7 3 2402.8 4671.4 6
0 7 2701.2 4134.6 2
0 3 912.2 1403.1 3
0 5 1926.9 4022.1 2
0 3 728.4 2842.5 5
8 4 2089.6 2358.8 7
3 4 506.8 1873.3 2
0 7 2508.2 4466.0 8
5 4 1402.3 1581.6 3
9 8 2119.0 3806.0 1
8 6 1238.5 3562.7 8
9 7 688.5 1356.4 5
9 4 1870.2 3994.9 8
2 4 1853.9 2633.9 5
9 3 2767.6 2983.5 1
9 5 2073.6 3060.7 3
1 6 693.2 2083.0 6
9 4 788.0 2380.3 2
9 2 550.9 2901.6 5
7 2 3376.4 4012.2 5
3 9 1324.0 2844.4 8
1 2 7.3 1744.9 8
5 6 104.2 2423.1 7
0 8 2831.0 3016.5 7
1 4 2890.7 4711.5 8
8 3 2572.6 4360.9 4
0 1 161.7 1942.5 4
3 2 1067.1 3245.2 6
9 8 1375.7 3043.2 5
0 9 1261.6 1752.2 3
7 6 317.0 2173.4 6
6 2 2345.8 2589.4 6
2 3 1952.2 3026.9 3
2 3 2734.7 3416.7 5
2 8 3450.3 3751.6 8
7 3 3427.1 5660.9 3
5 1 3206.5 4996.2 5
9 6 3160.9 4050.6 4
0 2 2388.1 4040.6 4
5 2 857.0 1132.0 3
0 4 2743.9 3177.0 8
0 1 2661.0 4787.8 6
8 5 1163.8 3430.2 3
1 9 462.7 1844.2 2
9 10 2310.9 3482.2 1
9 10 1453.3 1678.5 7
3 10 1146.4 2671.3 3
0 5 666.2 2026.9 5
9 3 2753.0 5055.6 1
1 7 2397.7 2581.2 3
2 9 2407.4 3540.7 8
2 9 3027.6 4755.7 4
2 7 1754.2 2243.6 6
5 1 1118.4 3099.9 3
6 4 2809.1 4820.7 3
1 4 738.6 1839.2 2
5 3 2080.4 3910.3 6
2 5 2322.6 3625.8 5
4 10 3409.2 3566.9 7
0 6 1961.9 2406.2 7
3 2 1498.8 3774.9 7
6 1 1723.0 2756.3 1
6 1 2667.9 2931.5 5
7 1 443.1 502.9 8
9 10 3428.7 4282.4 2
3 4 31.7 417.4 2
3 6 1975.0 4025.8 6
1 4 2507.9 4665.2 5
2 4 2088.4 3317.0 8
6 9 2356.2 3978.7 2
3 7 1501.9 2815.3 1
9 4 1985.3 3526.2 4
5 4 2079.4 2178.0 4
0 3 3324.6 4546.7 2
1 3 1935.3 2021.0 4
9 1 1724.0 3188.1 4
4 3 1806.7 3302.3 3
9 10 1779.5 2593.4 8
8 7 1538.9 2162.9 7
1 7 1093.8 3459.3 5
7 6 674.9 2778.9 1
2 5 113.0 208.4 2
0 2 620.7 1445.3 6
5 7 2884.9 3429.9 6
3 7 1232.6 1837.6 5
4 10 752.6 841.7 2
5 10 2851.3 3430.7 7
7 5 767.5 956.6 7
1 6 65.8 1743.6 6
7 1 125.3 2286.5 3
1 5 1141.8 3023.0 4
6 8 728.1 2267.8 1
3 5 1268.1 1637.8 7
9 7 3052.0 4039.6 3
4 9 189.0 764.2 3
7 4 2831.3 3938.8 2
4 9 1038.9 2047.7 1
8 2 2202.9 3191.1 1
4 9 735.1 2038.7 3
2 1 205.2 1739.6 6
8 10 1602.2 2279.7 7
5 1 1262.1 2296.9 2
9 1 1131.5 1296.5 1
0 4 1666.7 3691.3 3
0 2 2997.8 3698.2 7
6 1 2065.7 2225.7 6
5 4 431.3 1876.4 3
5 1 2598.5 4361.2 4
0 9 3090.3 4784.4 7
6 9 3032.6 4598.7 1
6 5 2904.0 4239.9 4
7 9 1006.8 2165.8 8
8 6 3079.2 4618.2 5
1 6 2251.7 2608.9 7
2 8 1234.4 1595.6 1
1 9 775.3 1627.9 4
0 8 125.6 680.1 3
7 1 333.3 2249.6 7
3 9 957.9 1587.8 2
7 10 1574.2 3452.8 7
2 4 2665.8 3415.4 2
8 7 3346.2 4000.3 4
7 1 735.9 1637.7 4
3 7 985.3 3271.9 4
9 5 1294.9 2402.5 5
0 8 63.5 924.2 8
9 3 1466.6 2749.8 5
5 8 1340.4 1920.8 5
1 3 411.4 1717.5 8
1 9 867.7 972.5 2
5 9 606.8 975.3 1
2 5 1580.1 2846.5 6
8 3 1733.5 3639.0 2
1 8 1139.0 1806.0 2
6 9 2927.9 4214.8 5
0 9 1440.4 1828.8 1
4 7 3104.9 4910.1 1
2 8 1735.8 3676.2 3
1 6 601.3 787.6 1
1 10 1756.3 3792.8 1
0 5 1170.0 3056.4 5
3 9 1604.5 3759.7 8
5 9 2569.1 4032.9 2
4 5 339.4 2272.8 1
7 1 2159.9 3875.2 6
9 1 1140.3 2952.0 2
4 10 3438.7 4221.2 8
6 1 2031.7 2719.4 5
7 3 1518.8 2066.9 1
3 8 957.7 3325.4 1
0 9 3185.7 4258.3 4
5 3 618.2 2004.9 1
EOF
