NUM_STATIONS: 10
NUM_REQUESTS: 80
NUM_VEHICLES: 3
VEHICLE_CAPACITY: 2
DISTANCES
0 1 5.3
1 2 5.1
2 3 4.1
3 4 5.8
4 5 8.8
5 6 4.0
6 7 7.4
7 8 2.6
8 9 6.4
9 0 5.7
REQUEST_SECTION
7 4 143.9 478.3 1
7 1 184.9 255.1 1
9 2 160.1 421.0 2
2 9 187.9 674.2 2
6 10 519.8 1095.2 1
0 9 90.2 325.9 2
6 8 227.8 720.3 2
2 3 67.3 167.3 2
4 7 449.2 1029.9 1
1 4 265.7 684.4 1
5 9 306.2 877.8 2
7 1 7.4 247.6 2
5 3 321.2 435.3 1
4 10 278.4 666.9 2
0 1 168.6 248.2 1
8 9 156.4 638.0 2
8 2 253.0 353.1 2
8 4 135.7 725.7 2
1 5 383.9 793.2 2
5 3 252.1 574.5 1
8 2 108.4 472.2 1
3 6 459.2 979.0 1
5 4 29.9 91.5 2
7 9 518.7 866.9 1
3 5 412.8 604.7 1
7 8 250.2 724.5 2
0 8 258.0 729.7 2
9 2 154.8 315.4 1
1 6 306.9 371.6 2
4 7 505.4 569.7 2
0 7 492.2 833.3 2
5 7 19.8 249.2 2
4 7 251.2 403.3 2
1 6 467.7 568.2 2
0 9 478.9 980.8 1
8 9 158.2 667.2 1
2 5 117.5 648.4 2
1 10 278.3 422.5 2
3 2 478.2 1066.7 1
9 6 421.4 647.4 1
7 8 378.5 748.4 1
6 8 118.6 649.5 1
6 3 147.9 332.2 1
0 6 331.9 819.7 1
1 6 337.8 825.2 1
0 7 246.6 305.2 1
6 3 524.3 1112.1 1
3 2 393.3 746.9 1
8 10 7.6 478.1 2
6 3 276.6 627.8 1
9 8 290.4 880.2 2
1 6 440.9 571.5 2
3 2 127.7 397.3 2
2 5 454.4 835.3 2
6 1 97.2 677.0 1
9 4 538.0 874.4 2
7 9 327.2 535.9 2
1 2 523.8 943.1 2
8 4 70.5 184.2 1
3 7 14.9 192.2 2
1 8 381.8 896.7 1
3 5 38.9 589.2 1
6 4 415.5 920.8 1
5 9 155.4 657.4 1
4 3 165.3 529.9 2
1 8 120.7 476.1 2
0 9 162.9 491.2 2
9 5 68.8 284.9 2
2 9 494.2 798.7 1
6 2 52.9 369.4 2
9 1 113.3 462.4 1
9 3 65.2 538.9 2
5 2 463.3 797.1 1
8 10 277.6 815.5 1
3 7 69.1 337.1 1
7 5 418.3 547.1 1
0 5 79.8 340.5 1
6 1 229.6 313.8 2
7 1 265.0 749.5 2
3 9 473.0 537.7 2
EOF
