NUM_STATIONS: 10
NUM_REQUESTS: 20
NUM_VEHICLES: 2
VEHICLE_CAPACITY: 1
DISTANCES
0 1 6.6
1 2 8.7
2 3 5.9
3 4 9.0
4 5 3.2
5 6 7.2
6 7 4.7
7 8 8.2
8 9 3.5
9 0 6.8
REQUEST_SECTION
3 5 147.9 261.4 1
1 7 318.8 551.1 1
4 5 129.0 242.5 1
0 6 170.5 351.0 1
1 7 287.7 379.3 1
6 7 244.6 414.4 1
0 8 160.5 377.0 1
1 4 12.1 237.7 1
0 5 316.0 530.3 1
6 1 217.1 518.1 1
0 8 18.5 124.8 1
8 2 127.2 396.0 1
8 2 13.0 211.4 1
4 1 9.2 136.8 1
4 7 304.9 425.4 1
5 10 61.1 340.3 1
7 3 206.9 394.1 1
6 2 280.6 459.6 1
0 8 106.1 192.2 1
5 8 161.6 407.3 1
EOF
