NUM_STATIONS: 10
NUM_REQUESTS: 20
NUM_VEHICLES: 3
VEHICLE_CAPACITY: 4
DISTANCES
0 1 6.6
1 2 8.7
2 3 5.9
3 4 9.0
4 5 3.2
5 6 7.2
6 7 4.7
7 8 8.2
8 9 3.5
9 0 6.8
REQUEST_SECTION
3 5 2.5 92.2 2
1 7 133.6 226.0 2
4 5 77.9 174.3 3
0 6 86.6 255.8 1
1 7 28.9 184.3 1
6 7 33.6 150.2 1
0 8 76.9 237.1 2
1 4 2.4 118.1 4
0 5 32.2 198.8 4
6 1 76.4 185.4 2
0 8 155.6 226.1 3
8 2 112.0 242.6 1
8 2 159.1 322.2 3
4 1 166.8 269.9 4
4 7 131.8 206.1 4
5 10 154.9 310.7 3
7 3 43.5 212.6 1
6 2 119.0 241.1 3
0 8 122.6 265.3 4
5 8 63.1 187.3 2
EOF
