NUM_STATIONS: 10
NUM_REQUESTS: 160
NUM_VEHICLES: 1
VEHICLE_CAPACITY: 4
DISTANCES
0 1 6.3
1 2 1.5
2 3 7.8
3 4 9.8
4 5 9.9
5 6 6.9
6 7 1.6
7 8 5.2
8 9 2.2
9 0 6.8
REQUEST_SECTION
3 7 834.9 1338.9 3
2 4 2008.4 4406.6 1
2 7 740.0 1344.9 4
7 4 3460.3 6552.7 2
4 10 1301.3 1572.3 1
1 4 419.0 3857.1 2
2 1 2291.7 3768.6 4
5 9 2226.0 3203.3 4
7 3 2269.2 4197.3 2
0 7 2555.8 2911.5 4
0 3 698.5 3754.2 2
0 5 2862.7 5459.6 2
0 3 977.0 2349.8 3
8 4 2193.0 3482.6 3
3 4 3160.4 3450.8 3
0 7 2206.8 4976.0 2
5 4 1290.9 2452.9 4
9 8 1408.8 3494.8 2
8 6 1972.6 2181.2 1
9 7 3066.7 4525.8 4
9 4 2513.3 4826.8 1
2 4 372.8 3383.9 1
9 3 973.7 2725.1 4
9 5 1617.1 4920.2 1
1 6 811.5 4314.6 2
9 4 3234.1 4764.2 3
9 2 2396.8 2806.0 2
7 2 1336.7 1499.1 4
3 9 3263.7 3961.5 3
1 2 1817.6 4745.3 2
5 6 2857.2 3114.2 3
0 8 1273.8 4121.5 1
1 4 2308.5 3456.1 3
8 3 3268.2 6782.3 1
0 1 1961.0 4016.7 4
3 2 410.4 586.0 3
9 8 1105.4 4108.4 3
0 9 693.2 2809.1 1
7 6 2644.3 4876.4 3
6 2 722.3 2728.0 1
2 3 2778.5 5993.0 2
2 3 1677.0 3234.6 3
2 8 3245.7 5983.5 4
7 3 1971.2 4619.8 2
5 1 1836.3 4223.9 3
9 6 3274.5 3410.5 2
0 2 2197.9 2653.7 4
5 2 2152.9 2559.7 2
0 4 2134.7 5244.7 3
0 1 509.7 1444.9 1
8 5 1413.3 2824.7 3
1 9 122.2 265.8 4
9 10 2204.8 3957.2 3
9 10 531.5 1220.4 3
3 10 1402.6 2007.6 2
0 5 392.5 2758.0 4
9 3 161.6 1751.9 4
1 7 652.7 4100.2 1
2 9 2049.5 2624.2 1
2 9 2706.7 5886.1 3
2 7 788.5 2781.7 1
5 1 3375.9 6724.4 2
6 4 2080.7 4624.1 1
1 4 745.2 2396.2 1
5 3 430.4 2404.9 2
2 5 2265.1 4899.4 1
4 10 711.1 2193.3 2
0 6 414.8 1048.0 3
3 2 1909.9 2604.0 3
6 1 1323.0 3579.3 4
6 1 1465.0 3962.0 4
7 1 2022.3 3090.9 3
9 10 291.2 2168.9 3
3 4 1732.6 5088.4 1
3 6 767.2 3605.2 3
1 4 2028.1 2236.9 4
2 4 2147.4 3413.6 2
6 9 1218.5 3439.7 2
3 7 3077.6 5270.4 3
9 4 457.9 1168.5 1
5 4 1751.5 4099.8 4
0 3 2545.6 5627.2 4
1 3 3390.7 6363.3 4
9 1 45.0 2808.4 1
4 3 1214.0 2412.8 3
9 10 3306.5 6797.0 4
8 7 3240.3 3830.2 2
1 7 588.0 720.1 3
7 6 1468.2 4549.8 3
2 5 1810.3 2838.9 4
0 2 1031.4 3050.1 1
5 7 2445.0 3447.3 3
3 7 2392.1 3588.8 4
4 10 1664.4 2107.9 4
5 10 1953.1 4971.7 4
7 5 1760.8 2287.6 1
1 6 1625.5 2740.3 3
7 1 1127.4 1464.1 1
1 5 2218.8 2823.2 3
6 8 1794.3 4335.1 4
3 5 2525.0 2919.8 1
9 7 2043.2 3216.5 1
4 9 3329.8 5798.6 1
7 4 2053.3 5475.0 2
4 9 3408.1 6853.5 1
8 2 64.2 3346.7 1
4 9 667.3 2697.7 2
2 1 48.8 799.3 2
8 10 2896.5 4909.8 1
5 1 1416.7 3230.3 3
9 1 2107.7 4760.0 2
0 4 2186.9 4596.2 3
0 2 474.4 1832.9 4
6 1 71.5 3082.9 3
5 4 79.0 600.0 3
5 1 2026.2 3328.4 4
0 9 2702.5 4313.4 1
6 9 2340.8 4979.0 4
6 5 1489.5 4263.0 4
7 9 2482.3 5210.9 3
8 6 278.0 728.8 2
1 6 1437.7 4556.6 2
2 8 654.7 1458.8 1
1 9 1918.0 5373.5 2
0 8 2968.2 6151.4 2
7 1 2944.7 6220.6 2
3 9 3134.2 6319.6 1
7 10 3293.9 5848.9 3
2 4 135.0 2055.6 4
8 7 242.3 2663.2 1
7 1 3009.7 5892.7 2
3 7 1129.0 3362.9 3
9 5 20.4 473.2 1
0 8 848.2 2251.4 2
9 3 630.4 1234.4 4
5 8 1964.4 4101.1 1
1 3 1584.0 2845.3 4
1 9 2715.9 3326.0 3
5 9 1647.3 2377.4 1
2 5 1750.8 2795.1 4
8 3 3328.6 6740.6 4
1 8 558.2 2442.2 1
6 9 818.0 1544.2 4
0 9 221.5 2712.4 3
4 7 377.0 1258.5 2
2 8 1307.4 1739.7 2
1 6 2798.5 4666.7 4
1 10 35.0 3444.0 4
0 5 1129.0 3336.1 1
3 9 3460.9 4999.4 3
5 9 3336.8 6338.3 2
4 5 1132.6 1748.9 4
7 1 840.4 2676.5 2
9 1 2968.2 5867.4 2
4 10 491.0 2188.3 2
6 1 751.7 1969.4 4
7 3 2632.5 3276.3 4
3 8 1295.0 3057.7 2
0 9 1061.6 3867.4 2
5 3 2577.4 4690.0 3
EOF
