NUM_STATIONS: 10
NUM_REQUESTS: 160
NUM_VEHICLES: 1
VEHICLE_CAPACITY: 4
DISTANCES
0 1 6.3
1 2 1.5
2 3 7.8
3 4 9.8
4 5 9.9
5 6 6.9
6 7 1.6
7 8 5.2
8 9 2.2
9 0 6.8
REQUEST_SECTION
3 7 1697.6 1823.6 3
2 4 3342.7 6585.8 1
2 7 427.2 3343.6 4
7 4 3341.6 5715.3 2
4 10 3268.6 3541.5 1
1 4 3565.7 4333.2 2
2 1 257.9 501.7 4
5 9 3781.0 5671.2 4
7 3 588.8 2219.5 2
0 7 2771.9 5621.1 4
0 3 3531.4 4209.9 2
0 5 2334.6 5583.2 2
0 3 3047.9 5061.5 3
8 4 3557.0 3628.4 3
3 4 1879.9 3184.4 3
0 7 169.4 3244.4 2
5 4 3925.4 6775.7 4
9 8 3923.6 6414.1 2
8 6 2454.2 3730.4 1
9 7 32.7 129.6 4
9 4 2599.8 3583.7 1
2 4 2230.4 2880.1 1
9 3 2848.1 5387.6 4
9 5 3369.2 4998.9 1
1 6 1810.8 3605.0 2
9 4 401.4 534.1 3
9 2 1415.6 1960.1 2
7 2 1056.0 3704.7 4
3 9 3181.9 4606.5 3
1 2 753.8 1606.6 2
5 6 1204.4 4445.7 3
0 8 4170.9 4279.2 1
1 4 1000.7 1776.0 3
8 3 1083.7 2229.9 1
0 1 2867.8 4645.0 4
3 2 3397.7 4130.8 3
9 8 2109.0 4633.5 3
0 9 1937.0 4237.7 1
7 6 475.5 1281.3 3
6 2 953.6 2350.7 1
2 3 2277.5 3901.5 2
2 3 2855.9 5930.9 3
2 8 3434.2 3931.3 4
7 3 3646.0 4911.3 2
5 1 2615.2 3211.7 3
9 6 1527.1 3143.9 2
0 2 969.6 4320.0 4
5 2 263.2 711.8 2
0 4 1029.2 1930.6 3
0 1 472.2 1767.4 1
8 5 3772.2 4327.4 3
1 9 2205.6 4778.9 4
9 10 510.4 2206.9 3
9 10 2714.1 5759.9 3
3 10 357.2 918.1 2
0 5 3470.2 3850.9 4
9 3 1754.6 4272.8 4
1 7 1061.8 2693.4 1
2 9 4512.0 6895.2 1
2 9 3877.7 7413.4 3
2 7 3325.4 6238.2 1
5 1 2786.6 6011.1 2
6 4 3533.6 4210.8 1
1 4 2707.1 3435.4 1
5 3 77.5 2582.8 2
2 5 1500.7 3150.4 1
4 10 2195.2 3882.1 2
0 6 4516.5 6793.0 3
3 2 3044.7 4547.5 3
6 1 2994.4 3313.7 4
6 1 4633.8 5973.5 4
7 1 14.9 3114.4 3
9 10 1892.8 3525.1 3
3 4 2916.5 6188.4 1
3 6 3779.7 5846.1 3
1 4 891.4 2713.2 4
2 4 4534.1 5085.8 2
6 9 4488.1 7652.6 2
3 7 1536.4 3744.8 3
9 4 3281.7 6190.8 1
5 4 739.4 1360.6 4
0 3 1985.7 3016.8 4
1 3 4012.3 7278.3 4
9 1 550.3 2382.6 1
4 3 2914.2 3617.4 3
9 10 4256.7 6364.3 4
8 7 1086.3 1262.0 2
1 7 3615.5 5612.5 3
7 6 1587.4 3909.7 3
2 5 796.9 2446.8 4
0 2 4574.6 7926.2 1
5 7 3834.8 4613.4 3
3 7 2706.6 5042.6 4
4 10 350.4 2865.8 4
5 10 1107.5 3093.3 4
7 5 3773.6 4133.6 1
1 6 2853.0 6299.2 3
7 1 2789.4 4639.7 1
1 5 739.2 1623.8 3
6 8 4459.0 6057.5 4
3 5 4489.5 5266.8 1
9 7 1743.0 4324.2 1
4 9 268.0 2310.9 1
7 4 176.5 1986.1 2
4 9 1619.3 1840.1 1
8 2 4050.6 5022.3 1
4 9 515.6 1095.1 2
2 1 4015.5 7444.6 2
8 10 835.9 3238.4 1
5 1 1062.9 3527.0 3
9 1 3299.6 5291.7 2
0 4 2053.9 4276.7 3
0 2 3500.2 4510.5 4
6 1 3179.0 6325.3 3
5 4 2022.8 3578.9 3
5 1 3271.3 3572.5 4
0 9 102.3 2545.7 1
6 9 3023.6 6005.6 4
6 5 3013.9 5465.4 4
7 9 4176.4 6337.5 3
8 6 13.2 655.3 2
1 6 1863.9 3934.8 2
2 8 3352.8 6347.0 1
1 9 2749.2 3470.2 2
0 8 3800.2 4888.7 2
7 1 1794.8 2620.8 2
3 9 4088.8 5796.5 1
7 10 1359.9 3443.5 3
2 4 1649.0 5117.8 4
8 7 825.4 1411.1 1
7 1 3150.3 5980.9 2
3 7 3306.9 5303.6 3
9 5 2535.9 4712.9 1
0 8 149.6 1328.8 2
9 3 441.2 1813.0 4
5 8 2970.3 4013.0 1
1 3 1321.0 2497.8 4
1 9 393.2 2802.1 3
5 9 1193.5 4607.0 1
2 5 2076.5 4933.8 4
8 3 4438.9 5889.8 4
1 8 761.3 3248.1 1
6 9 3657.2 5250.0 4
0 9 1013.1 3352.9 3
4 7 2793.8 5603.7 2
2 8 1087.6 1474.3 2
1 6 3615.1 6852.0 4
1 10 2327.7 4475.3 4
0 5 3252.0 5906.3 1
3 9 2142.1 4255.2 3
5 9 1797.8 5032.0 2
4 5 3204.2 4981.3 4
7 1 2697.5 4832.4 2
9 1 4199.4 7236.5 2
4 10 275.8 2872.0 2
6 1 122.4 1126.0 4
7 3 2118.7 4423.0 4
3 8 3865.1 5863.2 2
0 9 1752.6 4838.8 2
5 3 1059.7 1335.9 3
EOF
