NUM_STATIONS: 10
NUM_REQUESTS: 40
NUM_VEHICLES: 1
VEHICLE_CAPACITY: 1
DISTANCES
0 1 3.4
1 2 6.2
2 3 7.9
3 4 7.1
4 5 5.2
5 6 1.5
6 7 5.2
7 8 1.2
8 9 5.0
9 0 2.1
REQUEST_SECTION
3 7 886.9 1056.6 1
4 5 470.5 624.7 1
4 5 757.3 1187.8 1
2 9 499.6 595.1 1
4 6 355.7 655.0 1
2 7 778.5 981.4 1
2 4 660.7 973.3 1
5 6 817.2 1288.9 1
4 1 323.8 633.1 1
0 7 823.4 985.0 1
6 3 545.8 989.4 1
0 2 212.8 523.9 1
9 3 832.3 1062.8 1
7 6 759.1 944.6 1
7 5 743.4 967.7 1
3 7 217.0 632.0 1
4 2 850.2 1266.8 1
0 9 254.9 573.1 1
2 3 129.2 528.8 1
2 9 221.3 598.6 1
0 4 890.3 1192.9 1
2 10 581.3 627.4 1
2 6 585.3 976.2 1
8 4 67.5 134.3 1
3 7 372.4 497.1 1
0 1 546.6 915.6 1
7 1 841.1 1221.2 1
8 4 64.4 113.5 1
0 3 463.0 701.2 1
9 7 595.1 930.8 1
0 4 263.5 359.3 1
7 2 223.3 273.7 1
8 6 767.1 1033.0 1
4 10 756.7 876.4 1
9 6 76.4 190.9 1
1 5 498.8 884.1 1
4 2 603.3 919.8 1
3 5 495.8 847.3 1
9 7 220.0 531.0 1
5 7 247.3 332.6 1
EOF
