NUM_STATIONS: 10
NUM_REQUESTS: 160
NUM_VEHICLES: 3
VEHICLE_CAPACITY: 1
DISTANCES
0 1 6.3
1 2 7.7
2 3 3.8
3 4 4.5
4 5 9.5
5 6 2.1
6 7 8.1
7 8 3.8
8 9 3.5
9 0 1.8
REQUEST_SECTION
8 5 364.3 1177.1 1
2 7 320.0 1198.0 1
0 6 17.4 1053.7 1
4 2 1220.3 2114.9 1
6 1 131.9 1111.4 1
6 5 934.0 1955.3 1
4 5 220.0 941.4 1
1 7 1177.3 1658.8 1
9 1 1255.8 1569.8 1
8 4 253.0 1080.5 1
6 8 1332.8 2335.4 1
3 10 593.5 1429.2 1
9 6 1278.8 1655.8 1
1 3 1100.1 1189.7 1
9 1 21.3 395.4 1
6 5 692.6 1511.5 1
1 10 1015.3 1615.4 1
0 8 692.1 805.3 1
7 10 0.5 993.4 1
2 5 1145.6 2017.8 1
3 9 1260.0 1847.2 1
9 5 491.4 1437.0 1
2 4 1342.1 1411.9 1
0 5 481.0 532.8 1
6 5 1027.9 2039.1 1
1 3 1256.2 1519.0 1
7 5 841.1 1114.9 1
0 4 746.8 1598.4 1
2 10 47.7 1114.5 1
1 10 982.4 2044.8 1
4 1 720.3 1076.7 1
5 8 94.1 463.6 1
8 5 65.1 707.7 1
4 10 1183.6 1780.7 1
6 3 1170.0 1876.7 1
6 5 502.4 990.5 1
1 7 870.4 941.2 1
3 1 1089.8 1453.9 1
0 3 1225.6 1582.2 1
3 2 702.5 1020.9 1
7 4 580.6 1094.0 1
6 4 183.7 582.3 1
3 8 1176.4 1925.4 1
7 2 159.5 669.7 1
8 3 174.8 1078.8 1
8 2 907.0 1238.2 1
2 3 1060.3 2017.4 1
0 1 502.1 1557.1 1
5 8 32.8 664.4 1
2 7 647.8 708.6 1
8 4 690.8 1377.4 1
3 8 318.4 1066.0 1
2 5 727.1 1547.5 1
4 1 231.9 1299.2 1
6 4 1214.9 2068.9 1
4 5 1008.9 1357.2 1
6 7 1263.4 1385.9 1
2 8 333.7 528.1 1
8 10 35.3 755.0 1
9 8 561.2 819.4 1
9 3 212.9 550.4 1
8 9 779.6 1184.1 1
8 9 875.4 1638.1 1
8 10 1104.7 1978.7 1
3 9 1098.2 1516.0 1
2 8 22.0 755.9 1
7 3 874.8 944.2 1
1 8 302.8 821.2 1
9 1 255.0 557.0 1
4 6 226.9 383.6 1
2 10 995.2 1479.0 1
0 3 609.5 743.3 1
0 5 725.3 1005.0 1
5 3 283.0 1348.9 1
9 3 261.6 429.7 1
9 4 1002.0 1448.7 1
3 2 458.7 1455.0 1
5 4 1229.6 1351.7 1
7 1 1063.3 2134.9 1
0 7 1132.7 1924.2 1
5 8 1101.6 2133.9 1
9 1 966.7 1122.8 1
3 4 1014.0 1717.7 1
4 9 207.4 821.7 1
5 1 622.9 847.5 1
5 2 23.6 275.9 1
2 1 1315.3 2194.4 1
8 2 117.5 709.8 1
0 8 1081.3 1645.7 1
3 1 692.4 1452.9 1
2 10 317.4 1085.0 1
0 8 574.3 884.6 1
6 9 230.5 816.5 1
3 8 886.7 1666.8 1
4 2 862.5 1651.9 1
7 4 1220.3 1876.9 1
9 1 988.5 1591.5 1
7 8 421.2 786.6 1
4 7 102.4 1126.9 1
8 5 1187.8 1920.1 1
8 7 659.9 1074.9 1
3 1 655.4 960.9 1
6 3 1264.8 1524.6 1
5 9 188.5 692.3 1
3 7 746.0 1461.7 1
2 7 223.8 726.3 1
2 7 1089.8 1867.4 1
9 10 1135.4 2165.2 1
0 8 591.0 1645.7 1
7 8 465.1 1492.3 1
4 3 575.3 1087.6 1
6 7 683.5 905.5 1
1 6 725.9 1206.0 1
5 1 131.0 882.9 1
4 9 919.7 1056.7 1
3 8 358.3 832.4 1
5 7 939.4 1798.9 1
6 9 1156.0 1859.6 1
1 5 997.0 1574.9 1
8 2 159.5 754.0 1
9 10 1239.1 1871.3 1
5 7 984.4 1894.8 1
5 4 445.8 594.2 1
7 6 501.6 1129.0 1
5 9 262.8 689.6 1
9 7 40.8 988.0 1
3 5 205.8 691.9 1
5 9 241.6 407.5 1
7 8 663.8 795.2 1
0 5 1203.7 1303.2 1
6 3 503.4 1381.9 1
2 5 320.7 686.9 1
9 8 1056.2 1739.2 1
1 10 1282.7 1489.1 1
4 6 367.5 739.8 1
4 9 771.2 1244.9 1
6 7 379.7 751.5 1
8 1 359.8 1335.3 1
7 2 37.8 559.2 1
8 7 615.4 707.6 1
6 8 1074.2 2043.7 1
1 6 413.1 1452.0 1
0 3 821.9 1427.0 1
5 1 656.6 1727.5 1
0 4 173.8 379.0 1
9 4 25.5 695.2 1
1 10 1037.9 1669.2 1
8 5 996.9 1836.4 1
7 6 988.0 1179.0 1
3 9 154.4 1205.9 1
0 8 294.9 1188.2 1
2 9 84.7 760.6 1
9 8 452.9 605.2 1
1 9 542.4 646.3 1
1 8 1220.7 1344.9 1
0 5 739.2 1057.2 1
4 6 1152.5 2178.7 1
7 5 381.9 556.0 1
9 6 471.1 884.3 1
8 5 10.8 371.9 1
EOF
