NUM_STATIONS: 10
NUM_REQUESTS: 80
NUM_VEHICLES: 3
VEHICLE_CAPACITY: 1
DISTANCES
0 1 5.3
1 2 5.1
2 3 4.1
3 4 5.8
4 5 8.8
5 6 4.0
6 7 7.4
7 8 2.6
8 9 6.4
9 0 5.7
REQUEST_SECTION
7 4 421.8 748.0 1
7 1 386.9 716.2 1
9 2 302.3 600.8 1
2 9 29.9 390.9 1
6 10 495.3 679.7 1
0 9 492.2 616.8 1
6 8 378.6 472.6 1
2 3 382.8 476.8 1
4 7 541.4 747.3 1
1 4 208.7 509.8 1
5 9 359.1 764.2 1
7 1 500.6 1022.8 1
5 3 527.4 984.0 1
4 10 536.6 857.5 1
0 1 526.6 1050.2 1
8 9 435.6 980.6 1
8 2 531.0 995.3 1
8 4 305.1 751.3 1
1 5 483.6 957.3 1
5 3 315.3 595.6 1
8 2 347.0 746.5 1
3 6 338.9 591.9 1
5 4 307.8 607.4 1
7 9 276.7 439.9 1
3 5 539.0 661.2 1
7 8 259.3 777.4 1
0 8 399.7 922.9 1
9 2 192.0 306.0 1
1 6 531.5 1032.5 1
4 7 35.6 252.9 1
0 7 21.3 490.8 1
5 7 291.3 717.2 1
4 7 349.7 744.6 1
1 6 227.7 430.2 1
0 9 35.0 548.3 1
8 9 475.6 995.9 1
2 5 502.0 814.2 1
1 10 370.9 709.5 1
3 2 479.0 1020.9 1
9 6 525.8 1048.7 1
7 8 2.2 83.4 1
6 8 458.0 1021.1 1
6 3 139.6 277.3 1
0 6 105.1 261.1 1
1 6 244.2 688.1 1
0 7 12.0 376.6 1
6 3 321.6 803.7 1
3 2 206.1 659.5 1
8 10 409.6 722.8 1
6 3 256.9 787.5 1
9 8 152.7 423.1 1
1 6 537.6 1124.7 1
3 2 377.5 534.2 1
2 5 23.7 584.0 1
6 1 492.2 998.7 1
9 4 8.7 278.7 1
7 9 124.8 618.4 1
1 2 261.6 812.6 1
8 4 473.9 1029.7 1
3 7 309.9 885.7 1
1 8 20.7 479.9 1
3 5 82.0 482.1 1
6 4 451.0 775.5 1
5 9 478.0 899.6 1
4 3 364.3 658.4 1
1 8 305.8 482.7 1
0 9 329.2 633.3 1
9 5 63.8 343.0 1
2 9 165.1 762.3 1
6 2 195.5 759.6 1
9 1 446.4 1031.0 1
9 3 442.9 889.5 1
5 2 121.9 669.8 1
8 10 39.3 102.2 1
3 7 43.1 529.7 1
7 5 411.9 904.0 1
0 5 439.6 1040.0 1
6 1 223.2 751.9 1
7 1 482.7 947.8 1
3 9 389.7 807.1 1
EOF
