NUM_STATIONS: 10
NUM_REQUESTS: 20
NUM_VEHICLES: 1
VEHICLE_CAPACITY: 1
DISTANCES
0 1 6.6
1 2 8.7
2 3 5.9
3 4 9.0
4 5 3.2
5 6 7.2
6 7 4.7
7 8 8.2
8 9 3.5
9 0 6.8
REQUEST_SECTION
3 5 10.0 503.6 1
1 7 270.2 776.7 1
4 5 244.4 316.6 1
0 6 196.3 671.6 1
1 7 12.6 218.8 1
6 7 341.9 710.2 1
0 8 130.5 627.1 1
1 4 308.1 493.8 1
0 5 117.3 350.3 1
6 1 303.4 821.0 1
0 8 62.2 577.5 1
8 2 348.4 551.3 1
8 2 281.5 356.6 1
4 1 179.0 688.2 1
4 7 96.9 533.5 1
5 10 345.6 804.3 1
7 3 180.7 559.0 1
6 2 450.5 711.6 1
0 8 221.1 344.6 1
5 8 285.5 639.6 1
EOF
