NUM_STATIONS: 10
NUM_REQUESTS: 80
NUM_VEHICLES: 3
VEHICLE_CAPACITY: 4
DISTANCES
0 1 5.3
1 2 5.1
2 3 4.1
3 4 5.8
4 5 8.8
5 6 4.0
6 7 7.4
7 8 2.6
8 9 6.4
9 0 5.7
REQUEST_SECTION
7 4 53.8 215.2 1
7 1 314.5 379.6 1
9 2 146.0 216.6 3
2 9 474.2 710.3 1
6 10 267.2 459.2 1
0 9 153.5 453.2 3
6 8 185.2 402.5 1
2 3 108.9 464.0 4
4 7 204.3 559.9 1
1 4 81.3 235.8 1
5 9 291.0 463.8 2
7 1 400.3 699.3 1
5 3 208.7 404.6 2
4 10 441.4 680.8 1
0 1 481.0 793.0 2
8 9 130.6 192.6 4
8 2 84.8 215.7 2
8 4 172.4 466.8 2
1 5 370.2 581.8 2
5 3 193.5 349.6 2
8 2 265.7 439.1 3
3 6 323.5 696.1 2
5 4 121.1 496.3 4
7 9 296.4 564.0 2
3 5 64.8 142.3 4
7 8 391.7 618.9 1
0 8 295.0 577.5 2
9 2 39.0 214.4 2
1 6 15.0 135.8 3
4 7 472.1 760.1 1
0 7 33.4 177.8 3
5 7 427.2 591.3 1
4 7 157.6 233.3 1
1 6 462.1 549.0 3
0 9 439.2 775.5 3
8 9 505.4 693.3 2
2 5 181.1 535.3 2
1 10 501.5 586.3 4
3 2 471.6 855.6 3
9 6 33.9 194.3 1
7 8 430.7 740.9 2
6 8 497.0 687.3 4
6 3 484.1 770.2 2
0 6 141.7 396.5 4
1 6 328.9 580.0 1
0 7 160.8 349.2 3
6 3 169.7 341.2 2
3 2 215.8 503.7 1
8 10 384.6 694.9 2
6 3 162.9 304.7 1
9 8 534.8 879.5 2
1 6 26.9 405.9 3
3 2 478.8 638.1 2
2 5 322.0 431.8 4
6 1 521.7 807.0 3
9 4 398.3 515.1 2
7 9 51.4 107.4 4
1 2 390.2 574.5 3
8 4 102.9 225.5 1
3 7 403.6 666.8 3
1 8 37.5 268.8 3
3 5 456.7 644.1 2
6 4 468.2 683.9 4
5 9 369.5 559.5 4
4 3 62.0 273.7 4
1 8 470.7 866.8 4
0 9 461.5 619.3 2
9 5 409.1 623.9 4
2 9 102.3 323.8 4
6 2 311.3 383.4 1
9 1 263.2 439.1 2
9 3 458.6 656.1 2
5 2 129.2 515.6 1
8 10 456.6 755.3 4
3 7 462.0 833.5 2
7 5 353.2 613.8 2
0 5 326.3 575.0 4
6 1 275.4 469.1 2
7 1 353.3 760.4 2
3 9 407.2 540.0 4
EOF
