NUM_STATIONS: 10
NUM_REQUESTS: 20
NUM_VEHICLES: 3
VEHICLE_CAPACITY: 8
DISTANCES
0 1 10.0
1 2 3.1
2 3 7.4
3 4 2.1
4 5 5.5
5 6 6.0
6 7 3.5
7 8 7.1
8 9 7.6
9 0 5.4
REQUEST_SECTION
4 9 37.9 144.7 1
8 3 97.3 174.9 2
4 3 15.4 159.8 4
5 2 95.6 239.3 3
7 5 113.5 173.2 8
3 6 25.7 99.9 7
9 4 123.0 263.4 8
5 4 145.8 261.5 4
7 6 59.5 153.7 1
5 4 67.7 134.5 5
6 8 147.9 291.4 3
3 1 12.2 117.6 1
3 10 25.3 138.6 8
8 9 45.2 160.3 2
8 3 12.1 150.6 8
3 2 0.2 103.8 1
0 3 71.6 188.0 4
1 3 187.7 300.8 1
7 5 79.4 165.4 7
8 7 7.8 105.9 4
EOF
