NUM_STATIONS: 10
NUM_REQUESTS: 80
NUM_VEHICLES: 1
VEHICLE_CAPACITY: 1
DISTANCES
0 1 8.0
1 2 8.3
2 3 3.5
3 4 6.0
4 5 1.1
5 6 2.5
6 7 5.2
7 8 7.5
8 9 5.8
9 0 8.4
REQUEST_SECTION
9 3 991.9 2128.1 1
9 7 1067.9 1439.1 1
9 1 1395.6 1889.1 1
2 6 98.0 960.2 1
5 4 1615.0 2088.2 1
6 5 1840.4 2589.8 1
3 2 513.6 1240.5 1
6 2 1546.9 2621.7 1
0 9 152.4 1060.7 1
3 8 1727.1 1969.5 1
1 2 477.9 808.1 1
9 2 967.1 1193.0 1
4 3 670.1 1824.2 1
3 8 2120.7 2742.1 1
8 3 1305.7 1521.2 1
8 5 784.0 1646.1 1
8 5 362.4 591.5 1
0 3 1735.9 2790.4 1
7 10 2010.8 2697.4 1
2 10 1717.2 2058.3 1
7 9 1922.2 2236.3 1
6 5 2005.7 2159.2 1
4 8 1844.8 2549.6 1
6 10 430.6 1549.0 1
3 4 1400.0 1571.2 1
9 5 1491.3 2470.6 1
7 6 1820.5 1931.7 1
9 7 985.6 1314.3 1
5 9 1136.9 1673.6 1
5 7 1842.0 2816.3 1
6 1 2009.0 2309.0 1
7 4 1785.2 2139.3 1
2 8 441.5 516.5 1
9 1 514.5 1144.3 1
4 1 1372.2 2462.0 1
5 6 830.0 1770.7 1
0 9 70.8 1124.1 1
8 2 1804.3 2266.4 1
6 3 131.4 682.0 1
6 9 1255.7 2289.9 1
9 7 232.0 1301.9 1
2 8 1113.0 2059.4 1
6 8 163.2 1335.1 1
5 2 1375.7 1568.9 1
4 6 1119.2 1256.8 1
4 9 1050.6 1951.8 1
4 9 1170.0 2127.1 1
9 8 782.9 1488.3 1
6 4 1478.4 2060.0 1
8 6 774.1 1858.9 1
4 3 1639.5 2638.6 1
9 10 2224.1 2492.7 1
8 7 1962.3 2843.9 1
7 1 1384.3 1992.0 1
1 3 86.1 324.4 1
6 3 234.8 1385.2 1
8 3 2004.3 2364.5 1
4 6 335.1 1145.7 1
6 9 1081.5 2147.0 1
9 4 1607.7 2503.4 1
7 8 1482.6 1549.6 1
6 3 1901.7 2733.2 1
7 5 1283.0 2263.6 1
9 3 1068.1 1710.0 1
1 9 412.3 1399.9 1
8 1 884.2 1523.6 1
9 8 535.3 1267.0 1
9 7 52.2 668.6 1
6 7 1172.5 1874.5 1
5 9 400.6 663.4 1
1 5 1984.7 2747.5 1
8 6 976.0 1820.2 1
2 1 2000.5 2891.0 1
1 7 661.5 1513.2 1
4 6 1206.3 1825.9 1
0 3 1785.5 2093.8 1
1 10 2036.1 2929.3 1
7 8 1550.1 2357.6 1
9 6 405.3 591.2 1
3 10 2058.0 2250.7 1
EOF
