NUM_STATIONS: 10
NUM_REQUESTS: 160
NUM_VEHICLES: 1
VEHICLE_CAPACITY: 4
DISTANCES
0 1 3.3
1 2 8.6
2 3 9.8
3 4 4.8
4 5 3.7
5 6 5.0
6 7 1.8
7 8 2.0
8 9 1.3
9 0 2.7
REQUEST_SECTION
9 3 1907.9 2022.3 1
8 4 2013.9 3112.5 3
4 8 605.7 1138.6 4
6 3 483.7 1085.0 4
8 2 894.1 2097.6 4
7 2 1359.8 2296.6 2
8 1 119.7 1352.7 3
6 4 7.1 372.7 2
7 2 1982.2 3182.2 3
2 6 199.2 985.8 3
3 7 1563.0 3296.5 4
8 4 838.3 1817.4 1
0 8 1400.6 2454.8 2
8 10 1600.2 2024.1 3
8 2 1004.2 1104.8 2
4 2 1318.3 1893.1 1
3 5 2197.6 2434.6 4
5 7 1054.6 2574.0 1
3 7 1188.7 2850.5 2
7 4 2016.2 3313.8 1
6 7 2543.8 2773.1 1
3 7 2125.4 2229.4 4
5 2 1649.9 3404.5 2
4 7 800.4 912.9 2
3 5 1998.8 3190.9 4
1 3 1676.1 2158.9 3
9 10 964.0 1657.4 3
3 6 1599.6 1777.8 1
3 7 298.0 1908.0 1
7 10 2398.3 2640.4 2
8 9 1761.6 3001.7 2
3 9 172.5 1593.4 4
4 7 458.8 1742.5 4
4 6 1181.7 2488.7 4
6 10 109.3 1480.0 2
1 3 1387.8 3109.0 2
8 7 1036.1 1372.7 2
8 10 768.3 887.6 2
2 1 1246.5 2363.9 4
5 1 508.9 2103.8 2
2 4 2167.8 3633.2 4
5 10 942.2 2560.3 1
8 6 2195.7 2513.0 3
5 2 965.5 1936.8 2
6 2 2536.4 3783.8 3
5 4 1284.1 2815.2 3
0 9 1207.1 2121.0 1
3 4 1106.3 2606.3 4
0 2 1611.4 3320.3 3
9 7 2564.9 3061.1 2
8 3 245.9 1158.4 2
1 4 1866.8 3142.1 2
3 1 2280.3 2850.0 3
2 7 279.1 1648.6 2
3 10 1403.2 1891.1 4
2 4 1238.5 1786.2 2
5 8 2545.4 4185.6 3
8 1 1059.7 1214.9 1
2 3 1968.3 2463.8 3
6 8 1785.7 1960.3 3
8 10 2218.2 2581.4 3
6 8 1531.6 2217.8 4
2 6 1887.0 2070.4 2
6 7 2234.6 3338.5 2
7 2 446.4 1835.3 4
0 7 1445.8 1574.6 4
3 5 87.6 132.6 2
4 5 1950.8 2293.5 3
5 2 2297.7 3210.6 1
5 4 924.3 2052.0 4
5 3 1106.8 2303.8 1
3 10 2170.2 2438.1 4
6 7 2530.2 3469.3 4
2 9 2286.1 3376.8 1
1 8 790.1 1162.3 2
0 1 1978.1 3020.6 3
2 9 735.0 922.6 1
9 5 2246.0 2973.9 4
6 5 753.6 1776.9 4
3 7 1155.5 2713.7 3
7 1 569.3 1976.6 3
3 2 91.6 1274.1 3
2 7 2402.5 2644.5 4
1 8 182.0 1111.1 2
1 10 1027.8 1390.8 1
9 8 2493.7 3538.8 3
7 8 1937.9 3038.1 3
2 7 1807.4 2077.4 4
6 1 1827.2 3224.1 2
7 3 1753.6 2014.1 4
8 2 1361.7 2918.0 4
2 6 1913.6 2124.1 2
8 6 25.6 882.4 4
1 3 610.7 2281.1 2
9 5 403.5 1373.2 2
0 3 2335.3 3061.9 4
5 10 2520.0 2936.1 2
7 3 1335.7 1412.7 3
5 10 2358.6 3412.4 4
6 2 2533.1 2987.1 4
6 8 722.7 864.8 4
8 5 1410.8 2354.1 1
0 2 1328.0 2541.8 1
9 5 224.1 576.7 4
8 3 1410.6 2208.6 4
4 9 853.7 1247.0 2
4 9 1833.3 2891.5 2
1 6 1527.3 1851.7 2
9 4 970.0 2169.2 2
9 6 1841.4 3004.2 1
0 2 2334.6 3803.2 3
6 8 1375.1 1878.3 2
6 2 2168.2 3439.9 4
2 6 552.3 1854.1 3
6 3 1329.3 2935.6 1
7 3 1536.4 2492.5 4
3 9 1773.2 1830.0 2
6 10 686.4 1855.3 2
3 2 1228.9 1592.3 1
9 1 1312.2 2552.9 3
6 9 1918.3 2941.9 4
4 9 2347.5 3826.5 4
3 9 1905.3 3255.2 1
8 5 2564.7 2972.3 2
4 5 1784.3 2018.3 2
0 4 884.1 1153.4 4
5 8 203.0 1015.3 1
9 10 102.5 707.1 1
0 2 1950.2 2496.0 4
1 3 745.5 1680.8 1
4 2 151.5 537.9 2
4 3 1649.3 2822.4 2
0 1 1103.8 2813.8 3
9 3 1891.2 3414.9 4
5 6 1370.1 1477.2 2
4 9 2185.5 2276.3 1
5 2 2046.9 3035.1 2
0 6 2338.7 3748.6 4
1 9 1223.3 2812.2 3
9 3 555.9 2196.8 1
4 10 1552.5 1934.4 1
2 7 74.6 761.0 3
5 1 1336.3 2110.8 1
3 10 1112.2 2037.1 1
3 6 1558.7 1857.2 2
2 4 1954.9 2940.5 2
0 4 88.3 253.8 1
0 8 952.7 1561.1 1
3 5 841.2 2277.9 4
0 3 2266.5 2460.2 3
3 8 221.4 1318.1 3
4 9 565.1 1972.5 1
3 10 2083.0 3646.3 1
6 3 226.9 276.0 2
7 3 340.2 1169.4 3
6 10 2474.0 3629.0 3
9 7 1189.9 1590.8 3
0 6 1111.9 1359.0 3
6 5 2009.7 3269.1 4
7 4 2308.4 2773.5 3
EOF
