NUM_STATIONS: 10
NUM_REQUESTS: 160
NUM_VEHICLES: 1
VEHICLE_CAPACITY: 1
DISTANCES
0 1 3.6
1 2 7.3
2 3 7.4
3 4 1.6
4 5 9.1
5 6 1.1
6 7 5.1
7 8 5.3
8 9 9.0
9 0 2.6
REQUEST_SECTION
0 6 2035.7 4172.5 1
6 7 815.1 2419.3 1
7 6 144.1 1766.1 1
0 1 2944.5 4098.4 1
4 3 2569.3 3613.4 1
6 10 647.2 2006.6 1
5 2 1661.0 2120.5 1
1 3 2028.9 2979.5 1
0 6 427.5 1895.0 1
6 1 2392.5 4348.7 1
4 5 889.3 1259.1 1
6 2 474.2 863.1 1
3 4 1698.8 2987.0 1
3 4 2794.1 3560.8 1
7 9 2537.1 3952.1 1
9 3 2527.9 4201.0 1
9 7 382.9 1073.2 1
4 8 524.7 1124.5 1
3 7 73.9 1066.3 1
2 3 243.7 1596.1 1
0 7 57.2 1490.9 1
1 5 1267.1 2636.3 1
8 2 462.6 2076.4 1
5 3 2420.5 3607.3 1
5 9 2933.6 3183.3 1
1 6 3051.4 5025.3 1
1 6 1726.9 1822.7 1
4 2 816.7 994.9 1
5 3 1885.9 3273.1 1
4 7 1740.4 3352.7 1
6 5 493.5 937.1 1
3 7 2140.4 3566.2 1
5 3 52.4 1247.2 1
4 9 1667.4 2914.7 1
2 6 1575.0 3317.4 1
8 4 1823.2 3407.6 1
0 3 2630.5 3763.7 1
8 9 2314.0 3027.8 1
9 5 88.3 1336.0 1
5 7 2986.0 3751.9 1
1 5 2331.5 4432.1 1
6 8 2491.6 3041.7 1
3 8 2272.5 3900.7 1
8 5 516.7 1182.2 1
3 10 348.4 1270.2 1
8 7 2322.2 4279.2 1
9 4 2180.7 4088.4 1
6 2 2303.9 3868.2 1
9 7 2752.2 3182.8 1
0 8 570.4 1987.4 1
3 9 2361.9 3159.4 1
7 10 1269.7 2811.6 1
7 3 2803.0 4521.4 1
4 1 2126.2 2686.5 1
1 3 1984.6 2307.9 1
4 9 1613.9 1799.8 1
6 7 2010.6 2447.7 1
3 9 1821.7 2451.6 1
1 5 2877.8 3677.7 1
9 7 368.2 2133.9 1
4 8 2015.1 3746.5 1
7 10 160.5 2289.5 1
2 9 851.4 1006.6 1
8 1 2576.4 3915.3 1
1 7 1301.1 1710.4 1
8 5 1457.9 3463.2 1
7 3 228.5 1426.1 1
3 5 2565.6 3601.7 1
0 5 961.0 2528.3 1
9 4 2919.6 3513.1 1
5 8 130.8 231.0 1
9 8 217.9 477.2 1
6 9 196.2 1292.1 1
8 1 441.3 653.5 1
6 7 2994.0 4512.6 1
6 1 387.2 1154.7 1
3 5 1455.2 2736.5 1
4 7 831.8 2197.5 1
6 3 130.4 286.5 1
4 5 1639.8 3391.7 1
0 1 2761.3 4601.6 1
8 5 374.9 1821.4 1
3 4 498.1 1877.2 1
2 6 878.2 1658.4 1
9 4 265.9 2138.1 1
6 8 986.4 2877.1 1
6 2 1033.8 2909.0 1
7 2 1207.7 2013.8 1
1 8 535.3 1696.7 1
9 5 1921.9 3420.5 1
6 2 2348.0 3215.0 1
1 5 2556.3 4038.5 1
5 4 2874.8 3640.3 1
8 10 655.6 1344.8 1
3 6 2643.9 3157.6 1
5 2 44.7 113.3 1
6 3 1385.4 3162.4 1
4 6 479.9 1157.6 1
5 7 1516.2 2704.0 1
2 3 986.6 2069.9 1
4 9 1557.4 1661.6 1
4 1 1985.6 3418.5 1
5 6 2948.7 3395.6 1
5 10 824.2 2261.9 1
8 9 726.1 1976.9 1
3 5 1068.3 2290.1 1
3 8 2118.5 3507.0 1
7 8 1022.3 1412.3 1
4 8 2472.9 3136.1 1
1 6 1985.8 3585.4 1
3 9 1785.7 3352.8 1
0 8 2954.6 4011.4 1
0 5 1748.3 3469.2 1
1 8 2241.0 4074.3 1
3 6 2100.0 3717.2 1
7 1 1206.7 1749.8 1
7 1 1392.7 1600.6 1
4 1 1731.1 2984.4 1
1 2 191.5 775.1 1
8 5 1293.2 1544.1 1
6 4 3104.7 4174.9 1
3 6 2346.5 4232.3 1
2 8 2976.1 3346.2 1
6 1 524.8 2586.5 1
6 10 2164.2 2641.9 1
0 2 271.9 857.8 1
0 1 1713.7 2660.7 1
3 9 934.3 1977.0 1
2 8 1104.1 2190.5 1
4 5 3045.4 3709.3 1
1 5 2714.4 3079.2 1
4 2 2409.1 3421.7 1
1 3 2633.0 4517.9 1
1 3 1483.6 2340.3 1
6 1 3135.0 5258.9 1
8 9 1024.2 1908.5 1
7 6 137.5 1382.8 1
1 7 671.6 2765.4 1
6 1 3122.2 5249.9 1
4 6 319.8 1443.2 1
3 9 1345.4 1911.2 1
2 9 2487.3 2852.6 1
6 9 2842.3 4522.3 1
2 4 923.9 2164.9 1
9 6 3109.1 4230.6 1
1 6 3080.0 5038.4 1
3 2 375.6 2401.7 1
4 1 1353.8 3464.2 1
8 9 3073.4 3404.8 1
4 3 1284.1 1379.5 1
7 5 1745.3 3551.9 1
3 5 491.1 1247.1 1
6 7 691.0 1658.7 1
9 5 2972.3 4487.6 1
6 5 2602.1 3618.1 1
3 8 62.1 1921.9 1
4 9 1208.5 3085.0 1
4 10 1643.2 1854.9 1
6 8 3019.3 4490.0 1
3 1 753.9 928.8 1
EOF
