NUM_STATIONS: 10
NUM_REQUESTS: 80
NUM_VEHICLES: 3
VEHICLE_CAPACITY: 1
DISTANCES
0 1 9.9
1 2 5.8
2 3 2.8
3 4 4.2
4 5 8.2
5 6 9.6
6 7 7.3
7 8 4.0
8 9 8.9
9 0 4.1
REQUEST_SECTION
8 2 215.8 868.4 1
3 8 504.3 1168.1 1
0 4 79.4 372.7 1
4 8 290.6 670.5 1
7 10 565.4 823.8 1
4 1 344.5 1050.6 1
1 9 363.0 627.3 1
3 6 198.4 379.9 1
5 9 426.6 687.8 1
9 5 331.2 932.7 1
1 7 290.5 491.7 1
7 3 348.9 887.3 1
9 7 49.5 399.2 1
1 6 80.5 336.2 1
5 3 635.2 847.6 1
0 4 278.1 941.0 1
7 1 541.2 862.5 1
0 4 589.1 1299.8 1
2 9 466.1 869.7 1
0 6 584.0 1144.0 1
0 9 387.0 511.3 1
4 10 207.2 842.7 1
2 5 530.2 1005.5 1
1 10 239.5 883.8 1
7 10 497.5 805.6 1
2 10 436.7 805.5 1
3 8 220.0 594.5 1
5 8 482.1 945.8 1
6 8 242.7 521.4 1
6 5 117.4 638.0 1
5 10 469.1 1172.3 1
2 8 340.8 767.7 1
8 9 62.6 273.2 1
2 7 89.3 419.6 1
4 6 232.6 517.4 1
5 8 38.3 728.8 1
9 8 262.2 377.0 1
3 1 138.9 467.5 1
3 4 194.4 827.7 1
2 6 577.8 1027.8 1
4 9 537.0 1150.1 1
7 5 575.9 784.6 1
6 4 59.3 492.9 1
7 3 162.4 399.0 1
5 10 229.2 449.3 1
3 8 641.3 992.7 1
9 6 474.8 647.1 1
5 1 439.9 512.9 1
8 4 614.2 791.7 1
0 5 246.6 754.0 1
5 10 484.8 1164.2 1
7 5 486.5 1118.5 1
6 10 122.0 721.3 1
6 1 493.2 679.8 1
2 6 263.6 389.3 1
4 5 615.5 871.1 1
7 3 34.4 306.2 1
0 4 376.5 477.8 1
0 9 31.5 553.4 1
4 10 420.8 595.5 1
2 1 518.6 625.4 1
1 10 66.8 185.4 1
0 7 352.4 683.9 1
0 4 149.8 540.3 1
2 6 640.1 1144.9 1
6 8 374.1 591.0 1
7 9 562.5 1044.8 1
0 1 208.9 717.9 1
3 6 405.0 829.6 1
5 1 344.6 894.3 1
1 8 529.2 919.4 1
7 5 99.4 432.5 1
3 2 286.0 391.3 1
2 5 136.3 751.4 1
4 2 541.9 777.0 1
7 10 34.9 244.5 1
3 7 179.1 477.1 1
4 6 77.2 209.4 1
1 2 634.3 1029.9 1
1 8 39.8 523.5 1
EOF
