NUM_STATIONS: 10
NUM_REQUESTS: 40
NUM_VEHICLES: 2
VEHICLE_CAPACITY: 1
DISTANCES
0 1 3.4
1 2 6.2
2 3 7.9
3 4 7.1
4 5 5.2
5 6 1.5
6 7 5.2
7 8 1.2
8 9 5.0
9 0 2.1
REQUEST_SECTION
3 7 66.5 332.8 1
4 5 286.7 406.9 1
4 5 198.6 429.2 1
2 9 172.5 367.0 1
4 6 125.6 279.8 1
2 7 42.6 289.5 1
2 4 247.0 429.1 1
5 6 200.3 277.2 1
4 1 198.9 355.6 1
0 7 291.9 506.3 1
6 3 271.3 436.0 1
0 2 55.7 193.9 1
9 3 208.8 299.4 1
7 6 320.6 515.0 1
7 5 31.5 282.8 1
3 7 282.5 403.9 1
4 2 161.1 376.2 1
0 9 44.8 123.5 1
2 3 172.2 407.1 1
2 9 316.8 528.4 1
0 4 82.3 182.7 1
2 10 87.5 279.1 1
2 6 11.1 122.8 1
8 4 222.1 443.7 1
3 7 5.9 85.6 1
0 1 158.7 412.1 1
7 1 236.0 373.4 1
8 4 29.8 241.4 1
0 3 209.6 398.1 1
9 7 87.7 282.7 1
0 4 59.7 175.7 1
7 2 112.9 274.0 1
8 6 55.6 163.5 1
4 10 311.3 358.9 1
9 6 18.2 167.3 1
1 5 150.9 373.9 1
4 2 329.8 489.6 1
3 5 129.7 178.8 1
9 7 295.6 563.2 1
5 7 112.1 183.9 1
EOF
