NUM_STATIONS: 10
NUM_REQUESTS: 80
NUM_VEHICLES: 3
VEHICLE_CAPACITY: 2
DISTANCES
0 1 8.0
1 2 8.3
2 3 3.5
3 4 6.0
4 5 1.1
5 6 2.5
6 7 5.2
7 8 7.5
8 9 5.8
9 0 8.4
REQUEST_SECTION
9 3 266.8 637.5 2
9 7 469.5 1062.6 1
9 1 374.8 483.7 1
2 6 158.3 379.6 1
5 4 32.6 250.8 2
6 5 421.9 615.2 2
3 2 360.5 845.1 2
6 2 68.3 355.8 1
0 9 174.7 319.4 1
3 8 528.0 729.8 1
1 2 527.5 921.6 2
9 2 87.6 389.6 1
4 3 277.3 840.7 1
3 8 361.0 950.8 2
8 3 383.4 617.4 1
8 5 14.5 173.7 2
8 5 535.5 660.7 1
0 3 61.1 321.4 1
7 10 175.3 681.7 1
2 10 246.3 526.5 1
7 9 480.9 586.4 1
6 5 136.0 602.1 1
4 8 214.2 679.6 2
6 10 206.1 341.6 1
3 4 31.4 159.0 2
9 5 203.5 332.0 1
7 6 269.8 765.8 2
9 7 220.0 721.1 2
5 9 48.2 484.7 1
5 7 59.3 582.3 1
6 1 162.4 500.6 1
7 4 84.1 516.4 1
2 8 145.5 725.7 1
9 1 251.2 426.7 1
4 1 425.6 905.7 1
5 6 519.8 743.5 2
0 9 515.5 649.8 2
8 2 470.5 722.6 1
6 3 221.9 744.3 2
6 9 191.1 405.4 1
9 7 442.6 783.6 2
2 8 267.1 426.8 1
6 8 399.5 549.3 1
5 2 117.4 625.6 1
4 6 268.6 736.0 1
4 9 398.7 658.3 2
4 9 422.6 875.2 2
9 8 269.3 752.6 1
6 4 48.4 197.2 1
8 6 306.4 732.4 1
4 3 442.0 973.6 1
9 10 177.5 520.6 1
8 7 529.1 923.7 1
7 1 168.2 251.4 2
1 3 56.2 144.3 2
6 3 176.8 380.5 2
8 3 255.7 695.1 1
4 6 205.5 491.2 1
6 9 523.3 636.1 2
9 4 466.2 561.7 2
7 8 72.2 651.5 1
6 3 60.4 576.5 2
7 5 282.0 828.7 2
9 3 239.3 557.2 1
1 9 368.2 658.4 1
8 1 497.2 838.6 1
9 8 121.6 668.5 2
9 7 266.4 721.6 1
6 7 86.5 165.6 1
5 9 102.6 399.6 1
1 5 534.5 766.6 1
8 6 475.4 910.7 1
2 1 307.6 614.1 1
1 7 509.2 812.3 2
4 6 265.6 791.7 1
0 3 420.7 671.2 1
1 10 18.5 379.3 2
7 8 419.7 544.5 2
9 6 3.2 540.2 2
3 10 385.6 978.9 1
EOF
