NUM_STATIONS: 10
NUM_REQUESTS: 20
NUM_VEHICLES: 2
VEHICLE_CAPACITY: 2
DISTANCES
0 1 10.0
1 2 3.1
2 3 7.4
3 4 2.1
4 5 5.5
5 6 6.0
6 7 3.5
7 8 7.1
8 9 7.6
9 0 5.4
REQUEST_SECTION
4 9 185.4 373.4 2
8 3 157.6 281.1 2
4 3 17.1 199.8 2
5 2 195.0 333.6 1
7 5 208.5 290.1 1
3 6 42.3 174.8 2
9 4 205.5 395.8 1
5 4 113.3 181.4 2
7 6 50.2 210.7 2
5 4 125.4 266.4 2
6 8 110.2 283.8 1
3 1 141.1 264.8 2
3 10 197.4 369.2 2
8 9 85.2 275.2 2
8 3 161.8 315.0 2
3 2 191.6 348.4 1
0 3 28.7 185.1 2
1 3 213.1 351.2 1
7 5 76.1 193.0 1
8 7 150.1 248.5 1
EOF
