NUM_STATIONS: 10
NUM_REQUESTS: 40
NUM_VEHICLES: 2
VEHICLE_CAPACITY: 1
DISTANCES
0 1 4.3
1 2 4.7
2 3 7.7
3 4 5.3
4 5 3.2
5 6 1.5
6 7 9.1
7 8 3.7
8 9 3.4
9 0 3.5
REQUEST_SECTION
2 7 83.6 154.0 1
8 10 89.1 352.3 1
4 9 204.8 473.4 1
1 7 43.4 260.8 1
9 5 386.6 529.9 1
8 6 328.2 423.0 1
2 6 271.5 397.8 1
6 5 143.5 297.0 1
4 9 15.2 113.9 1
6 9 208.6 324.5 1
1 5 421.7 685.1 1
3 8 378.0 482.1 1
9 10 175.7 274.4 1
4 5 399.1 510.8 1
5 6 0.8 164.7 1
3 9 288.2 338.7 1
5 7 111.5 370.9 1
0 5 277.5 484.6 1
5 10 322.7 427.1 1
0 2 59.8 257.7 1
0 4 334.7 550.9 1
1 7 73.5 280.6 1
0 3 265.5 360.9 1
9 3 371.8 644.4 1
3 6 342.0 569.9 1
9 7 283.0 526.7 1
4 7 287.6 416.6 1
2 5 446.5 571.1 1
2 5 104.1 207.5 1
0 4 210.4 384.6 1
0 9 462.3 569.4 1
7 1 337.0 582.0 1
7 2 220.0 351.9 1
1 9 286.1 340.6 1
2 7 428.8 575.9 1
9 8 22.2 126.0 1
7 6 271.3 338.5 1
4 2 261.2 320.3 1
1 6 330.1 434.4 1
4 1 417.6 535.5 1
EOF
