NUM_STATIONS: 10
NUM_REQUESTS: 40
NUM_VEHICLES: 1
VEHICLE_CAPACITY: 1
DISTANCES
0 1 4.3
1 2 4.7
2 3 7.7
3 4 5.3
4 5 3.2
5 6 1.5
6 7 9.1
7 8 3.7
8 9 3.4
9 0 3.5
REQUEST_SECTION
2 7 536.4 1048.7 1
8 10 567.8 706.7 1
4 9 387.0 935.0 1
1 7 518.0 690.6 1
9 5 465.2 743.5 1
8 6 623.2 840.0 1
2 6 327.3 600.3 1
6 5 410.7 830.2 1
4 9 202.7 468.3 1
6 9 462.1 1196.0 1
1 5 364.9 444.0 1
3 8 421.9 779.9 1
9 10 114.2 442.6 1
4 5 459.8 515.4 1
5 6 658.2 1142.7 1
3 9 197.5 433.9 1
5 7 503.3 1096.5 1
0 5 608.9 1178.2 1
5 10 189.3 238.5 1
0 2 118.5 394.0 1
0 4 100.8 517.8 1
1 7 163.2 857.8 1
0 3 522.7 647.8 1
9 3 291.2 504.9 1
3 6 216.1 783.1 1
9 7 155.4 725.2 1
4 7 592.8 878.6 1
2 5 320.8 1003.2 1
2 5 613.3 875.3 1
0 4 427.5 936.1 1
0 9 637.4 1100.7 1
7 1 567.0 704.5 1
7 2 352.2 576.1 1
1 9 232.1 820.9 1
2 7 643.2 1375.8 1
9 8 1.0 590.9 1
7 6 110.2 700.1 1
4 2 315.1 992.3 1
1 6 272.5 411.6 1
4 1 422.4 953.0 1
EOF
