NUM_STATIONS: 10
NUM_REQUESTS: 20
NUM_VEHICLES: 3
VEHICLE_CAPACITY: 2
DISTANCES
0 1 8.9
1 2 4.6
2 3 7.4
3 4 8.4
4 5 9.1
5 6 4.1
6 7 8.9
7 8 3.5
8 9 7.1
9 0 5.5
REQUEST_SECTION
2 3 134.5 306.2 1
4 1 146.2 250.7 2
1 10 143.0 302.7 2
5 4 0.2 166.2 2
6 5 94.1 268.7 1
0 8 17.6 185.1 2
2 9 17.2 174.3 1
9 1 39.3 196.6 1
2 3 23.4 98.7 2
5 9 97.0 215.5 1
6 4 62.7 213.5 2
5 1 22.9 112.3 1
8 4 57.2 169.5 1
8 1 31.5 186.9 2
9 2 127.7 277.5 2
5 8 134.6 312.1 1
3 5 13.5 181.2 2
8 1 145.4 248.9 2
4 9 95.5 232.0 2
6 4 14.3 125.9 2
EOF
