NUM_STATIONS: 10
NUM_REQUESTS: 40
NUM_VEHICLES: 3
VEHICLE_CAPACITY: 4
DISTANCES
0 1 5.5
1 2 7.8
2 3 7.1
3 4 4.8
4 5 4.5
5 6 3.9
6 7 2.7
7 8 6.4
8 9 8.5
9 0 7.6
REQUEST_SECTION
8 7 5.4 80.4 4
8 6 343.8 547.0 3
7 5 32.1 226.3 1
5 10 32.5 335.6 2
6 9 214.0 444.4 3
3 4 74.6 411.4 3
4 2 100.0 215.4 4
5 3 193.1 455.5 2
5 10 371.0 610.6 3
2 9 316.9 571.3 1
2 8 75.4 312.6 2
0 7 22.1 115.3 1
4 5 293.4 593.6 1
3 9 354.4 582.1 2
5 7 324.8 596.2 4
8 4 86.6 213.6 4
9 8 35.6 148.4 2
2 10 141.7 369.2 4
4 7 320.5 541.5 4
4 10 35.6 197.1 4
7 2 79.9 288.8 1
3 5 67.9 229.8 1
1 9 27.9 215.9 4
9 8 145.8 229.2 3
5 1 13.7 254.7 3
5 3 378.3 677.8 3
5 8 169.2 242.0 3
5 6 181.6 271.3 1
0 1 380.4 470.9 2
5 2 254.5 370.9 2
5 3 192.4 528.1 3
1 10 257.2 470.4 3
2 4 282.6 563.9 2
8 3 67.9 324.6 4
5 7 195.7 499.5 3
1 10 185.1 507.8 1
5 1 111.2 343.5 2
2 6 166.4 448.1 3
7 5 166.1 343.2 2
8 7 45.3 353.6 3
EOF
