NUM_STATIONS: 10
NUM_REQUESTS: 40
NUM_VEHICLES: 1
VEHICLE_CAPACITY: 2
DISTANCES
0 1 4.3
1 2 4.7
2 3 7.7
3 4 5.3
4 5 3.2
5 6 1.5
6 7 9.1
7 8 3.7
8 9 3.4
9 0 3.5
REQUEST_SECTION
2 7 766.7 897.6 2
8 10 332.3 794.1 1
4 9 177.8 588.0 2
1 7 416.3 907.4 1
9 5 878.6 1318.2 1
8 6 748.9 1103.9 2
2 6 195.6 571.5 2
6 5 745.2 909.6 2
4 9 667.1 865.3 2
6 9 573.3 871.1 1
1 5 419.2 916.6 2
3 8 253.8 509.4 2
9 10 152.3 336.4 2
4 5 516.4 968.7 2
5 6 866.9 1057.2 1
3 9 218.2 558.7 1
5 7 371.6 542.9 1
0 5 456.4 885.9 1
5 10 797.6 864.7 1
0 2 887.0 1087.4 2
0 4 784.5 1285.0 2
1 7 240.6 650.2 1
0 3 355.4 755.3 1
9 3 484.2 873.1 2
3 6 510.6 732.9 2
9 7 604.2 832.2 1
4 7 470.6 810.0 2
2 5 830.2 1134.2 1
2 5 612.0 788.9 1
0 4 487.1 635.2 1
0 9 91.6 300.8 2
7 1 73.0 337.7 1
7 2 918.1 1242.6 2
1 9 44.1 107.3 2
2 7 34.7 410.9 1
9 8 399.8 564.0 1
7 6 681.9 835.9 1
4 2 51.9 436.8 1
1 6 447.8 857.6 2
4 1 71.3 340.0 1
EOF
