NUM_STATIONS: 10
NUM_REQUESTS: 40
NUM_VEHICLES: 3
VEHICLE_CAPACITY: 2
DISTANCES
0 1 2.8
1 2 2.9
2 3 8.4
3 4 7.3
4 5 6.1
5 6 1.6
6 7 8.4
7 8 7.7
8 9 3.2
9 0 1.5
REQUEST_SECTION
4 8 48.1 333.5 2
3 10 180.1 475.2 1
6 4 256.1 341.0 2
1 6 45.0 211.2 1
0 4 46.4 289.1 2
5 3 149.1 346.3 1
6 9 151.6 225.9 2
1 10 204.5 449.9 1
1 9 153.2 286.1 2
0 6 51.4 213.4 2
6 9 187.4 457.6 2
5 6 148.5 238.8 1
9 3 129.8 262.1 1
6 2 294.6 553.1 2
9 3 129.7 235.6 2
0 2 203.6 295.2 2
9 5 221.2 328.2 1
7 4 75.2 147.5 2
1 5 226.2 430.4 1
5 4 132.9 328.6 1
8 5 332.0 554.0 1
7 6 261.6 454.6 2
4 1 237.4 311.0 2
4 10 45.4 145.5 1
7 5 240.8 450.3 2
1 10 5.2 126.1 2
3 5 169.3 365.2 2
2 5 18.2 121.3 1
6 8 187.8 477.0 1
4 7 37.9 105.1 1
9 1 51.5 335.1 1
6 3 92.7 209.0 1
8 9 175.5 425.6 1
6 3 31.6 199.3 1
5 2 89.3 272.6 2
8 5 312.6 390.4 1
7 9 307.3 491.1 2
5 4 317.4 420.1 2
0 2 192.5 380.9 2
2 4 138.0 410.6 1
EOF
