NUM_STATIONS: 10
NUM_REQUESTS: 40
NUM_VEHICLES: 3
VEHICLE_CAPACITY: 2
DISTANCES
0 1 4.3
1 2 4.7
2 3 7.7
3 4 5.3
4 5 3.2
5 6 1.5
6 7 9.1
7 8 3.7
8 9 3.4
9 0 3.5
REQUEST_SECTION
2 7 177.5 307.0 2
8 10 32.6 222.5 1
4 9 9.6 64.9 2
1 7 73.0 190.9 2
9 5 10.2 210.8 1
8 6 0.1 77.1 2
2 6 193.1 334.8 1
6 5 31.8 176.9 2
4 9 97.8 278.5 1
6 9 83.3 230.6 1
1 5 215.0 348.3 1
3 8 47.4 237.8 2
9 10 202.0 312.6 1
4 5 98.0 170.9 2
5 6 194.0 282.0 1
3 9 167.5 324.5 1
5 7 26.2 102.4 1
0 5 166.6 232.2 2
5 10 104.9 298.2 2
0 2 2.0 149.7 2
0 4 203.1 353.0 2
1 7 100.0 180.7 2
0 3 121.7 259.4 1
9 3 161.5 362.0 1
3 6 54.3 182.8 1
9 7 220.6 385.5 2
4 7 140.0 264.2 1
2 5 96.9 196.5 1
2 5 99.5 247.8 2
0 4 77.5 141.1 1
0 9 8.3 164.2 1
7 1 228.8 281.6 2
7 2 219.8 299.8 2
1 9 214.2 372.4 2
2 7 27.9 206.4 2
9 8 114.1 271.5 2
7 6 59.1 237.3 1
4 2 187.3 330.3 2
1 6 230.6 419.7 1
4 1 75.4 139.8 2
EOF
