NUM_STATIONS: 10
NUM_REQUESTS: 40
NUM_VEHICLES: 3
VEHICLE_CAPACITY: 2
DISTANCES
0 1 4.3
1 2 4.7
2 3 7.7
3 4 5.3
4 5 3.2
5 6 1.5
6 7 9.1
7 8 3.7
8 9 3.4
9 0 3.5
REQUEST_SECTION
2 7 91.1 216.9 2
8 10 30.3 175.9 1
4 9 173.2 271.2 2
1 7 127.2 255.3 2
9 5 308.4 357.5 1
8 6 163.2 243.4 2
2 6 49.3 213.4 1
6 5 241.1 360.8 2
4 9 0.0 126.6 1
6 9 117.5 305.5 1
1 5 110.9 180.2 1
3 8 37.0 171.8 2
9 10 141.6 273.6 1
4 5 23.1 126.5 2
5 6 173.0 272.1 1
3 9 230.7 330.3 1
5 7 133.7 186.5 1
0 5 160.3 343.2 2
5 10 244.8 356.6 2
0 2 269.4 428.6 2
0 4 111.8 299.1 2
1 7 66.0 125.7 2
0 3 226.4 375.7 1
9 3 243.6 376.0 1
3 6 197.2 297.3 1
9 7 156.2 236.8 2
4 7 263.2 322.3 1
2 5 51.6 197.4 1
2 5 96.4 248.5 2
0 4 289.7 343.7 1
0 9 210.0 354.5 1
7 1 150.7 276.8 2
7 2 288.2 473.0 2
1 9 229.3 335.7 2
2 7 63.0 114.2 2
9 8 179.2 343.4 2
7 6 152.1 311.3 1
4 2 141.1 229.5 2
1 6 120.4 195.8 1
4 1 94.8 295.4 2
EOF
