NUM_STATIONS: 10
NUM_REQUESTS: 20
NUM_VEHICLES: 1
VEHICLE_CAPACITY: 1
DISTANCES
0 1 6.6
1 2 8.7
2 3 5.9
3 4 9.0
4 5 3.2
5 6 7.2
6 7 4.7
7 8 8.2
8 9 3.5
9 0 6.8
REQUEST_SECTION
3 5 88.3 319.8 1
1 7 316.1 456.3 1
4 5 32.2 419.4 1
0 6 355.0 516.7 1
1 7 139.3 349.0 1
6 7 93.7 332.5 1
0 8 528.4 841.8 1
1 4 253.3 708.5 1
0 5 105.9 423.3 1
6 1 632.8 747.7 1
0 8 182.8 528.5 1
8 2 254.2 602.7 1
8 2 195.8 374.4 1
4 1 517.0 944.9 1
4 7 79.9 280.5 1
5 10 527.9 721.5 1
7 3 530.8 920.3 1
6 2 267.0 439.9 1
0 8 381.7 915.1 1
5 8 120.4 418.6 1
EOF
