NUM_STATIONS: 10
NUM_REQUESTS: 20
NUM_VEHICLES: 2
VEHICLE_CAPACITY: 4
DISTANCES
0 1 8.9
1 2 4.6
2 3 7.4
3 4 8.4
4 5 9.1
5 6 4.1
6 7 8.9
7 8 3.5
8 9 7.1
9 0 5.5
REQUEST_SECTION
2 3 147.2 322.5 3
4 1 111.3 337.5 2
1 10 68.6 272.6 4
5 4 45.9 182.6 3
6 5 92.1 220.4 1
0 8 233.6 343.5 3
2 9 93.9 162.0 4
9 1 184.3 292.3 3
2 3 31.7 271.6 4
5 9 117.0 401.6 3
6 4 175.1 473.8 2
5 1 54.9 243.6 3
8 4 112.0 184.7 2
8 1 58.3 180.4 1
9 2 145.8 356.1 3
5 8 209.9 411.8 3
3 5 220.0 344.9 3
8 1 110.1 247.5 3
4 9 237.2 343.3 2
6 4 36.8 117.4 2
EOF
