NUM_STATIONS: 10
NUM_REQUESTS: 80
NUM_VEHICLES: 2
VEHICLE_CAPACITY: 2
DISTANCES
0 1 2.4
1 2 8.8
2 3 9.2
3 4 4.4
4 5 2.3
5 6 10.0
6 7 6.1
7 8 3.9
8 9 6.9
9 0 4.1
REQUEST_SECTION
4 2 244.9 842.8 1
1 6 548.1 924.4 2
9 8 744.5 1512.0 2
7 1 522.8 1381.0 2
1 5 366.2 935.1 1
5 9 383.0 624.0 1
1 5 223.9 700.4 1
5 6 782.0 1152.5 2
2 8 376.7 912.9 2
6 1 475.0 1361.6 1
5 3 665.0 813.9 1
2 7 567.2 679.1 2
5 9 769.9 951.0 2
0 2 38.3 336.6 2
1 8 289.4 954.6 2
7 10 130.3 374.2 1
1 3 55.8 938.0 2
5 3 721.1 1331.3 2
2 5 251.7 575.7 2
4 8 161.9 754.5 1
2 4 40.4 387.5 2
4 2 24.9 825.4 2
7 10 375.5 1028.3 1
5 6 63.7 662.0 2
5 9 743.9 1620.9 2
7 6 537.3 941.0 2
1 5 234.1 783.6 1
1 2 691.8 1373.1 1
9 1 663.1 1390.7 1
3 7 78.7 355.8 2
7 2 340.0 905.9 1
1 7 229.7 894.1 1
3 8 632.8 1479.5 2
1 5 280.6 703.8 2
1 8 825.5 1583.8 1
3 9 639.7 1124.8 1
1 10 816.7 1631.8 2
7 2 441.3 543.3 2
3 6 233.4 1059.2 1
8 7 263.9 844.7 2
1 2 424.2 991.7 2
0 7 214.2 447.8 1
0 3 523.0 1319.7 1
0 4 494.1 695.6 1
6 5 154.2 1068.6 1
5 8 661.2 900.7 2
1 10 843.9 1356.6 1
5 6 335.5 966.5 2
4 7 385.3 631.6 2
8 9 180.3 842.8 1
5 8 142.9 676.0 1
6 7 677.2 904.7 2
0 8 347.8 855.6 2
1 9 138.6 364.9 1
0 5 753.0 845.4 1
0 4 819.6 1299.7 1
4 9 21.8 652.2 2
3 1 145.7 564.9 1
7 2 748.7 1588.4 2
5 8 345.0 740.6 2
2 10 399.6 507.5 2
7 9 415.4 568.5 1
8 5 370.7 1023.1 2
5 6 225.6 381.4 1
8 2 367.6 866.5 2
5 2 746.7 1313.2 1
5 1 706.4 917.6 2
8 7 550.0 634.0 2
3 7 676.4 1171.8 1
4 7 486.2 1259.6 2
6 4 735.6 1257.2 1
9 7 104.5 262.7 1
9 3 168.3 429.9 1
9 5 344.8 611.8 2
9 10 592.0 701.5 1
8 10 424.5 493.8 1
9 6 838.0 1048.0 2
3 9 833.2 955.6 2
2 9 570.9 1184.7 2
2 4 359.4 1055.4 1
EOF
