NUM_STATIONS: 10
NUM_REQUESTS: 160
NUM_VEHICLES: 2
VEHICLE_CAPACITY: 2
DISTANCES
0 1 3.6
1 2 7.3
2 3 7.4
3 4 1.6
4 5 9.1
5 6 1.1
6 7 5.1
7 8 5.3
8 9 9.0
9 0 2.6
REQUEST_SECTION
0 6 144.5 852.6 1
6 7 333.0 1342.4 2
7 6 444.7 1339.2 1
0 1 1306.4 2372.9 1
4 3 1550.6 2306.6 2
6 10 947.8 1078.1 1
5 2 1442.0 2064.8 2
1 3 558.5 1309.9 1
0 6 547.8 1389.6 2
6 1 1255.5 1420.4 1
4 5 1485.0 1887.4 1
6 2 446.7 722.4 2
3 4 1253.4 2198.9 1
3 4 390.4 602.9 2
7 9 1223.6 2527.1 1
9 3 1245.7 2150.2 1
9 7 1445.6 2886.4 2
4 8 424.4 589.5 1
3 7 1478.0 2423.5 2
2 3 448.7 1913.3 1
0 7 926.4 2457.8 2
1 5 75.5 838.1 2
8 2 1504.8 1770.7 1
5 3 689.5 1930.8 1
5 9 669.2 907.9 1
1 6 1158.8 2650.2 2
1 6 595.9 888.0 2
4 2 607.4 1327.5 1
5 3 595.6 2100.2 2
4 7 1118.4 2150.7 1
6 5 1442.1 2903.3 1
3 7 24.4 196.3 1
5 3 684.1 2138.4 1
4 9 1438.8 1693.7 1
2 6 1145.7 1929.3 2
8 4 612.8 1398.2 2
0 3 706.5 872.1 1
8 9 569.4 2059.0 2
9 5 1249.1 2214.3 1
5 7 485.8 994.2 2
1 5 160.9 463.7 2
6 8 1159.1 2096.4 1
3 8 708.2 829.1 1
8 5 1530.4 1807.9 1
3 10 1536.2 1993.4 1
8 7 236.1 1114.2 2
9 4 39.8 1328.9 1
6 2 1253.7 1504.4 2
9 7 1228.1 1673.8 2
0 8 1540.4 2445.8 2
3 9 959.8 1929.5 2
7 10 507.9 664.6 1
7 3 1036.9 2355.0 2
4 1 1389.9 2507.4 1
1 3 1513.4 2111.4 1
4 9 433.2 1057.3 1
6 7 1043.2 1112.8 1
3 9 1405.3 2989.6 1
1 5 810.3 990.0 2
9 7 1165.4 1951.4 1
4 8 520.9 1537.7 2
7 10 1041.5 2268.2 2
2 9 820.0 1567.8 2
8 1 739.1 2309.4 1
1 7 613.8 2107.6 2
8 5 1294.6 2106.8 2
7 3 520.9 2046.5 1
3 5 460.6 1019.6 2
0 5 936.1 1419.5 1
9 4 762.4 1419.5 2
5 8 1224.1 2432.2 1
9 8 1066.6 1442.1 2
6 9 1073.0 1460.7 2
8 1 1311.2 2189.3 2
6 7 1115.2 1336.3 1
6 1 647.5 1447.8 1
3 5 709.5 1078.7 2
4 7 1392.2 2447.7 2
6 3 969.7 1796.5 1
4 5 608.1 1884.3 2
0 1 1523.3 1604.4 1
8 5 531.8 1408.0 2
3 4 655.0 1020.7 2
2 6 846.5 2103.9 2
9 4 1432.2 2674.9 2
6 8 881.9 1070.5 1
6 2 533.6 1696.5 1
7 2 1401.6 2941.5 1
1 8 16.3 799.2 1
9 5 1123.9 2730.5 2
6 2 1493.2 2519.8 2
1 5 1161.1 1457.3 1
5 4 998.3 1647.6 2
8 10 1547.5 3094.8 1
3 6 469.2 878.1 2
5 2 1469.3 2541.1 1
6 3 806.5 2151.2 1
4 6 1484.0 2551.1 2
5 7 276.5 1415.2 2
2 3 521.9 1892.3 2
4 9 857.8 2006.7 2
4 1 71.8 500.9 1
5 6 818.8 2246.9 2
5 10 502.9 1544.9 1
8 9 1216.7 2242.5 1
3 5 355.0 1276.7 2
3 8 1471.5 2741.5 1
7 8 802.9 1473.8 1
4 8 724.4 1825.7 1
1 6 1031.4 2416.5 1
3 9 524.4 1498.0 1
0 8 843.5 1788.7 1
0 5 459.6 1716.6 1
1 8 942.8 1366.3 1
3 6 1093.6 1774.1 2
7 1 1528.8 2966.0 2
7 1 1123.1 2259.7 1
4 1 625.2 1789.8 2
1 2 1545.7 2407.0 1
8 5 620.6 985.5 2
6 4 617.7 1749.8 2
3 6 918.0 2234.6 1
2 8 234.0 888.8 1
6 1 855.1 2461.4 1
6 10 1234.4 2448.2 1
0 2 201.2 1658.9 1
0 1 429.6 754.7 1
3 9 1005.3 1743.0 1
2 8 1351.2 2091.5 1
4 5 1238.1 1427.6 2
1 5 1334.6 2896.2 2
4 2 1253.2 1535.4 2
1 3 1442.7 2259.9 1
1 3 963.4 2213.3 2
6 1 268.9 1186.7 1
8 9 917.3 1761.8 2
7 6 876.9 2239.4 1
1 7 854.3 2072.2 2
6 1 1326.7 2808.4 1
4 6 1080.7 2149.4 2
3 9 1179.6 1900.3 2
2 9 247.2 401.6 1
6 9 704.3 1137.8 2
2 4 1141.9 1285.1 2
9 6 86.2 1048.3 1
1 6 828.1 1506.0 2
3 2 453.1 1561.4 1
4 1 266.7 1553.9 1
8 9 1472.5 3088.0 2
4 3 341.0 517.9 1
7 5 472.9 1418.6 2
3 5 604.8 1137.8 2
6 7 388.0 1042.6 2
9 5 606.9 1863.4 1
6 5 110.9 918.3 1
3 8 1291.8 2874.3 2
4 9 1220.2 2389.6 1
4 10 56.5 1262.8 2
6 8 1525.0 2686.3 2
3 1 489.4 766.6 1
EOF
