NUM_STATIONS: 10
NUM_REQUESTS: 160
NUM_VEHICLES: 1
VEHICLE_CAPACITY: 2
DISTANCES
0 1 6.3
1 2 1.5
2 3 7.8
3 4 9.8
4 5 9.9
5 6 6.9
6 7 1.6
7 8 5.2
8 9 2.2
9 0 6.8
REQUEST_SECTION
3 7 1020.4 2669.8 2
2 4 2544.8 4642.8 2
2 7 4078.1 5059.1 2
7 4 1703.0 3902.6 1
4 10 3236.3 3318.0 2
1 4 3717.8 5793.5 2
2 1 1260.1 1593.5 2
5 9 2820.0 5889.0 1
7 3 4520.6 5534.5 2
0 7 821.0 2607.0 1
0 3 2979.4 5974.6 2
0 5 4506.5 7863.2 2
0 3 3595.3 3749.7 2
8 4 2553.0 3260.2 2
3 4 100.3 2657.7 2
0 7 1014.5 4077.3 1
5 4 1130.3 2579.5 2
9 8 3809.3 4031.0 1
8 6 4299.1 4474.1 2
9 7 3334.2 4849.3 1
9 4 1066.3 1245.5 2
2 4 2234.7 3416.8 1
9 3 2103.4 2170.0 1
9 5 1499.0 3613.1 1
1 6 914.7 2219.1 1
9 4 3753.6 5665.5 2
9 2 19.0 1986.0 1
7 2 4057.3 4166.0 1
3 9 3525.0 6956.3 1
1 2 3151.8 3275.1 1
5 6 2936.3 3914.9 1
0 8 1537.4 3674.4 2
1 4 3903.3 4525.0 1
8 3 49.9 2281.8 1
0 1 79.3 1859.0 1
3 2 2438.9 3385.5 2
9 8 2139.7 4181.8 1
0 9 3852.6 5628.6 1
7 6 269.4 2210.5 2
6 2 2499.6 5268.2 1
2 3 670.6 3982.5 1
2 3 4468.4 7994.6 2
2 8 469.0 3994.1 2
7 3 3280.5 6188.2 1
5 1 4441.4 4503.2 2
9 6 1625.8 4402.3 1
0 2 3639.7 4390.9 1
5 2 1159.8 1222.2 2
0 4 764.6 2689.4 1
0 1 4602.5 7962.3 1
8 5 2371.0 5280.7 1
1 9 2436.0 3070.6 2
9 10 2414.5 4125.1 1
9 10 2362.9 3654.3 1
3 10 2540.4 4551.8 2
0 5 4200.2 6789.4 2
9 3 797.5 1508.4 1
1 7 1579.6 1754.0 2
2 9 3460.3 6993.2 2
2 9 1316.3 1951.0 2
2 7 924.8 4035.8 2
5 1 2572.7 5246.6 1
6 4 4133.2 6033.2 1
1 4 943.4 3225.8 1
5 3 3590.9 3983.4 2
2 5 1359.4 3786.1 1
4 10 3125.1 4783.9 1
0 6 2828.0 5396.3 2
3 2 4375.9 5801.9 1
6 1 3885.9 4638.6 1
6 1 1338.6 2129.7 1
7 1 1062.9 2044.7 1
9 10 190.7 529.2 1
3 4 1388.7 4304.3 2
3 6 3047.1 5361.5 2
1 4 2671.0 4096.5 1
2 4 3364.8 3879.9 1
6 9 4352.5 5246.9 2
3 7 1263.5 3211.2 2
9 4 2675.0 4840.6 1
5 4 2937.2 3678.2 2
0 3 465.6 2309.4 1
1 3 3140.6 3721.4 1
9 1 3842.6 3986.1 1
4 3 3111.4 5779.2 1
9 10 3663.4 4956.1 2
8 7 2575.8 5830.8 2
1 7 2199.8 4882.7 2
7 6 4272.5 5581.1 1
2 5 3960.3 5991.9 1
0 2 2131.6 3304.2 2
5 7 3293.7 4634.6 1
3 7 830.0 1165.1 2
4 10 3730.1 5836.2 2
5 10 724.7 3601.5 1
7 5 4225.6 6117.4 1
1 6 527.2 3970.7 1
7 1 1188.3 1838.0 2
1 5 2781.1 5989.8 1
6 8 1791.4 4321.0 1
3 5 235.8 2909.0 1
9 7 4624.5 5296.3 2
4 9 2445.8 3877.6 1
7 4 3523.2 3876.9 2
4 9 1784.7 3757.6 2
8 2 3122.0 4959.4 1
4 9 3180.7 5569.6 1
2 1 4499.9 6272.3 2
8 10 2840.3 5748.7 1
5 1 516.3 1159.3 1
9 1 3134.1 3821.3 2
0 4 4191.2 6200.4 1
0 2 4611.4 5861.2 2
6 1 1198.5 2671.6 1
5 4 1975.4 2105.5 2
5 1 2994.1 6333.6 1
0 9 3891.0 5289.9 2
6 9 3461.5 3702.3 1
6 5 1348.5 3602.6 2
7 9 1671.1 4100.5 2
8 6 1920.9 5324.2 1
1 6 389.0 3664.2 1
2 8 3584.6 5847.1 1
1 9 3689.0 6168.2 1
0 8 2234.7 3083.5 2
7 1 2209.3 3600.4 2
3 9 4032.9 6833.6 1
7 10 1893.0 3327.2 1
2 4 2118.9 2191.2 2
8 7 1213.6 1303.2 1
7 1 216.9 534.2 2
3 7 571.1 2088.2 2
9 5 897.2 2418.2 1
0 8 4554.3 6012.8 2
9 3 3890.3 7080.4 2
5 8 3289.7 5078.3 1
1 3 1835.6 4264.5 2
1 9 322.0 756.2 1
5 9 298.4 1850.7 1
2 5 3627.3 5216.4 1
8 3 3021.7 6435.4 2
1 8 787.1 3170.0 1
6 9 3168.6 3381.5 2
0 9 2018.9 2951.6 1
4 7 429.8 2011.1 2
2 8 355.5 3181.5 2
1 6 1205.3 4483.2 2
1 10 2292.8 3629.1 2
0 5 3167.2 4640.4 2
3 9 1404.1 3816.3 2
5 9 318.0 3005.1 1
4 5 1825.7 1947.5 1
7 1 569.0 2648.4 2
9 1 1245.4 2682.2 2
4 10 3766.8 5762.9 1
6 1 3164.2 5724.7 1
7 3 1811.8 3505.9 2
3 8 557.2 2316.8 1
0 9 4494.4 6798.3 2
5 3 699.0 3818.6 1
EOF
