NUM_STATIONS: 10
NUM_REQUESTS: 40
NUM_VEHICLES: 3
VEHICLE_CAPACITY: 1
DISTANCES
0 1 5.5
1 2 7.8
2 3 7.1
3 4 4.8
4 5 4.5
5 6 3.9
6 7 2.7
7 8 6.4
8 9 8.5
9 0 7.6
REQUEST_SECTION
8 7 251.3 348.4 1
8 6 95.6 172.1 1
7 5 284.9 431.1 1
5 10 142.8 393.6 1
6 9 264.9 347.1 1
3 4 193.5 393.6 1
4 2 64.5 163.2 1
5 3 82.3 168.0 1
5 10 21.4 219.5 1
2 9 149.8 270.3 1
2 8 142.5 301.0 1
0 7 4.6 226.4 1
4 5 57.4 141.3 1
3 9 128.5 214.7 1
5 7 253.7 480.6 1
8 4 192.7 378.1 1
9 8 129.3 307.9 1
2 10 205.4 387.3 1
4 7 160.0 318.9 1
4 10 220.3 350.0 1
7 2 258.6 351.7 1
3 5 285.4 364.6 1
1 9 23.2 89.7 1
9 8 37.2 238.5 1
5 1 18.6 128.9 1
5 3 65.1 127.7 1
5 8 113.8 307.8 1
5 6 272.9 377.5 1
0 1 190.8 285.2 1
5 2 59.4 184.1 1
5 3 246.7 413.5 1
1 10 211.1 410.1 1
2 4 225.5 375.3 1
8 3 165.0 244.8 1
5 7 71.9 312.2 1
1 10 236.0 332.3 1
5 1 32.7 271.8 1
2 6 0.5 227.2 1
7 5 26.8 276.9 1
8 7 174.4 370.2 1
EOF
