NUM_STATIONS: 10
NUM_REQUESTS: 80
NUM_VEHICLES: 3
VEHICLE_CAPACITY: 2
DISTANCES
0 1 2.4
1 2 8.8
2 3 9.2
3 4 4.4
4 5 2.3
5 6 10.0
6 7 6.1
7 8 3.9
8 9 6.9
9 0 4.1
REQUEST_SECTION
4 2 206.9 685.8 1
1 6 411.4 934.4 2
9 8 570.0 1097.2 2
7 1 294.7 648.7 2
1 5 449.7 1047.9 1
5 9 484.4 1043.4 1
1 5 290.1 394.2 2
5 6 219.8 451.6 2
2 8 450.2 548.0 1
6 1 130.8 500.4 2
5 3 39.5 190.8 1
2 7 40.1 400.7 1
5 9 542.6 601.1 1
0 2 328.0 397.6 1
1 8 221.7 346.1 1
7 10 554.6 817.8 2
1 3 470.6 967.9 2
5 3 372.6 607.9 1
2 5 218.8 507.6 2
4 8 496.5 994.1 2
2 4 143.6 568.2 1
4 2 36.9 126.0 1
7 10 347.9 852.1 2
5 6 180.0 621.8 2
5 9 466.5 1057.4 2
7 6 52.3 172.0 2
1 5 400.2 936.2 1
1 2 566.1 1079.9 1
9 1 169.8 369.0 1
3 7 340.3 751.4 2
7 2 579.5 727.2 2
1 7 75.4 176.7 1
3 8 274.2 653.3 2
1 5 58.9 559.6 2
1 8 186.3 326.8 2
3 9 197.5 706.5 2
1 10 485.2 947.9 2
7 2 51.0 231.2 2
3 6 446.9 710.8 1
8 7 122.0 247.8 2
1 2 312.8 753.5 1
0 7 128.2 208.6 1
0 3 434.7 835.4 1
0 4 167.3 592.5 2
6 5 264.5 557.0 1
5 8 500.5 792.2 2
1 10 44.9 413.0 1
5 6 47.1 161.9 1
4 7 202.6 463.1 2
8 9 369.8 881.2 1
5 8 132.4 217.1 1
6 7 117.5 236.5 1
0 8 100.9 426.9 2
1 9 85.8 641.7 1
0 5 396.8 496.0 2
0 4 370.4 570.8 1
4 9 292.1 920.9 1
3 1 467.1 538.3 1
7 2 248.3 405.2 2
5 8 81.7 679.7 2
2 10 43.6 550.2 1
7 9 449.4 802.4 2
8 5 327.4 783.5 1
5 6 439.8 978.7 2
8 2 276.8 500.5 1
5 2 41.3 174.0 1
5 1 26.1 386.1 1
8 7 267.4 870.9 2
3 7 543.0 698.8 1
4 7 445.1 895.0 2
6 4 316.7 697.0 2
9 7 540.7 760.3 2
9 3 143.9 481.3 1
9 5 177.9 762.0 1
9 10 255.2 707.4 2
8 10 256.3 429.1 2
9 6 487.2 860.7 1
3 9 572.7 737.7 2
2 9 536.9 855.6 1
2 4 514.4 760.3 2
EOF
