NUM_STATIONS: 10
NUM_REQUESTS: 80
NUM_VEHICLES: 3
VEHICLE_CAPACITY: 1
DISTANCES
0 1 5.3
1 2 5.1
2 3 4.1
3 4 5.8
4 5 8.8
5 6 4.0
6 7 7.4
7 8 2.6
8 9 6.4
9 0 5.7
REQUEST_SECTION
7 4 104.0 403.9 1
7 1 499.4 863.9 1
9 2 248.4 536.2 1
2 9 518.0 648.0 1
6 10 223.5 463.1 1
0 9 36.6 297.9 1
6 8 239.8 422.3 1
2 3 140.0 521.9 1
4 7 559.2 892.5 1
1 4 642.7 1025.7 1
5 9 118.6 390.7 1
7 1 365.2 420.3 1
5 3 666.8 791.7 1
4 10 44.2 319.4 1
0 1 102.0 426.1 1
8 9 558.3 765.6 1
8 2 180.3 551.5 1
8 4 529.6 741.6 1
1 5 532.5 679.9 1
5 3 666.7 816.8 1
8 2 490.3 648.2 1
3 6 554.7 760.0 1
5 4 482.3 699.6 1
7 9 397.2 549.9 1
3 5 272.5 575.2 1
7 8 22.9 183.4 1
0 8 485.6 632.4 1
9 2 320.6 472.5 1
1 6 285.9 482.1 1
4 7 149.9 229.5 1
0 7 592.0 730.6 1
5 7 497.4 842.6 1
4 7 553.8 749.0 1
1 6 117.0 425.6 1
0 9 345.8 626.7 1
8 9 297.3 657.4 1
2 5 205.4 596.4 1
1 10 56.9 420.0 1
3 2 693.6 950.2 1
9 6 146.2 451.2 1
7 8 714.7 872.1 1
6 8 92.6 462.6 1
6 3 476.5 675.8 1
0 6 60.0 458.4 1
1 6 51.9 366.6 1
0 7 569.8 921.0 1
6 3 723.9 850.6 1
3 2 106.9 382.4 1
8 10 510.5 711.1 1
6 3 545.4 834.1 1
9 8 594.6 749.3 1
1 6 593.3 771.2 1
3 2 106.1 398.1 1
2 5 406.2 641.0 1
6 1 386.1 775.3 1
9 4 507.1 859.0 1
7 9 586.8 689.0 1
1 2 540.9 642.1 1
8 4 596.2 727.1 1
3 7 89.8 216.7 1
1 8 483.9 644.5 1
3 5 471.0 699.5 1
6 4 710.0 771.7 1
5 9 197.1 540.1 1
4 3 369.0 737.4 1
1 8 643.3 809.2 1
0 9 648.3 720.7 1
9 5 649.9 968.2 1
2 9 493.7 728.6 1
6 2 276.3 342.3 1
9 1 472.2 545.0 1
9 3 512.2 880.4 1
5 2 356.4 618.0 1
8 10 70.2 361.3 1
3 7 546.6 660.2 1
7 5 296.9 629.8 1
0 5 196.8 264.3 1
6 1 236.5 566.7 1
7 1 694.0 881.1 1
3 9 224.9 577.7 1
EOF
