NUM_STATIONS: 10
NUM_REQUESTS: 20
NUM_VEHICLES: 2
VEHICLE_CAPACITY: 4
DISTANCES
0 1 6.6
1 2 8.7
2 3 5.9
3 4 9.0
4 5 3.2
5 6 7.2
6 7 4.7
7 8 8.2
8 9 3.5
9 0 6.8
REQUEST_SECTION
3 5 174.7 371.2 2
1 7 203.4 389.3 4
4 5 128.5 313.9 4
0 6 184.6 387.2 3
1 7 123.8 217.6 3
6 7 202.2 399.7 3
0 8 96.5 176.4 1
1 4 54.6 217.8 2
0 5 132.9 299.9 3
6 1 142.7 233.5 4
0 8 106.6 269.2 1
8 2 174.1 240.4 1
8 2 177.9 271.3 4
4 1 138.2 298.9 4
4 7 146.2 331.7 1
5 10 234.5 397.9 3
7 3 118.7 330.9 4
6 2 20.0 204.9 2
0 8 175.8 271.2 2
5 8 140.1 286.8 4
EOF
