NUM_STATIONS: 10
NUM_REQUESTS: 20
NUM_VEHICLES: 1
VEHICLE_CAPACITY: 8
DISTANCES
0 1 10.0
1 2 3.1
2 3 7.4
3 4 2.1
4 5 5.5
5 6 6.0
6 7 3.5
7 8 7.1
8 9 7.6
9 0 5.4
REQUEST_SECTION
4 9 276.9 367.7 8
8 3 64.5 472.2 1
4 3 559.1 743.1 8
5 2 447.3 879.2 5
7 5 453.0 751.7 2
3 6 485.8 577.0 5
9 4 530.3 923.8 2
5 4 279.0 674.9 1
7 6 199.0 524.6 5
5 4 228.2 403.9 3
6 8 295.7 437.5 5
3 1 233.7 343.0 6
3 10 47.4 512.7 3
8 9 242.9 486.7 8
8 3 416.2 643.8 1
3 2 434.0 504.1 8
0 3 114.2 599.8 3
1 3 186.0 646.8 1
7 5 350.8 649.1 6
8 7 477.0 539.1 4
EOF
