NUM_STATIONS: 10
NUM_REQUESTS: 20
NUM_VEHICLES: 3
VEHICLE_CAPACITY: 1
DISTANCES
0 1 8.3
1 2 2.5
2 3 8.9
3 4 6.4
4 5 8.5
5 6 5.9
6 7 7.6
7 8 9.1
8 9 7.1
9 0 6.5
REQUEST_SECTION
4 1 22.4 261.4 1
9 3 89.7 182.2 1
9 10 142.5 305.1 1
7 2 94.6 199.9 1
9 1 11.1 172.1 1
4 2 129.8 327.3 1
1 10 42.1 197.6 1
1 5 36.0 212.5 1
5 7 84.3 307.3 1
6 7 94.4 320.3 1
2 1 130.5 211.5 1
0 3 30.5 233.3 1
8 5 59.3 298.2 1
0 6 91.6 233.0 1
3 2 5.6 206.6 1
1 2 4.1 223.3 1
0 9 39.1 199.5 1
2 5 15.9 144.5 1
2 1 40.7 194.3 1
9 8 6.5 182.9 1
EOF
