NUM_STATIONS: 10
NUM_REQUESTS: 20
NUM_VEHICLES: 2
VEHICLE_CAPACITY: 2
DISTANCES
0 1 8.3
1 2 2.5
2 3 8.9
3 4 6.4
4 5 8.5
5 6 5.9
6 7 7.6
7 8 9.1
8 9 7.1
9 0 6.5
REQUEST_SECTION
4 1 340.1 443.7 1
9 3 206.4 377.8 2
9 10 144.1 215.1 1
7 2 322.7 489.1 2
9 1 263.5 484.7 2
4 2 326.1 470.7 1
1 10 241.3 398.0 2
1 5 78.3 193.4 1
5 7 328.0 522.1 2
6 7 71.7 159.4 2
2 1 43.1 226.8 2
0 3 236.0 351.9 1
8 5 259.5 378.6 1
0 6 42.1 206.1 2
3 2 334.1 553.1 1
1 2 1.9 179.7 2
0 9 22.7 221.8 2
2 5 242.3 366.1 1
2 1 176.4 371.2 2
9 8 144.0 343.5 1
EOF
