NUM_STATIONS: 10
NUM_REQUESTS: 20
NUM_VEHICLES: 3
VEHICLE_CAPACITY: 1
DISTANCES
0 1 6.6
1 2 8.7
2 3 5.9
3 4 9.0
4 5 3.2
5 6 7.2
6 7 4.7
7 8 8.2
8 9 3.5
9 0 6.8
REQUEST_SECTION
3 5 16.7 127.9 1
1 7 34.7 119.6 1
4 5 21.3 101.0 1
0 6 191.7 357.6 1
1 7 67.9 208.3 1
6 7 69.3 222.1 1
0 8 120.3 222.9 1
1 4 45.3 194.3 1
0 5 112.7 249.7 1
6 1 46.8 213.5 1
0 8 23.5 169.5 1
8 2 56.6 181.8 1
8 2 18.0 113.0 1
4 1 173.3 267.0 1
4 7 187.3 285.3 1
5 10 17.7 148.4 1
7 3 156.4 323.9 1
6 2 153.1 235.1 1
0 8 4.5 129.2 1
5 8 206.4 278.2 1
EOF
