NUM_STATIONS: 10
NUM_REQUESTS: 20
NUM_VEHICLES: 3
VEHICLE_CAPACITY: 1
DISTANCES
0 1 8.9
1 2 4.6
2 3 7.4
3 4 8.4
4 5 9.1
5 6 4.1
6 7 8.9
7 8 3.5
8 9 7.1
9 0 5.5
REQUEST_SECTION
2 3 63.1 215.6 1
4 1 70.2 195.0 1
1 10 66.8 272.2 1
5 4 10.0 161.7 1
6 5 23.4 170.1 1
0 8 141.4 347.8 1
2 9 96.7 292.9 1
9 1 118.4 254.1 1
2 3 19.4 237.6 1
5 9 39.1 186.7 1
6 4 106.1 183.5 1
5 1 162.1 326.6 1
8 4 97.1 189.4 1
8 1 153.9 233.0 1
9 2 11.5 195.6 1
5 8 62.8 288.7 1
3 5 21.7 126.9 1
8 1 75.7 184.9 1
4 9 155.6 340.9 1
6 4 72.3 170.0 1
EOF
