NUM_STATIONS: 10
NUM_REQUESTS: 160
NUM_VEHICLES: 1
VEHICLE_CAPACITY: 4
DISTANCES
0 1 6.3
1 2 7.7
2 3 3.8
3 4 4.5
4 5 9.5
5 6 2.1
6 7 8.1
7 8 3.8
8 9 3.5
9 0 1.8
REQUEST_SECTION
8 5 16.4 250.6 2
2 7 463.8 1057.5 2
0 6 1532.2 4409.7 4
4 2 611.4 892.8 4
6 1 2491.2 4251.6 4
6 5 2397.8 3121.7 1
4 5 1876.1 4115.0 3
1 7 2747.8 4008.7 3
9 1 2233.2 4872.2 2
8 4 2570.7 3358.0 4
6 8 478.1 2794.3 2
3 10 1336.0 1962.3 2
9 6 1101.2 1804.0 1
1 3 318.3 3154.3 1
9 1 190.3 1406.9 2
6 5 439.0 660.2 2
1 10 466.9 2220.8 2
0 8 545.9 2330.9 3
7 10 2689.7 3645.0 1
2 5 435.6 1510.3 1
3 9 2997.6 4963.3 2
9 5 2207.3 3805.3 1
2 4 2796.0 5860.7 4
0 5 2004.0 2641.5 2
6 5 2570.8 5396.3 2
1 3 2480.1 5242.9 1
7 5 1546.8 4602.6 2
0 4 1300.7 2421.7 1
2 10 2135.9 2562.6 3
1 10 1323.9 2190.6 2
4 1 1281.4 3387.3 3
5 8 835.1 2208.4 1
8 5 1331.2 2508.3 1
4 10 295.6 2696.1 3
6 3 1106.1 3391.8 1
6 5 2351.1 5272.8 4
1 7 2861.3 5530.7 3
3 1 1748.1 4410.4 2
0 3 1931.3 2568.1 4
3 2 92.4 2706.7 3
7 4 880.7 1847.5 3
6 4 2286.3 4612.8 4
3 8 2702.6 3180.3 1
7 2 2012.6 4502.8 2
8 3 385.4 3250.9 4
8 2 1919.0 3345.7 1
2 3 78.2 200.3 1
0 1 2368.0 2493.4 1
5 8 238.1 495.5 4
2 7 1343.5 2719.8 2
8 4 738.8 2625.8 1
3 8 631.2 2961.1 3
2 5 1075.3 2608.5 3
4 1 2674.8 5455.7 2
6 4 392.2 1970.0 4
4 5 2412.2 3359.1 1
6 7 1347.3 1934.2 3
2 8 1370.8 3470.1 3
8 10 2974.1 4298.1 3
9 8 2387.0 5016.2 3
9 3 2929.7 5787.5 3
8 9 3040.6 5511.5 1
8 9 418.9 3310.9 4
8 10 1297.4 3637.2 3
3 9 1803.3 3029.8 2
2 8 822.3 2777.5 3
7 3 1813.1 4725.2 3
1 8 1895.4 3540.1 3
9 1 556.2 3379.3 1
4 6 2143.8 4206.2 1
2 10 1681.7 3951.3 1
0 3 2207.8 3562.7 4
0 5 2892.0 5517.4 3
5 3 742.3 3625.8 4
9 3 720.2 2816.3 2
9 4 1434.4 3643.1 3
3 2 2397.3 4243.2 2
5 4 1127.3 1263.5 1
7 1 2408.6 4086.2 1
0 7 103.1 1445.1 3
5 8 2316.1 2985.6 3
9 1 553.9 3053.0 1
3 4 821.3 2157.8 1
4 9 608.3 3532.9 3
5 1 2019.6 4114.8 2
5 2 2001.4 3860.5 1
2 1 2507.9 3611.5 3
8 2 2007.5 2089.7 2
0 8 2234.6 4610.6 2
3 1 3036.3 3636.4 4
2 10 2817.5 4122.9 2
0 8 1324.2 2936.3 1
6 9 1465.6 3216.2 2
3 8 370.1 1361.1 4
4 2 2420.5 4420.9 2
7 4 1361.1 3781.7 4
9 1 1989.2 3765.0 2
7 8 925.2 3538.8 2
4 7 2773.9 4043.6 4
8 5 518.3 2333.9 3
8 7 917.3 2427.1 3
3 1 2658.0 4363.5 1
6 3 1971.0 3515.3 1
5 9 1372.0 3646.0 3
3 7 18.7 1753.9 1
2 7 265.3 1867.9 2
2 7 159.6 2695.3 1
9 10 1258.4 2194.5 4
0 8 610.9 2519.7 4
7 8 461.5 1059.3 1
4 3 2282.4 4487.0 2
6 7 1617.6 3006.8 1
1 6 1897.5 3984.8 2
5 1 886.9 973.7 2
4 9 2823.6 5530.4 1
3 8 2406.7 5271.4 2
5 7 2750.2 3392.9 3
6 9 25.9 2405.7 1
1 5 1564.4 4504.5 1
8 2 3021.0 3558.7 1
9 10 812.2 3890.8 4
5 7 1381.5 2619.6 3
5 4 1346.0 3538.7 3
7 6 535.0 3587.5 3
5 9 1170.9 3306.7 1
9 7 2721.2 4609.4 3
3 5 90.3 2733.9 1
5 9 577.4 3539.2 1
7 8 913.8 3601.6 1
0 5 1017.0 1092.2 4
6 3 1578.1 3105.6 1
2 5 1025.4 2169.1 2
9 8 1630.0 4241.4 4
1 10 832.1 3674.0 3
4 6 2111.1 2635.8 3
4 9 581.6 3088.2 3
6 7 856.2 928.6 3
8 1 1651.2 3873.7 4
7 2 2055.7 3810.2 2
8 7 1610.1 2968.4 1
6 8 2281.9 5007.3 2
1 6 908.4 3821.4 4
0 3 2457.2 5075.4 4
5 1 1103.4 3481.6 2
0 4 1835.5 3911.8 2
9 4 458.1 3312.9 2
1 10 2038.1 3783.8 2
8 5 409.6 1034.8 3
7 6 1717.6 3541.3 1
3 9 1180.3 1413.8 3
0 8 702.1 1431.0 2
2 9 27.4 241.2 4
9 8 316.2 2490.6 3
1 9 1030.2 3422.0 3
1 8 360.2 2007.0 2
0 5 910.4 2124.4 1
4 6 879.1 2266.5 3
7 5 2659.1 5626.1 1
9 6 14.0 391.0 4
8 5 29.2 744.5 4
EOF
