NUM_STATIONS: 10
NUM_REQUESTS: 20
NUM_VEHICLES: 3
VEHICLE_CAPACITY: 8
DISTANCES
0 1 5.2
1 2 3.6
2 3 9.0
3 4 5.2
4 5 4.6
5 6 6.8
6 7 9.5
7 8 9.5
8 9 7.9
9 0 8.3
REQUEST_SECTION
3 5 223.8 395.3 2
5 3 73.8 164.2 2
0 4 88.3 266.8 3
0 7 169.9 309.5 8
0 5 178.5 343.1 1
3 5 202.6 279.4 4
2 7 14.7 198.2 6
4 5 18.8 188.1 8
7 10 204.4 331.3 1
4 5 205.9 356.9 5
9 5 160.8 306.1 2
5 8 178.1 313.5 7
0 8 199.9 385.5 1
4 5 166.4 247.3 6
1 9 16.9 102.7 5
7 8 100.3 191.4 8
1 3 48.5 147.7 1
1 8 87.0 261.2 4
6 3 40.9 196.8 2
6 7 116.5 236.7 5
EOF
