NUM_STATIONS: 10
NUM_REQUESTS: 40
NUM_VEHICLES: 1
VEHICLE_CAPACITY: 8
DISTANCES
0 1 2.8
1 2 2.9
2 3 8.4
3 4 7.3
4 5 6.1
5 6 1.6
6 7 8.4
7 8 7.7
8 9 3.2
9 0 1.5
REQUEST_SECTION
4 8 416.8 560.5 2
3 10 451.8 810.2 3
6 4 280.0 673.7 2
1 6 295.1 501.3 4
0 4 625.8 1017.3 1
5 3 322.4 724.7 5
6 9 425.1 1075.6 4
1 10 360.0 1091.5 1
1 9 664.9 1212.3 6
0 6 123.9 784.2 5
6 9 0.7 620.7 2
5 6 640.0 1417.4 3
9 3 243.3 1017.9 6
6 2 0.2 294.8 2
9 3 496.4 899.5 5
0 2 578.0 1112.6 1
9 5 240.3 301.8 6
7 4 349.6 1137.5 3
1 5 643.2 890.5 8
5 4 392.5 596.0 1
8 5 477.5 1140.4 2
7 6 460.9 778.5 8
4 1 586.4 1322.6 7
4 10 507.5 715.5 7
7 5 574.6 875.3 7
1 10 233.1 788.8 5
3 5 171.1 628.0 8
2 5 330.1 709.9 8
6 8 150.6 680.3 3
4 7 493.9 976.0 3
9 1 312.0 425.5 5
6 3 109.3 469.2 7
8 9 613.5 1234.2 4
6 3 421.5 802.9 8
5 2 718.7 1100.3 8
8 5 647.8 1112.2 8
7 9 316.8 448.9 6
5 4 291.8 619.5 1
0 2 704.5 933.7 8
2 4 116.2 893.3 3
EOF
