NUM_STATIONS: 10
NUM_REQUESTS: 160
NUM_VEHICLES: 3
VEHICLE_CAPACITY: 4
DISTANCES
0 1 7.9
1 2 8.7
2 3 5.6
3 4 8.4
4 5 6.3
5 6 1.2
6 7 4.8
7 8 8.8
8 9 1.4
9 0 2.6
REQUEST_SECTION
0 1 912.8 1913.4 1
7 1 697.3 1416.4 1
6 4 1303.7 2094.8 1
1 3 147.4 1207.5 3
3 4 289.6 940.5 2
6 5 589.2 698.2 1
7 4 360.6 547.2 2
2 1 1334.1 1940.8 4
6 2 1390.9 1762.6 4
1 2 927.0 1824.5 3
1 6 746.0 1405.1 2
5 4 1451.4 1879.1 3
4 2 1192.7 2017.5 3
8 6 1344.3 2350.1 4
6 7 100.4 430.6 3
7 1 1099.9 1338.1 1
6 5 1025.5 1839.6 1
0 8 920.1 1775.9 4
9 7 364.1 1523.5 4
7 3 1315.7 2457.4 1
5 6 567.6 1339.8 3
1 10 576.8 781.9 2
9 4 1119.5 1640.6 2
0 1 116.8 1258.6 1
3 5 938.1 1195.4 4
8 7 1204.9 1341.4 3
3 8 549.0 742.4 4
0 1 1122.5 1388.5 4
7 2 547.2 1151.7 1
4 6 488.3 659.8 3
1 9 1035.9 1478.4 4
1 7 70.2 883.9 2
7 10 47.4 519.5 1
4 6 316.2 855.1 3
7 5 92.6 467.5 3
8 1 1235.6 1735.2 4
2 8 40.3 1041.2 2
3 10 1007.9 1689.2 2
7 8 790.5 892.2 1
7 10 1348.8 2131.3 2
3 7 456.0 980.2 1
9 10 181.0 868.2 1
5 2 88.0 342.3 1
7 1 442.8 729.1 3
1 10 117.5 1237.2 2
9 10 720.9 797.5 1
3 4 1118.0 2202.1 4
9 10 1000.4 1064.0 4
5 6 949.1 1205.1 2
1 4 1104.5 1730.9 3
1 3 400.9 1544.6 4
8 2 1342.6 1982.9 3
2 7 482.8 1448.1 4
8 1 769.7 1746.0 2
3 6 504.2 1624.8 3
6 7 1090.9 1960.6 2
4 9 895.5 1321.7 1
3 5 1212.0 2059.8 1
5 6 598.1 1168.2 4
9 5 871.1 1699.3 3
4 10 401.6 815.8 4
0 4 1324.2 1710.3 1
9 10 571.9 1484.5 1
1 7 717.2 1666.0 2
8 6 1175.7 1796.3 2
2 8 350.1 549.7 2
5 1 876.1 1091.9 2
9 1 146.8 883.6 2
8 4 1116.1 1583.7 2
6 4 1025.0 2006.5 2
3 5 1066.3 1995.5 2
7 1 1393.8 1804.9 3
0 7 653.5 1158.9 4
5 9 1014.6 1498.3 2
1 9 17.9 503.6 4
4 1 940.7 1953.4 4
9 3 829.7 1992.7 2
8 5 883.7 987.2 3
6 10 783.7 1214.7 4
7 1 551.8 1304.7 4
3 10 76.0 1157.0 4
6 8 364.7 1387.1 3
5 8 779.7 1425.5 1
9 8 662.4 1634.8 2
7 4 93.5 691.9 1
0 4 754.1 1795.3 4
2 9 1471.7 2425.0 1
0 7 1383.0 1921.9 2
0 4 30.9 394.7 1
1 6 66.4 1093.7 2
0 6 418.2 496.0 4
0 5 717.3 1688.0 1
7 1 1249.7 1893.4 4
1 3 260.4 1174.1 2
3 8 1328.7 2202.1 2
7 2 395.6 1508.6 4
6 2 388.7 600.4 3
8 9 1277.9 2130.7 2
0 3 534.4 1181.2 4
2 7 6.5 317.7 4
6 1 443.8 837.5 2
8 9 1212.5 2050.3 1
6 4 390.1 1511.5 4
0 4 230.1 1396.4 4
7 3 1232.0 2123.9 2
6 4 1120.6 2141.1 1
3 8 573.4 727.4 3
9 7 312.9 1041.5 4
3 1 441.6 1206.8 4
2 8 1104.4 1601.0 4
3 2 1457.0 2319.6 3
1 10 186.6 405.1 1
8 5 812.3 917.2 2
1 8 1036.9 1167.6 4
1 10 237.9 515.6 1
8 10 1286.3 2242.4 2
6 8 1155.8 1334.1 1
3 6 1473.2 1979.7 3
8 9 623.9 1602.8 1
2 7 125.2 1112.7 1
0 7 935.8 1861.4 3
6 2 290.0 862.6 2
3 1 418.4 1557.5 4
5 8 1372.0 1580.2 1
4 6 575.2 842.9 2
5 3 1397.6 1726.1 4
6 1 93.8 960.4 1
2 9 1395.1 2007.0 3
1 10 463.5 1261.2 4
0 5 1349.8 2213.3 2
1 5 1148.6 1477.5 4
7 6 225.7 773.9 2
1 6 150.6 601.3 1
5 10 1398.9 2034.2 1
4 10 192.6 995.2 3
7 8 333.1 1154.3 4
5 7 696.8 1285.8 2
5 8 420.6 665.9 3
3 8 1049.2 1895.2 2
6 8 1127.7 1469.2 2
7 1 1266.2 1560.5 4
9 6 1397.3 1506.3 2
1 10 296.8 1267.5 4
1 5 1080.1 1353.7 4
1 9 362.9 635.5 1
4 6 256.7 1309.7 2
7 6 1228.0 1321.5 3
6 9 24.8 1106.1 1
7 2 224.7 994.1 1
5 7 155.4 1306.0 2
7 10 1248.6 1734.6 1
3 8 164.7 432.1 4
1 3 1001.4 1182.2 3
2 8 689.9 1743.0 1
4 2 264.9 1426.8 4
5 8 1317.4 2158.7 3
4 2 1062.7 2110.0 1
4 2 664.2 1769.5 1
9 8 341.0 1218.0 4
0 9 804.8 1227.7 3
EOF
