NUM_STATIONS: 10
NUM_REQUESTS: 160
NUM_VEHICLES: 1
VEHICLE_CAPACITY: 2
DISTANCES
0 1 6.3
1 2 7.7
2 3 3.8
3 4 4.5
4 5 9.5
5 6 2.1
6 7 8.1
7 8 3.8
8 9 3.5
9 0 1.8
REQUEST_SECTION
8 5 1085.3 2441.3 1
2 7 256.0 471.3 2
0 6 484.1 814.1 1
4 2 1346.0 3456.9 2
6 1 1580.7 3943.5 1
6 5 1604.7 4503.6 2
4 5 1792.8 3771.8 2
1 7 700.7 3518.8 1
9 1 151.3 3072.8 1
8 4 3953.8 4854.5 2
6 8 3480.0 6579.7 2
3 10 1385.7 2531.6 1
9 6 2212.4 4126.0 2
1 3 183.1 2827.5 2
9 1 2236.3 3193.9 2
6 5 1977.3 2525.7 2
1 10 1109.5 2369.6 1
0 8 2146.1 3954.6 1
7 10 3203.0 4953.2 2
2 5 542.1 3489.6 1
3 9 2952.5 5059.6 2
9 5 2851.5 4019.5 2
2 4 2186.4 4622.2 2
0 5 1990.0 3365.3 1
6 5 2962.4 5884.8 2
1 3 404.3 2004.9 2
7 5 1050.6 3088.6 1
0 4 1437.6 3531.3 1
2 10 3158.8 5729.3 1
1 10 2042.1 4236.8 2
4 1 3203.6 5818.5 2
5 8 749.3 3440.1 2
8 5 1977.1 4215.9 2
4 10 96.8 2367.3 1
6 3 1426.7 4381.2 1
6 5 1088.0 3803.0 1
1 7 729.0 818.5 2
3 1 1551.7 3805.6 2
0 3 2964.9 3274.6 2
3 2 60.3 972.5 2
7 4 2404.6 2482.0 2
6 4 941.0 1279.3 1
3 8 2043.9 2215.6 2
7 2 1621.5 2123.0 1
8 3 2820.9 4062.7 2
8 2 2760.7 3010.1 2
2 3 1898.5 2293.3 1
0 1 1991.2 3043.3 2
5 8 2696.7 3861.1 1
2 7 3555.8 6102.8 1
8 4 559.4 2296.1 1
3 8 580.1 2042.0 2
2 5 3903.2 5244.5 1
4 1 3101.7 4007.1 2
6 4 1653.0 3589.2 2
4 5 3258.9 5047.5 1
6 7 2143.5 4360.5 1
2 8 3846.3 5590.4 2
8 10 1209.4 2102.3 1
9 8 1639.3 2507.3 2
9 3 558.2 693.0 2
8 9 2694.8 5593.3 2
8 9 3565.9 5203.2 2
8 10 1864.2 3837.6 1
3 9 3424.4 4937.6 1
2 8 3723.3 5488.9 2
7 3 1028.8 1991.3 2
1 8 825.8 2838.3 1
9 1 2200.1 4384.5 2
4 6 2816.9 5120.3 1
2 10 3048.8 3396.0 2
0 3 3727.2 4741.6 2
0 5 2910.1 5247.8 1
5 3 1404.8 3909.9 2
9 3 569.6 986.0 2
9 4 1320.7 2600.5 1
3 2 961.0 2897.7 1
5 4 286.2 2449.6 1
7 1 307.1 686.7 1
0 7 740.0 3061.1 1
5 8 1382.0 2496.3 1
9 1 2135.4 2433.2 1
3 4 2369.6 4814.6 1
4 9 3760.3 4538.7 2
5 1 2826.3 5308.3 1
5 2 2265.5 2888.2 1
2 1 2890.7 5725.7 1
8 2 1900.9 3338.4 1
0 8 2500.2 5602.0 2
3 1 321.0 873.4 1
2 10 1254.1 4345.3 1
0 8 622.6 3221.7 1
6 9 1602.3 2226.5 2
3 8 229.5 726.7 1
4 2 3747.2 5603.5 2
7 4 3201.2 4938.4 2
9 1 3106.2 4444.6 2
7 8 2497.9 5319.9 1
4 7 3222.6 4042.3 2
8 5 3279.1 6351.2 1
8 7 1886.8 4462.6 2
3 1 1101.6 1571.3 1
6 3 106.7 433.0 1
5 9 2426.4 4982.8 1
3 7 3941.2 5466.8 2
2 7 1301.6 2487.9 2
2 7 3499.2 6525.5 1
9 10 3713.3 6051.5 2
0 8 1202.8 4106.4 2
7 8 1221.6 2819.0 1
4 3 117.8 1179.5 2
6 7 1708.5 4347.4 1
1 6 4032.1 5004.3 1
5 1 2518.9 5529.2 1
4 9 1336.0 3255.2 2
3 8 1572.8 3241.4 1
5 7 718.4 942.0 2
6 9 1148.5 2718.4 1
1 5 898.9 1969.7 1
8 2 1911.4 2430.8 2
9 10 3242.6 4471.0 1
5 7 3139.4 4903.3 2
5 4 2564.6 5030.2 2
7 6 2638.2 3423.3 2
5 9 3715.3 4362.1 2
9 7 45.5 1263.1 2
3 5 3340.8 4465.5 2
5 9 1099.7 2131.0 1
7 8 743.2 3086.1 2
0 5 2075.5 3980.0 2
6 3 1731.3 3067.3 2
2 5 958.9 2264.9 2
9 8 1806.7 4655.8 2
1 10 2315.5 4146.4 2
4 6 2408.9 5485.9 2
4 9 1174.1 1550.1 1
6 7 1645.7 1829.0 2
8 1 2713.0 3598.9 2
7 2 983.2 3583.4 1
8 7 1820.9 2823.9 2
6 8 1990.9 3507.7 1
1 6 3820.1 6301.3 2
0 3 1944.7 3003.9 2
5 1 2257.2 4077.1 2
0 4 3221.8 5353.5 2
9 4 3214.5 5004.6 2
1 10 369.9 3167.1 1
8 5 3883.1 4193.3 1
7 6 618.5 3660.5 2
3 9 2597.9 3001.5 1
0 8 885.4 1124.0 2
2 9 1160.9 1923.9 2
9 8 1539.7 4506.7 2
1 9 3153.8 4614.3 1
1 8 395.2 901.0 2
0 5 1728.8 4434.3 2
4 6 2279.2 3684.3 2
7 5 1416.9 1984.6 2
9 6 3981.8 5870.5 2
8 5 2107.2 2542.9 1
EOF
