NUM_STATIONS: 10
NUM_REQUESTS: 20
NUM_VEHICLES: 3
VEHICLE_CAPACITY: 4
DISTANCES
0 1 5.2
1 2 3.6
2 3 9.0
3 4 5.2
4 5 4.6
5 6 6.8
6 7 9.5
7 8 9.5
8 9 7.9
9 0 8.3
REQUEST_SECTION
3 5 69.4 184.6 3
5 3 32.3 137.0 1
0 4 96.8 273.9 2
0 7 11.4 148.0 4
0 5 0.8 112.8 1
3 5 104.2 219.5 4
2 7 9.2 120.7 4
4 5 68.2 178.7 2
7 10 42.7 136.4 1
4 5 90.9 258.9 4
9 5 85.3 160.8 2
5 8 58.4 166.4 1
0 8 28.1 211.3 1
4 5 38.4 170.0 3
1 9 22.2 190.5 3
7 8 96.9 265.6 3
1 3 21.3 135.3 1
1 8 22.6 175.7 4
6 3 37.8 219.2 3
6 7 101.6 172.6 4
EOF
