NUM_STATIONS: 10
NUM_REQUESTS: 80
NUM_VEHICLES: 3
VEHICLE_CAPACITY: 2
DISTANCES
0 1 8.0
1 2 8.3
2 3 3.5
3 4 6.0
4 5 1.1
5 6 2.5
6 7 5.2
7 8 7.5
8 9 5.8
9 0 8.4
REQUEST_SECTION
9 3 47.1 267.5 2
9 7 518.0 851.8 1
9 1 25.8 449.0 1
2 6 553.8 781.9 1
5 4 407.2 791.6 2
6 5 24.0 210.5 2
3 2 512.7 793.5 2
6 2 474.7 840.6 1
0 9 221.7 386.4 1
3 8 78.6 327.8 1
1 2 378.7 771.1 2
9 2 307.9 506.8 1
4 3 122.4 313.6 1
3 8 301.7 609.6 2
8 3 6.0 204.1 1
8 5 550.9 710.5 2
8 5 259.3 382.6 1
0 3 352.8 424.8 1
7 10 510.7 731.0 1
2 10 89.5 498.1 1
7 9 219.5 299.4 1
6 5 504.5 739.0 1
4 8 448.7 602.3 2
6 10 128.5 192.2 1
3 4 316.5 397.1 2
9 5 156.9 294.2 1
7 6 221.5 557.0 2
9 7 243.1 409.8 2
5 9 357.0 754.7 1
5 7 191.3 345.5 1
6 1 289.9 491.5 1
7 4 480.4 664.6 1
2 8 166.9 437.8 1
9 1 130.9 315.9 1
4 1 432.2 717.5 1
5 6 54.8 249.9 2
0 9 235.8 374.6 2
8 2 514.6 634.7 1
6 3 239.6 480.9 2
6 9 367.2 430.8 1
9 7 563.3 894.9 2
2 8 323.9 380.5 1
6 8 199.1 399.8 1
5 2 75.1 311.9 1
4 6 11.5 264.0 1
4 9 432.8 545.6 2
4 9 175.8 368.0 2
9 8 85.8 436.8 1
6 4 444.6 826.6 1
8 6 103.8 355.8 1
4 3 276.9 708.3 1
9 10 2.9 284.8 1
8 7 493.9 732.7 1
7 1 317.0 656.2 2
1 3 349.1 564.0 2
6 3 515.4 717.5 2
8 3 129.8 399.7 1
4 6 391.3 481.5 1
6 9 272.8 373.4 2
9 4 22.3 170.9 2
7 8 319.4 742.2 1
6 3 558.5 820.5 2
7 5 121.3 350.0 2
9 3 545.4 715.2 1
1 9 355.5 724.8 1
8 1 330.0 568.0 1
9 8 97.0 311.0 2
9 7 518.1 945.7 1
6 7 236.0 382.4 1
5 9 245.6 363.8 1
1 5 436.9 663.9 1
8 6 206.9 280.0 1
2 1 539.9 709.6 1
1 7 224.6 438.2 2
4 6 74.8 505.2 1
0 3 172.2 451.1 1
1 10 415.8 553.9 2
7 8 418.9 838.4 2
9 6 449.1 713.6 2
3 10 494.4 599.1 1
EOF
