NUM_STATIONS: 10
NUM_REQUESTS: 160
NUM_VEHICLES: 2
VEHICLE_CAPACITY: 8
DISTANCES
0 1 6.3
1 2 7.7
2 3 3.8
3 4 4.5
4 5 9.5
5 6 2.1
6 7 8.1
7 8 3.8
8 9 3.5
9 0 1.8
REQUEST_SECTION
8 5 731.8 953.7 5
2 7 715.9 1461.9 7
0 6 480.2 1237.3 1
4 2 89.8 298.4 4
6 1 481.0 858.6 8
6 5 1511.6 2353.6 1
4 5 821.2 2009.5 4
1 7 629.9 1615.9 5
9 1 1881.9 2219.3 5
8 4 1515.4 2612.8 6
6 8 1143.8 2368.2 8
3 10 668.1 1546.7 2
9 6 842.3 1136.8 2
1 3 1301.6 1551.9 7
9 1 251.0 1016.2 1
6 5 1569.3 2338.5 2
1 10 473.9 1742.7 6
0 8 1456.4 1721.7 7
7 10 1649.3 3218.7 7
2 5 583.3 855.3 4
3 9 30.5 932.2 8
9 5 1023.1 1668.1 3
2 4 1594.2 2058.3 8
0 5 1667.4 2612.2 7
6 5 435.2 1361.5 8
1 3 285.6 1640.6 6
7 5 1890.0 2248.0 1
0 4 22.1 1292.5 6
2 10 1895.5 2179.5 6
1 10 1765.0 2345.8 1
4 1 487.1 1259.1 6
5 8 1591.2 1842.3 8
8 5 1773.8 3219.4 8
4 10 1263.4 2361.6 3
6 3 710.0 2288.0 8
6 5 1982.5 2412.4 8
1 7 880.2 1728.1 8
3 1 1621.5 2378.3 5
0 3 322.1 1891.1 7
3 2 353.2 1502.6 2
7 4 1853.5 2045.7 5
6 4 189.1 953.2 8
3 8 1264.5 2314.0 1
7 2 1299.9 1722.9 7
8 3 1672.1 1997.4 8
8 2 1051.6 2197.1 2
2 3 1273.4 2061.5 2
0 1 670.3 1498.7 2
5 8 754.0 1425.7 3
2 7 968.9 1193.5 6
8 4 45.2 442.7 4
3 8 214.5 1256.3 3
2 5 61.9 1214.7 5
4 1 71.3 1255.3 2
6 4 1573.3 2305.3 2
4 5 31.6 614.7 3
6 7 504.8 975.8 1
2 8 558.6 1767.9 6
8 10 406.5 1525.2 8
9 8 1481.2 2402.4 8
9 3 553.5 2028.3 1
8 9 1572.3 3068.8 3
8 9 829.8 1437.5 4
8 10 141.1 1553.7 3
3 9 236.3 873.6 5
2 8 447.8 1819.0 2
7 3 1591.5 1770.2 3
1 8 1478.6 2270.7 7
9 1 1306.4 2767.3 1
4 6 346.8 1370.3 6
2 10 1302.7 2614.8 6
0 3 27.1 1175.8 4
0 5 1539.5 2815.3 5
5 3 1811.3 2414.8 4
9 3 8.2 930.4 4
9 4 1693.2 2304.7 5
3 2 1536.9 1970.8 6
5 4 697.9 973.8 8
7 1 1013.1 2042.6 4
0 7 1401.7 2174.0 5
5 8 1575.0 1784.5 6
9 1 659.7 1890.4 3
3 4 713.8 1728.4 2
4 9 1829.4 3113.5 8
5 1 752.2 876.9 8
5 2 1381.7 2907.7 4
2 1 1143.9 2692.0 2
8 2 1769.8 3312.3 1
0 8 474.1 1301.4 7
3 1 1365.7 1909.7 3
2 10 315.5 605.2 4
0 8 1085.0 1345.3 7
6 9 27.0 295.6 8
3 8 967.1 2309.6 5
4 2 1191.6 1986.5 8
7 4 1830.7 2425.0 5
9 1 573.5 2130.2 5
7 8 1606.8 1787.1 3
4 7 497.0 1437.7 2
8 5 1469.0 2384.2 1
8 7 1237.1 1566.6 3
3 1 1152.9 2654.3 5
6 3 241.9 925.6 7
5 9 628.5 945.8 4
3 7 1566.0 2214.2 6
2 7 1808.1 1996.1 8
2 7 1127.4 1183.4 8
9 10 911.1 1401.1 2
0 8 169.5 1390.9 4
7 8 1919.6 3440.0 3
4 3 287.4 1468.7 7
6 7 912.2 1803.2 4
1 6 1776.4 2738.2 8
5 1 293.1 1043.6 7
4 9 1537.6 2066.3 8
3 8 662.8 1664.6 4
5 7 47.9 954.5 8
6 9 763.3 1145.3 7
1 5 1378.7 1877.5 2
8 2 202.6 678.9 8
9 10 1479.8 2449.2 2
5 7 684.9 1530.5 5
5 4 1796.4 2326.0 7
7 6 448.4 696.4 2
5 9 559.2 1271.0 2
9 7 96.8 1415.2 6
3 5 858.9 2267.4 8
5 9 235.8 1767.1 6
7 8 93.8 1165.9 7
0 5 932.1 2432.2 8
6 3 1944.3 3299.2 5
2 5 1782.3 2967.4 5
9 8 1170.8 2096.9 7
1 10 359.0 1643.5 2
4 6 764.5 1480.2 4
4 9 71.9 356.9 8
6 7 1538.1 2267.3 8
8 1 710.0 2096.8 5
7 2 1228.4 2720.9 7
8 7 1079.0 2480.2 8
6 8 365.2 1357.3 1
1 6 1291.1 1627.3 1
0 3 934.7 1104.6 3
5 1 1454.9 2164.0 6
0 4 1218.7 1398.9 1
9 4 655.0 733.9 2
1 10 1420.2 2827.3 7
8 5 1137.1 2100.5 6
7 6 999.5 2228.1 6
3 9 1170.8 1462.0 4
0 8 287.9 818.0 2
2 9 1921.6 2850.0 8
9 8 1595.8 2232.7 1
1 9 1598.9 2902.4 3
1 8 1966.1 2635.2 8
0 5 165.6 1244.2 1
4 6 1372.6 2863.9 8
7 5 129.8 456.3 7
9 6 138.6 364.9 6
8 5 161.6 1230.1 6
EOF
