NUM_STATIONS: 10
NUM_REQUESTS: 160
NUM_VEHICLES: 2
VEHICLE_CAPACITY: 1
DISTANCES
0 1 7.9
1 2 8.7
2 3 5.6
3 4 8.4
4 5 6.3
5 6 1.2
6 7 4.8
7 8 8.8
8 9 1.4
9 0 2.6
REQUEST_SECTION
0 1 319.1 822.7 1
7 1 655.3 1507.9 1
6 4 406.9 1361.1 1
1 3 1158.7 2326.2 1
3 4 575.7 1584.7 1
6 5 1432.0 2433.2 1
7 4 1306.5 1827.7 1
2 1 715.7 989.2 1
6 2 1489.8 2423.9 1
1 2 999.2 1132.1 1
1 6 128.2 851.4 1
5 4 1284.6 2283.4 1
4 2 129.6 610.4 1
8 6 491.6 565.6 1
6 7 892.8 1395.5 1
7 1 803.9 1905.4 1
6 5 823.8 1520.3 1
0 8 1097.9 2186.7 1
9 7 770.2 1268.5 1
7 3 183.4 250.8 1
5 6 948.7 2063.1 1
1 10 206.5 740.6 1
9 4 1581.3 2098.4 1
0 1 516.3 605.3 1
3 5 395.2 577.8 1
8 7 117.1 1044.2 1
3 8 1285.0 1548.9 1
0 1 815.6 1238.8 1
7 2 186.9 861.8 1
4 6 432.7 938.9 1
1 9 1542.7 1773.6 1
1 7 1240.4 2069.9 1
7 10 16.9 563.2 1
4 6 1239.9 1342.8 1
7 5 1430.9 1634.2 1
8 1 891.6 1159.2 1
2 8 294.5 698.3 1
3 10 1566.9 2082.5 1
7 8 24.6 107.1 1
7 10 155.7 1140.5 1
3 7 80.3 331.6 1
9 10 168.1 968.5 1
5 2 1321.1 1807.2 1
7 1 22.5 849.4 1
1 10 1515.9 2595.1 1
9 10 1510.1 2157.0 1
3 4 766.5 1904.6 1
9 10 1666.9 2288.3 1
5 6 426.4 1100.1 1
1 4 578.4 1115.8 1
1 3 346.7 426.2 1
8 2 392.3 942.0 1
2 7 446.5 776.2 1
8 1 1198.0 1824.2 1
3 6 1415.0 2045.1 1
6 7 629.4 728.7 1
4 9 260.4 960.0 1
3 5 1369.2 2324.5 1
5 6 487.5 643.8 1
9 5 953.0 2097.7 1
4 10 1335.3 1452.9 1
0 4 311.2 911.4 1
9 10 700.1 1707.2 1
1 7 886.6 1772.7 1
8 6 783.3 1161.2 1
2 8 833.9 1421.8 1
5 1 637.0 1594.5 1
9 1 186.5 1128.7 1
8 4 15.7 1004.3 1
6 4 1552.4 1935.8 1
3 5 1641.0 1820.0 1
7 1 585.2 966.0 1
0 7 510.3 763.8 1
5 9 1041.6 1627.3 1
1 9 331.4 1352.1 1
4 1 747.4 843.5 1
9 3 640.9 1558.6 1
8 5 87.0 602.8 1
6 10 753.0 1597.8 1
7 1 1101.0 1908.4 1
3 10 1663.3 2504.4 1
6 8 726.5 1834.4 1
5 8 1179.8 2186.4 1
9 8 941.8 1852.1 1
7 4 32.3 1014.1 1
0 4 1612.1 2285.9 1
2 9 28.9 1045.8 1
0 7 1129.5 2104.1 1
0 4 891.6 2015.0 1
1 6 87.7 725.3 1
0 6 980.1 1959.3 1
0 5 1459.5 2520.2 1
7 1 1489.8 2631.2 1
1 3 513.4 1520.3 1
3 8 1578.8 1863.1 1
7 2 1015.2 2005.3 1
6 2 1098.4 1629.6 1
8 9 782.0 1235.9 1
0 3 582.6 1748.9 1
2 7 613.4 1500.7 1
6 1 1229.4 1848.6 1
8 9 23.1 850.7 1
6 4 1641.5 2286.6 1
0 4 603.3 1588.3 1
7 3 907.2 1971.5 1
6 4 1111.5 1994.8 1
3 8 95.5 728.7 1
9 7 1490.0 1727.4 1
3 1 940.4 1587.3 1
2 8 825.4 1050.9 1
3 2 686.9 1476.3 1
1 10 643.4 1178.5 1
8 5 219.3 854.0 1
1 8 1450.6 1927.0 1
1 10 1151.6 1702.0 1
8 10 920.5 1384.9 1
6 8 1326.8 1992.1 1
3 6 1572.4 1723.5 1
8 9 1188.7 1742.9 1
2 7 1059.6 2066.6 1
0 7 128.7 1166.3 1
6 2 1522.2 1862.4 1
3 1 188.2 1105.1 1
5 8 391.9 827.4 1
4 6 37.7 272.6 1
5 3 1280.2 2245.8 1
6 1 1427.7 2485.0 1
2 9 1100.2 1900.6 1
1 10 538.7 998.4 1
0 5 1227.4 1477.6 1
1 5 1161.2 1925.4 1
7 6 451.4 1488.7 1
1 6 672.1 1758.4 1
5 10 263.2 836.6 1
4 10 370.2 884.1 1
7 8 1368.5 1570.0 1
5 7 494.9 1108.6 1
5 8 12.1 1043.8 1
3 8 885.7 1615.0 1
6 8 333.5 681.8 1
7 1 1096.6 1491.5 1
9 6 1276.2 2328.5 1
1 10 246.3 469.1 1
1 5 1048.0 1295.1 1
1 9 1234.8 1874.6 1
4 6 1457.4 2408.4 1
7 6 495.2 689.9 1
6 9 1140.9 1792.5 1
7 2 1196.7 2106.9 1
5 7 836.9 1214.7 1
7 10 145.0 806.0 1
3 8 350.7 406.7 1
1 3 251.9 313.3 1
2 8 1362.6 1966.5 1
4 2 1231.0 1369.8 1
5 8 874.4 1417.6 1
4 2 1642.5 2808.3 1
4 2 815.8 1262.0 1
9 8 682.5 1744.5 1
0 9 1503.4 1932.5 1
EOF
