NUM_STATIONS: 10
NUM_REQUESTS: 80
NUM_VEHICLES: 3
VEHICLE_CAPACITY: 8
DISTANCES
0 1 8.0
1 2 8.3
2 3 3.5
3 4 6.0
4 5 1.1
5 6 2.5
6 7 5.2
7 8 7.5
8 9 5.8
9 0 8.4
REQUEST_SECTION
9 3 21.4 236.5 8
9 7 257.2 627.7 3
9 1 478.3 692.1 2
2 6 173.3 268.0 7
5 4 191.1 307.3 6
6 5 478.8 887.3 6
3 2 203.7 387.7 3
6 2 70.2 296.4 5
0 9 340.6 596.4 8
3 8 85.3 174.0 2
1 2 357.5 950.3 7
9 2 311.1 643.8 3
4 3 432.3 626.2 6
3 8 364.2 519.6 6
8 3 99.3 444.8 5
8 5 379.3 787.6 6
8 5 80.2 687.1 7
0 3 167.9 444.4 7
7 10 481.5 545.4 4
2 10 31.4 292.3 2
7 9 373.8 442.3 8
6 5 503.3 991.7 4
4 8 111.3 562.3 3
6 10 259.5 829.7 8
3 4 139.0 208.1 4
9 5 175.9 353.5 8
7 6 461.6 906.0 3
9 7 379.0 733.5 5
5 9 157.4 404.7 4
5 7 519.5 750.3 8
6 1 547.0 776.6 4
7 4 258.6 682.5 4
2 8 131.2 300.5 2
9 1 54.6 521.4 7
4 1 121.6 219.0 6
5 6 366.1 790.8 7
0 9 225.8 561.7 1
8 2 486.2 722.7 6
6 3 130.3 347.8 2
6 9 195.1 374.7 1
9 7 429.6 588.6 7
2 8 375.5 879.5 2
6 8 413.2 613.2 8
5 2 141.9 395.3 6
4 6 547.1 783.2 6
4 9 152.1 231.7 8
4 9 297.7 434.8 2
9 8 73.3 690.1 7
6 4 263.2 730.3 7
8 6 434.3 529.3 3
4 3 387.6 693.4 1
9 10 217.4 443.8 7
8 7 403.8 620.1 8
7 1 420.4 798.7 1
1 3 479.4 574.8 7
6 3 435.6 772.4 3
8 3 323.8 838.5 8
4 6 294.0 419.1 2
6 9 364.9 471.0 5
9 4 127.6 404.9 1
7 8 435.5 853.5 1
6 3 320.1 932.2 2
7 5 142.1 232.2 6
9 3 461.1 802.4 7
1 9 300.7 777.8 6
8 1 10.0 385.4 8
9 8 32.3 96.1 3
9 7 474.0 995.1 7
6 7 173.4 536.9 6
5 9 175.6 494.1 7
1 5 267.8 348.4 8
8 6 7.8 166.0 1
2 1 359.4 586.6 7
1 7 545.3 703.1 4
4 6 486.8 843.4 8
0 3 459.0 657.4 1
1 10 83.0 235.8 6
7 8 268.2 559.3 1
9 6 325.3 383.3 5
3 10 528.3 694.6 1
EOF
