NUM_STATIONS: 10
NUM_REQUESTS: 160
NUM_VEHICLES: 3
VEHICLE_CAPACITY: 4
DISTANCES
0 1 6.3
1 2 1.5
2 3 7.8
3 4 9.8
4 5 9.9
5 6 6.9
6 7 1.6
7 8 5.2
8 9 2.2
9 0 6.8
REQUEST_SECTION
3 7 1263.4 1436.7 4
2 4 1515.5 2279.5 4
2 7 952.4 1141.6 4
7 4 791.0 849.1 1
4 10 1418.3 2049.7 1
1 4 1349.9 1548.2 2
2 1 148.0 580.4 2
5 9 717.8 1529.0 2
7 3 1458.4 1903.3 1
0 7 90.8 393.3 4
0 3 565.8 925.6 2
0 5 590.3 1388.2 2
0 3 1321.1 2143.7 4
8 4 814.0 1123.8 4
3 4 744.5 1170.3 4
0 7 373.0 1051.9 1
5 4 1133.8 1211.3 3
9 8 954.3 1616.6 4
8 6 1446.6 1999.7 3
9 7 315.2 712.4 4
9 4 881.2 1196.0 4
2 4 144.5 680.5 4
9 3 393.9 688.4 4
9 5 1537.7 2157.7 1
1 6 1040.0 1330.5 1
9 4 1284.8 1388.9 4
9 2 348.0 983.3 2
7 2 1396.8 1804.8 2
3 9 1086.0 1831.6 1
1 2 202.3 778.8 1
5 6 1138.8 1618.7 4
0 8 646.6 1044.8 3
1 4 515.8 1068.5 3
8 3 1032.0 1500.0 1
0 1 396.0 592.0 4
3 2 736.7 1403.9 1
9 8 834.9 1530.7 1
0 9 74.4 545.9 4
7 6 1435.3 2049.9 3
6 2 531.5 769.7 3
2 3 777.0 1388.7 4
2 3 15.9 710.3 1
2 8 453.0 1032.1 1
7 3 183.2 737.0 3
5 1 226.8 1041.5 1
9 6 361.9 672.2 2
0 2 987.3 1767.5 3
5 2 1331.9 1866.9 1
0 4 467.4 672.5 4
0 1 1214.1 1616.7 4
8 5 1499.6 2224.3 2
1 9 536.0 782.3 2
9 10 753.9 1189.2 3
9 10 278.8 994.8 1
3 10 940.1 1383.2 1
0 5 688.3 1479.1 4
9 3 494.6 811.4 2
1 7 125.3 498.5 2
2 9 639.5 1386.2 2
2 9 192.3 624.6 4
2 7 853.1 1232.5 1
5 1 939.7 1173.9 4
6 4 979.3 1465.3 2
1 4 123.9 222.5 4
5 3 1128.1 1694.4 1
2 5 434.2 1146.2 2
4 10 575.6 671.6 3
0 6 1529.4 2000.7 2
3 2 741.4 1087.0 2
6 1 912.1 1369.8 2
6 1 1071.9 1667.5 2
7 1 597.1 1316.7 1
9 10 646.4 1112.4 1
3 4 280.7 839.4 3
3 6 521.0 885.0 4
1 4 267.1 692.5 3
2 4 1061.6 1229.1 2
6 9 1050.7 1372.7 1
3 7 111.9 633.3 4
9 4 1147.5 1978.4 4
5 4 171.3 849.2 1
0 3 188.6 307.3 3
1 3 1033.1 1385.0 3
9 1 1133.6 1902.6 1
4 3 1529.0 1825.1 1
9 10 49.8 505.8 1
8 7 755.6 1313.2 4
1 7 636.2 1060.6 3
7 6 767.4 1170.4 4
2 5 165.2 537.5 3
0 2 1113.3 1534.7 2
5 7 1039.6 1591.5 1
3 7 1124.5 1861.9 4
4 10 825.1 1396.7 4
5 10 331.6 812.5 2
7 5 1033.8 1276.5 3
1 6 540.8 726.3 2
7 1 1441.5 1905.6 3
1 5 1494.4 2152.4 4
6 8 101.7 305.0 1
3 5 1382.6 2143.4 2
9 7 1424.2 2144.9 2
4 9 317.8 1123.9 2
7 4 1425.3 2141.2 4
4 9 1021.2 1097.0 2
8 2 477.3 984.4 4
4 9 192.7 772.9 4
2 1 289.0 757.4 3
8 10 395.7 553.3 3
5 1 1408.7 1640.2 1
9 1 345.4 522.0 2
0 4 1297.2 1421.1 1
0 2 1167.0 1280.3 4
6 1 1531.2 2050.4 3
5 4 436.9 834.1 2
5 1 975.1 1545.6 2
0 9 743.8 1240.8 4
6 9 500.2 1012.7 4
6 5 1487.4 1975.8 3
7 9 731.7 1226.9 3
8 6 652.7 1463.2 3
1 6 1383.4 1516.4 2
2 8 31.9 750.6 3
1 9 678.1 920.5 2
0 8 404.5 599.8 4
7 1 320.9 442.3 2
3 9 262.5 674.3 2
7 10 599.4 954.0 1
2 4 62.2 604.3 2
8 7 358.3 984.7 4
7 1 834.5 1551.8 3
3 7 348.7 558.1 2
9 5 682.6 1096.4 3
0 8 1493.2 2156.6 1
9 3 1206.6 1723.0 3
5 8 1206.0 1827.5 3
1 3 1082.6 1752.1 4
1 9 971.2 1736.1 3
5 9 1211.5 1371.1 3
2 5 469.6 821.7 3
8 3 214.5 342.3 3
1 8 738.0 1050.1 2
6 9 47.0 707.0 2
0 9 938.2 1390.3 1
4 7 508.4 1118.4 2
2 8 385.9 764.7 3
1 6 874.5 1537.3 3
1 10 1247.9 1438.4 4
0 5 1350.5 1827.9 1
3 9 351.6 833.9 2
5 9 914.3 1386.9 1
4 5 1098.8 1916.3 3
7 1 1265.6 1906.0 2
9 1 1438.0 1511.8 3
4 10 1072.8 1836.5 4
6 1 1262.3 1402.3 2
7 3 1065.1 1675.2 3
3 8 662.9 787.3 4
0 9 1065.0 1677.6 1
5 3 1458.7 1803.7 1
EOF
