NUM_STATIONS: 10
NUM_REQUESTS: 20
NUM_VEHICLES: 2
VEHICLE_CAPACITY: 8
DISTANCES
0 1 8.9
1 2 4.6
2 3 7.4
3 4 8.4
4 5 9.1
5 6 4.1
6 7 8.9
7 8 3.5
8 9 7.1
9 0 5.5
REQUEST_SECTION
2 3 229.1 454.8 2
4 1 193.6 311.6 6
1 10 35.4 138.3 8
5 4 79.3 265.3 8
6 5 42.1 150.8 1
0 8 127.3 287.6 2
2 9 150.2 356.0 2
9 1 22.4 216.2 3
2 3 178.0 297.3 7
5 9 139.9 234.1 1
6 4 93.1 167.9 1
5 1 238.6 372.9 5
8 4 211.9 388.1 6
8 1 180.2 293.5 1
9 2 7.0 89.6 3
5 8 140.8 317.9 5
3 5 237.5 380.2 1
8 1 152.5 290.1 7
4 9 217.3 287.5 4
6 4 101.6 325.2 8
EOF
