NUM_STATIONS: 10
NUM_REQUESTS: 80
NUM_VEHICLES: 1
VEHICLE_CAPACITY: 4
DISTANCES
0 1 5.3
1 2 5.1
2 3 4.1
3 4 5.8
4 5 8.8
5 6 4.0
6 7 7.4
7 8 2.6
8 9 6.4
9 0 5.7
REQUEST_SECTION
7 4 550.9 1134.5 3
7 1 1166.9 1872.1 4
9 2 989.3 1484.1 2
2 9 267.3 1423.3 3
6 10 163.3 655.3 4
0 9 120.8 1158.3 4
6 8 1491.8 2177.6 3
2 3 1195.2 1944.0 3
4 7 264.1 937.1 2
1 4 921.9 1858.0 4
5 9 500.3 1089.5 3
7 1 199.3 1243.4 1
5 3 249.1 592.0 2
4 10 1147.1 1268.3 4
0 1 371.6 466.0 3
8 9 289.0 344.6 2
8 2 411.9 1128.1 3
8 4 589.2 1051.5 4
1 5 393.6 811.8 2
5 3 1559.9 1988.8 4
8 2 1549.5 1700.6 3
3 6 1403.8 1996.8 2
5 4 1316.3 1729.5 4
7 9 514.8 713.4 1
3 5 361.8 1371.9 2
7 8 1171.8 1456.7 1
0 8 1210.7 1516.3 3
9 2 449.7 1514.4 4
1 6 7.3 531.6 3
4 7 1338.1 1842.8 1
0 7 780.3 1628.0 1
5 7 1256.1 1821.4 4
4 7 1483.4 1671.1 3
1 6 1442.8 2489.4 1
0 9 724.6 1467.7 3
8 9 598.3 1747.9 1
2 5 146.2 610.3 4
1 10 1603.0 1990.2 4
3 2 1016.1 1174.4 4
9 6 1249.1 1572.6 4
7 8 947.5 1960.0 1
6 8 184.1 940.6 3
6 3 1213.0 2273.1 1
0 6 373.6 755.0 3
1 6 713.1 1464.5 3
0 7 856.7 1900.8 2
6 3 104.5 183.8 4
3 2 150.2 942.9 1
8 10 598.4 940.4 3
6 3 1110.6 1471.7 2
9 8 417.5 1402.8 3
1 6 648.3 1393.1 1
3 2 350.2 662.1 1
2 5 1202.9 1583.3 2
6 1 363.2 981.0 2
9 4 1137.3 1379.2 1
7 9 1166.2 1870.4 1
1 2 654.2 1296.7 1
8 4 880.5 1575.6 4
3 7 482.6 1310.4 1
1 8 169.8 1147.4 1
3 5 1447.1 1728.6 3
6 4 441.1 885.6 2
5 9 1326.4 2267.8 1
4 3 1640.1 2176.9 2
1 8 1560.6 1916.0 2
0 9 1318.4 1765.2 1
9 5 448.2 637.0 4
2 9 1579.9 2403.3 2
6 2 1297.8 1712.1 3
9 1 836.5 1012.7 2
9 3 1393.5 2326.2 2
5 2 501.6 1034.1 2
8 10 1086.4 2196.7 1
3 7 1415.3 2317.2 3
7 5 375.2 932.1 1
0 5 1011.3 1317.6 3
6 1 1643.6 2619.8 2
7 1 1360.5 2201.0 4
3 9 1360.6 1614.0 2
EOF
