NUM_STATIONS: 10
NUM_REQUESTS: 160
NUM_VEHICLES: 1
VEHICLE_CAPACITY: 1
DISTANCES
0 1 6.3
1 2 7.7
2 3 3.8
3 4 4.5
4 5 9.5
5 6 2.1
6 7 8.1
7 8 3.8
8 9 3.5
9 0 1.8
REQUEST_SECTION
8 5 941.8 2940.4 1
2 7 3993.4 5096.8 1
0 6 3.9 2033.4 1
4 2 554.8 2416.0 1
6 1 4033.3 5725.0 1
6 5 3922.0 4563.3 1
4 5 2316.0 3298.8 1
1 7 2340.3 3424.5 1
9 1 1833.7 2131.2 1
8 4 3778.2 5029.2 1
6 8 1095.1 1218.5 1
3 10 1517.1 3115.6 1
9 6 4043.4 5915.4 1
1 3 2337.8 3063.2 1
9 1 1177.0 1900.6 1
6 5 547.8 1446.5 1
1 10 2231.2 3404.5 1
0 8 3632.5 5111.2 1
7 10 2640.4 3878.2 1
2 5 938.4 1149.5 1
3 9 794.7 1308.1 1
9 5 1590.0 2509.6 1
2 4 1397.1 1897.6 1
0 5 382.8 992.7 1
6 5 3513.8 4858.3 1
1 3 1933.9 3410.6 1
7 5 2543.5 2702.2 1
0 4 2669.1 3077.9 1
2 10 615.1 1818.8 1
1 10 3760.9 5243.2 1
4 1 1554.1 1767.6 1
5 8 3594.4 5590.7 1
8 5 1262.7 1364.6 1
4 10 2044.7 3669.5 1
6 3 2736.4 4700.1 1
6 5 1891.0 3462.4 1
1 7 1227.2 3290.2 1
3 1 2901.3 3327.8 1
0 3 1446.3 3461.7 1
3 2 2496.9 3068.9 1
7 4 63.6 1668.7 1
6 4 2613.6 3819.8 1
3 8 3563.5 5424.8 1
7 2 4002.0 6048.2 1
8 3 2467.4 2550.6 1
8 2 3916.9 5859.4 1
2 3 560.9 919.9 1
0 1 2939.1 3072.1 1
5 8 3807.8 4654.2 1
2 7 128.1 832.8 1
8 4 2251.2 4030.2 1
3 8 2668.1 4112.4 1
2 5 670.4 2261.8 1
4 1 619.3 938.2 1
6 4 626.3 1253.4 1
4 5 2355.2 3118.7 1
6 7 1911.7 2150.6 1
2 8 3716.8 5775.9 1
8 10 3625.9 4036.4 1
9 8 2793.1 3689.6 1
9 3 3472.3 5560.4 1
8 9 2779.1 3394.2 1
8 9 4080.5 5093.5 1
8 10 484.9 1616.2 1
3 9 452.2 2157.1 1
2 8 950.6 1703.1 1
7 3 2250.3 3887.6 1
1 8 2652.8 3918.7 1
9 1 3778.7 4572.8 1
4 6 1926.8 2468.1 1
2 10 290.0 1231.8 1
0 3 1924.6 2710.8 1
0 5 218.5 1025.3 1
5 3 1229.0 1588.1 1
9 3 1308.1 1800.5 1
9 4 531.0 1893.5 1
3 2 2733.7 3640.0 1
5 4 2489.6 3411.6 1
7 1 768.9 2095.4 1
0 7 2346.1 2760.1 1
5 8 3347.5 4641.3 1
9 1 1581.7 2130.6 1
3 4 2906.3 4696.8 1
4 9 1355.3 1594.6 1
5 1 21.8 1707.2 1
5 2 3925.6 5793.6 1
2 1 897.0 1635.8 1
8 2 3299.6 5391.8 1
0 8 3626.3 4691.0 1
3 1 1471.5 2897.8 1
2 10 2460.9 4468.8 1
0 8 2915.0 4446.0 1
6 9 503.6 1256.9 1
3 8 3276.9 4266.5 1
4 2 2889.1 4679.7 1
7 4 2514.4 3893.1 1
9 1 1293.5 1884.2 1
7 8 1261.4 3006.1 1
4 7 3498.5 5286.7 1
8 5 2497.2 3956.5 1
8 7 434.4 907.8 1
3 1 1803.8 3622.9 1
6 3 2013.4 3192.7 1
5 9 535.6 2394.2 1
3 7 1509.0 2637.4 1
2 7 684.9 1886.8 1
2 7 3875.3 3947.7 1
9 10 3521.9 4860.2 1
0 8 2266.3 4346.5 1
7 8 3455.1 5270.4 1
4 3 1394.1 1546.8 1
6 7 3275.5 4382.9 1
1 6 571.6 1463.7 1
5 1 1397.7 2093.8 1
4 9 2412.6 2891.3 1
3 8 1760.8 3465.2 1
5 7 866.6 2718.7 1
6 9 1085.3 1871.2 1
1 5 2312.6 2993.0 1
8 2 65.7 1220.4 1
9 10 722.3 2155.7 1
5 7 1362.7 1902.1 1
5 4 1448.9 2798.9 1
7 6 139.6 669.4 1
5 9 2404.0 3977.8 1
9 7 3507.8 4650.3 1
3 5 2677.1 4302.5 1
5 9 2959.5 3532.8 1
7 8 445.1 2217.0 1
0 5 1485.7 2198.9 1
6 3 1225.0 1316.5 1
2 5 3122.9 4767.9 1
9 8 2399.8 3025.9 1
1 10 1296.4 3327.1 1
4 6 3657.6 4698.8 1
4 9 283.7 1142.1 1
6 7 1103.7 1795.7 1
8 1 0.6 1123.2 1
7 2 2436.4 4030.5 1
8 7 2933.6 3634.9 1
6 8 530.7 854.0 1
1 6 2004.4 3631.9 1
0 3 4071.4 4581.9 1
5 1 24.4 583.0 1
0 4 1325.8 2406.9 1
9 4 3188.9 5041.3 1
1 10 618.3 731.1 1
8 5 2521.0 4281.2 1
7 6 3180.8 3266.5 1
3 9 49.6 1528.4 1
0 8 2935.2 4252.2 1
2 9 3795.0 5450.8 1
9 8 3639.3 5658.2 1
1 9 3430.5 4810.9 1
1 8 948.8 2930.5 1
0 5 1780.3 2995.2 1
4 6 1492.9 3271.2 1
7 5 3767.0 4397.9 1
9 6 2017.0 2633.9 1
8 5 1222.2 2876.0 1
EOF
