NUM_STATIONS: 10
NUM_REQUESTS: 160
NUM_VEHICLES: 2
VEHICLE_CAPACITY: 1
DISTANCES
0 1 6.3
1 2 7.7
2 3 3.8
3 4 4.5
4 5 9.5
5 6 2.1
6 7 8.1
7 8 3.8
8 9 3.5
9 0 1.8
REQUEST_SECTION
8 5 1130.9 1746.7 1
2 7 742.5 931.9 1
0 6 1684.2 2141.0 1
4 2 592.5 1340.2 1
6 1 182.6 472.5 1
6 5 1742.4 2697.9 1
4 5 949.8 1153.4 1
1 7 1987.1 3003.7 1
9 1 1990.2 2767.3 1
8 4 1105.4 2079.4 1
6 8 1715.3 2490.3 1
3 10 658.5 1288.5 1
9 6 1718.6 2486.9 1
1 3 888.0 1641.0 1
9 1 1833.8 2811.0 1
6 5 1671.1 1912.9 1
1 10 1067.1 1577.1 1
0 8 1213.1 1979.3 1
7 10 639.7 1224.1 1
2 5 1476.3 1758.6 1
3 9 269.6 802.4 1
9 5 1776.9 1989.9 1
2 4 265.1 671.0 1
0 5 1797.1 2344.4 1
6 5 558.9 1575.8 1
1 3 1570.3 2069.9 1
7 5 1086.0 2036.6 1
0 4 1310.6 1736.0 1
2 10 762.0 1537.2 1
1 10 896.2 1066.9 1
4 1 1506.3 2214.9 1
5 8 1876.0 2660.4 1
8 5 273.8 1232.2 1
4 10 1601.1 2288.4 1
6 3 40.3 214.1 1
6 5 727.1 1097.3 1
1 7 246.7 455.5 1
3 1 1436.4 2029.8 1
0 3 1732.0 2113.7 1
3 2 1294.8 2305.9 1
7 4 949.4 1612.9 1
6 4 925.0 1453.2 1
3 8 330.7 1392.8 1
7 2 1826.4 2014.3 1
8 3 1425.2 1725.5 1
8 2 275.4 984.7 1
2 3 1555.0 2006.9 1
0 1 593.3 1170.7 1
5 8 1445.1 1661.5 1
2 7 633.0 709.5 1
8 4 1694.8 2545.4 1
3 8 1354.1 2190.4 1
2 5 1675.6 1968.8 1
4 1 1504.9 1659.8 1
6 4 1177.6 1697.9 1
4 5 697.9 992.8 1
6 7 17.9 622.2 1
2 8 480.1 849.9 1
8 10 14.2 531.5 1
9 8 142.8 347.9 1
9 3 453.1 851.4 1
8 9 1372.8 1496.9 1
8 9 1667.2 2598.6 1
8 10 114.5 637.0 1
3 9 1724.2 2507.0 1
2 8 161.5 654.9 1
7 3 840.5 1666.9 1
1 8 305.3 694.0 1
9 1 567.1 1466.9 1
4 6 1809.4 2242.5 1
2 10 107.9 967.5 1
0 3 288.0 561.1 1
0 5 1319.9 2185.5 1
5 3 588.8 1359.5 1
9 3 254.7 669.8 1
9 4 385.4 1053.9 1
3 2 1289.4 1531.4 1
5 4 1495.2 2163.6 1
7 1 1084.0 1562.2 1
0 7 753.1 1157.5 1
5 8 870.5 1081.6 1
9 1 1082.4 1931.8 1
3 4 434.8 1459.4 1
4 9 717.4 1420.0 1
5 1 1672.9 1933.4 1
5 2 1220.0 1535.5 1
2 1 1623.7 1689.8 1
8 2 410.5 1093.5 1
0 8 818.4 1430.5 1
3 1 647.6 1497.3 1
2 10 723.7 1206.2 1
0 8 618.8 1272.2 1
6 9 1827.1 2011.9 1
3 8 1075.9 2002.7 1
4 2 641.1 776.6 1
7 4 844.7 1778.1 1
9 1 1259.1 1557.4 1
7 8 1292.6 1763.6 1
4 7 946.7 1943.5 1
8 5 1707.8 2002.5 1
8 7 110.8 960.4 1
3 1 1733.0 1858.4 1
6 3 212.7 751.2 1
5 9 1474.8 1619.5 1
3 7 1175.6 1364.7 1
2 7 1137.5 1277.9 1
2 7 646.1 741.9 1
9 10 1012.9 1172.8 1
0 8 533.5 1272.6 1
7 8 1632.5 2552.0 1
4 3 727.9 1323.2 1
6 7 830.6 1512.5 1
1 6 1755.9 2714.7 1
5 1 1815.6 1935.5 1
4 9 357.0 1321.5 1
3 8 415.6 1064.4 1
5 7 1780.9 1978.2 1
6 9 304.2 905.1 1
1 5 124.1 365.7 1
8 2 1912.0 2158.0 1
9 10 1544.5 1645.8 1
5 7 1582.4 2215.6 1
5 4 841.8 1163.8 1
7 6 1801.5 1914.9 1
5 9 533.4 1068.8 1
9 7 1684.3 1744.7 1
3 5 1287.1 1444.2 1
5 9 1215.4 1384.3 1
7 8 1801.3 2026.1 1
0 5 675.8 1648.7 1
6 3 283.1 1081.7 1
2 5 169.2 259.4 1
9 8 907.7 983.8 1
1 10 1099.4 1952.3 1
4 6 1077.4 1949.5 1
4 9 217.5 654.1 1
6 7 1652.7 2665.4 1
8 1 549.4 1198.6 1
7 2 1684.2 2540.3 1
8 7 1240.5 1563.3 1
6 8 1442.4 1848.1 1
1 6 834.9 1055.0 1
0 3 1814.7 2667.6 1
5 1 526.5 1364.3 1
0 4 1409.7 1781.4 1
9 4 1066.0 1603.9 1
1 10 1895.9 2935.4 1
8 5 277.2 1209.3 1
7 6 456.4 833.2 1
3 9 1202.0 1609.1 1
0 8 303.6 1017.3 1
2 9 1075.2 1145.8 1
9 8 1801.6 2486.4 1
1 9 1773.2 2739.7 1
1 8 1058.4 2100.9 1
0 5 1732.9 2234.2 1
4 6 1408.9 1728.8 1
7 5 1814.3 2435.7 1
9 6 1360.1 1640.6 1
8 5 1438.0 2412.4 1
EOF
