NUM_STATIONS: 10
NUM_REQUESTS: 80
NUM_VEHICLES: 2
VEHICLE_CAPACITY: 2
DISTANCES
0 1 9.9
1 2 5.8
2 3 2.8
3 4 4.2
4 5 8.2
5 6 9.6
6 7 7.3
7 8 4.0
8 9 8.9
9 0 4.1
REQUEST_SECTION
8 2 235.5 1016.4 2
3 8 1113.2 2014.3 2
0 4 140.4 230.3 2
4 8 627.6 1026.8 2
7 10 1271.2 1522.7 1
4 1 519.0 701.1 1
1 9 993.4 1436.4 2
3 6 545.3 1003.7 1
5 9 467.7 1339.9 1
9 5 942.2 1676.3 1
1 7 873.5 1063.0 1
7 3 1241.8 1399.4 1
9 7 893.8 1675.7 2
1 6 47.4 630.7 1
5 3 211.6 752.4 1
0 4 840.5 1777.1 2
7 1 125.8 980.7 1
0 4 960.6 1166.8 2
2 9 840.9 1490.6 2
0 6 15.6 582.5 1
0 9 829.3 1209.9 1
4 10 966.2 1643.2 1
2 5 419.1 834.5 2
1 10 1164.1 2024.6 1
7 10 715.3 889.0 1
2 10 1155.3 1628.8 2
3 8 5.7 980.7 1
5 8 1245.4 1640.6 2
6 8 848.4 1294.6 2
6 5 644.8 1332.7 1
5 10 108.4 1039.5 1
2 8 373.0 891.0 2
8 9 1125.0 1387.8 2
2 7 54.0 182.6 1
4 6 789.9 1773.9 1
5 8 175.8 438.5 1
9 8 1110.3 1639.7 1
3 1 1246.0 2020.1 1
3 4 637.1 1040.8 1
2 6 1021.6 1669.6 2
4 9 1038.4 1807.2 1
7 5 734.5 929.1 2
6 4 1090.9 2021.9 2
7 3 702.4 1516.3 2
5 10 375.9 779.3 2
3 8 144.3 318.3 2
9 6 543.3 1112.6 1
5 1 1078.6 1692.2 1
8 4 445.8 1093.3 2
0 5 1242.3 1591.2 2
5 10 290.7 944.2 2
7 5 592.2 1483.6 2
6 10 717.7 903.7 1
6 1 1131.6 1384.1 2
2 6 255.8 1114.9 2
4 5 1235.9 1707.9 2
7 3 456.7 691.3 1
0 4 599.9 1594.0 1
0 9 67.9 736.5 2
4 10 91.6 671.8 2
2 1 536.1 997.6 2
1 10 937.8 1662.0 1
0 7 307.3 777.7 1
0 4 522.8 646.1 2
2 6 213.9 607.0 2
6 8 918.4 1374.6 2
7 9 12.5 358.0 2
0 1 139.7 495.4 2
3 6 569.0 1021.8 2
5 1 436.7 1186.4 1
1 8 847.6 1284.1 1
7 5 1016.7 1422.0 1
3 2 304.0 990.0 2
2 5 413.2 1366.8 1
4 2 1036.7 1987.9 2
7 10 581.9 812.9 2
3 7 805.3 898.8 2
4 6 261.0 1267.6 2
1 2 1155.7 1982.2 2
1 8 859.0 1151.5 2
EOF
