NUM_STATIONS: 10
NUM_REQUESTS: 160
NUM_VEHICLES: 2
VEHICLE_CAPACITY: 2
DISTANCES
0 1 6.3
1 2 7.7
2 3 3.8
3 4 4.5
4 5 9.5
5 6 2.1
6 7 8.1
7 8 3.8
8 9 3.5
9 0 1.8
REQUEST_SECTION
8 5 1350.1 2109.7 2
2 7 100.4 779.0 2
0 6 1295.5 2646.4 2
4 2 384.5 858.5 1
6 1 938.7 1825.7 1
6 5 1346.1 1545.4 2
4 5 694.3 2076.0 2
1 7 185.9 1006.9 2
9 1 817.6 1849.3 1
8 4 65.8 429.7 2
6 8 779.5 892.3 1
3 10 266.6 1692.8 1
9 6 1418.5 1491.2 2
1 3 633.6 964.2 1
9 1 924.1 2150.4 2
6 5 1023.8 1482.1 1
1 10 967.2 1601.5 2
0 8 206.7 1398.9 1
7 10 248.3 413.5 2
2 5 964.5 1380.9 1
3 9 969.3 1256.8 2
9 5 1341.3 1628.5 1
2 4 903.9 1218.3 2
0 5 228.9 851.3 1
6 5 1167.5 1719.5 2
1 3 297.8 548.6 2
7 5 830.1 1872.8 2
0 4 1242.4 2633.3 1
2 10 815.7 2358.2 1
1 10 39.1 684.9 2
4 1 483.2 968.2 1
5 8 371.2 1869.8 2
8 5 144.4 779.9 1
4 10 451.1 1721.6 2
6 3 569.4 1380.9 2
6 5 1207.5 2412.5 2
1 7 486.5 1765.9 1
3 1 1004.1 1303.0 1
0 3 1500.5 2173.6 1
3 2 482.8 587.9 1
7 4 0.2 1325.2 1
6 4 543.1 1576.8 1
3 8 1509.6 2364.0 1
7 2 204.4 737.5 1
8 3 303.0 990.4 1
8 2 333.3 1574.1 2
2 3 1083.7 1247.3 2
0 1 77.1 1280.5 2
5 8 1045.8 1824.3 2
2 7 1170.5 1456.4 2
8 4 1462.1 2930.8 2
3 8 834.4 1832.1 1
2 5 804.9 1105.8 2
4 1 683.1 1785.2 1
6 4 263.8 577.8 1
4 5 106.1 751.3 2
6 7 1226.5 2415.2 2
2 8 14.2 878.6 2
8 10 1088.4 1614.5 1
9 8 725.5 1492.6 2
9 3 644.9 835.3 1
8 9 1506.1 2503.8 1
8 9 337.9 489.7 2
8 10 854.9 1732.1 1
3 9 141.4 1459.1 2
2 8 452.4 1748.0 1
7 3 263.4 1584.2 1
1 8 1145.1 2016.7 2
9 1 607.7 762.4 2
4 6 9.4 1133.5 1
2 10 763.7 1924.0 1
0 3 1367.6 1780.4 2
0 5 0.4 1283.2 2
5 3 268.0 1848.0 2
9 3 564.0 1074.1 1
9 4 301.3 1102.7 2
3 2 1505.3 2948.0 2
5 4 1298.3 2249.7 1
7 1 116.8 1461.0 2
0 7 403.9 553.3 2
5 8 456.5 1672.4 1
9 1 260.9 582.9 1
3 4 100.6 657.1 1
4 9 424.7 653.6 1
5 1 539.6 1360.0 1
5 2 958.8 1904.2 2
2 1 110.0 1656.6 1
8 2 459.1 955.8 1
0 8 1093.8 2549.3 2
3 1 612.5 1657.8 2
2 10 599.5 1331.1 1
0 8 1069.2 1801.1 2
6 9 1447.6 2928.3 2
3 8 1326.8 2554.9 1
4 2 425.3 1471.8 1
7 4 1064.6 2633.1 2
9 1 853.5 2059.8 2
7 8 310.7 445.6 1
4 7 703.4 1073.0 1
8 5 68.8 1459.6 1
8 7 145.0 1130.2 1
3 1 195.5 433.0 2
6 3 1202.5 2014.9 2
5 9 1276.3 1587.6 2
3 7 522.0 784.4 1
2 7 1169.4 1979.2 2
2 7 1522.6 2112.8 1
9 10 620.3 1131.6 2
0 8 996.9 1639.7 2
7 8 959.5 2004.0 1
4 3 933.4 1565.1 2
6 7 631.7 2046.2 1
1 6 625.6 1355.3 2
5 1 1129.9 2193.7 1
4 9 1466.6 2893.9 2
3 8 1520.8 1930.7 1
5 7 930.1 2037.3 1
6 9 1322.2 2147.2 1
1 5 481.2 1314.4 1
8 2 106.6 764.9 1
9 10 856.0 1948.4 1
5 7 1342.3 2856.3 2
5 4 263.7 753.5 1
7 6 1187.7 2667.5 1
5 9 1109.3 2147.0 1
9 7 377.5 617.0 2
3 5 975.8 1922.6 1
5 9 10.1 427.6 2
7 8 1027.7 2025.6 1
0 5 997.8 1995.4 1
6 3 1449.8 2258.0 2
2 5 146.8 998.4 1
9 8 237.9 590.3 1
1 10 1098.7 1659.8 1
4 6 176.0 1603.0 2
4 9 941.5 1606.5 2
6 7 503.5 1952.1 2
8 1 1348.3 2706.1 1
7 2 1074.6 1382.8 2
8 7 458.3 698.7 1
6 8 108.7 528.7 1
1 6 575.8 1381.1 1
0 3 1083.9 1864.7 1
5 1 153.1 848.3 2
0 4 683.0 1082.2 1
9 4 538.3 2048.0 2
1 10 909.2 2098.4 2
8 5 548.6 2092.4 2
7 6 436.0 1624.5 2
3 9 161.0 1144.3 2
0 8 650.8 1004.7 1
2 9 164.1 1010.2 2
9 8 1365.6 1970.3 2
1 9 687.0 1381.5 2
1 8 215.7 1143.7 1
0 5 761.0 1669.4 1
4 6 1343.7 2720.6 1
7 5 300.1 1062.5 1
9 6 1453.9 2912.9 2
8 5 529.9 1689.4 1
EOF
