NUM_STATIONS: 10
NUM_REQUESTS: 40
NUM_VEHICLES: 1
VEHICLE_CAPACITY: 8
DISTANCES
0 1 3.4
1 2 6.2
2 3 7.9
3 4 7.1
4 5 5.2
5 6 1.5
6 7 5.2
7 8 1.2
8 9 5.0
9 0 2.1
REQUEST_SECTION
3 7 666.6 979.2 4
4 5 205.8 869.8 1
4 5 285.5 502.5 3
2 9 44.2 275.0 3
4 6 393.9 936.6 1
2 7 517.0 871.4 1
2 4 529.3 1193.1 2
5 6 485.9 901.8 8
4 1 226.6 780.9 1
0 7 603.7 1027.3 7
6 3 604.1 1078.4 4
0 2 312.8 688.1 7
9 3 322.0 420.1 3
7 6 546.1 1169.4 8
7 5 608.3 1232.9 1
3 7 162.0 406.4 1
4 2 172.2 506.0 4
0 9 639.9 782.1 6
2 3 64.9 611.2 8
2 9 358.2 866.7 1
0 4 649.9 1024.9 2
2 10 361.6 1072.3 2
2 6 10.3 591.4 4
8 4 255.9 878.5 5
3 7 102.3 390.7 6
0 1 100.1 164.3 6
7 1 470.7 630.8 5
8 4 349.0 410.6 2
0 3 589.4 1078.5 2
9 7 289.6 870.9 1
0 4 35.4 461.8 4
7 2 439.0 900.2 8
8 6 120.3 333.3 4
4 10 626.3 857.5 3
9 6 208.8 778.1 4
1 5 570.4 698.9 8
4 2 401.5 834.3 1
3 5 39.3 748.7 3
9 7 455.4 1070.6 5
5 7 38.1 413.2 3
EOF
