NUM_STATIONS: 10
NUM_REQUESTS: 20
NUM_VEHICLES: 1
VEHICLE_CAPACITY: 8
DISTANCES
0 1 8.9
1 2 4.6
2 3 7.4
3 4 8.4
4 5 9.1
5 6 4.1
6 7 8.9
7 8 3.5
8 9 7.1
9 0 5.5
REQUEST_SECTION
2 3 607.6 1179.5 3
4 1 480.8 626.7 3
1 10 505.8 890.8 5
5 4 153.2 511.6 2
6 5 37.4 432.9 8
0 8 300.8 766.9 1
2 9 452.4 752.3 2
9 1 537.2 670.4 4
2 3 156.4 582.4 1
5 9 106.2 677.2 5
6 4 650.4 721.8 4
5 1 227.4 563.7 5
8 4 142.1 444.1 7
8 1 69.7 475.6 3
9 2 657.8 816.1 5
5 8 205.8 721.2 8
3 5 170.7 432.3 2
8 1 74.8 452.1 4
4 9 294.7 534.9 7
6 4 607.1 1023.9 1
EOF
