NUM_STATIONS: 10
NUM_REQUESTS: 20
NUM_VEHICLES: 1
VEHICLE_CAPACITY: 1
DISTANCES
0 1 10.0
1 2 3.1
2 3 7.4
3 4 2.1
4 5 5.5
5 6 6.0
6 7 3.5
7 8 7.1
8 9 7.6
9 0 5.4
REQUEST_SECTION
4 9 159.2 277.8 1
8 3 326.5 598.0 1
4 3 477.4 885.6 1
5 2 241.3 698.6 1
7 5 526.7 779.7 1
3 6 444.2 556.8 1
9 4 149.7 341.9 1
5 4 61.8 326.2 1
7 6 435.7 606.9 1
5 4 420.6 842.0 1
6 8 25.9 132.0 1
3 1 259.3 554.4 1
3 10 148.9 462.2 1
8 9 150.8 461.8 1
8 3 51.3 190.6 1
3 2 254.7 469.6 1
0 3 39.7 314.4 1
1 3 90.1 163.0 1
7 5 156.2 308.6 1
8 7 57.1 427.6 1
EOF
