NUM_STATIONS: 10
NUM_REQUESTS: 20
NUM_VEHICLES: 3
VEHICLE_CAPACITY: 4
DISTANCES
0 1 8.9
1 2 4.6
2 3 7.4
3 4 8.4
4 5 9.1
5 6 4.1
6 7 8.9
7 8 3.5
8 9 7.1
9 0 5.5
REQUEST_SECTION
2 3 38.2 176.8 3
4 1 194.3 302.2 4
1 10 148.4 309.9 1
5 4 60.0 128.9 4
6 5 92.5 221.4 1
0 8 209.5 340.4 4
2 9 74.2 193.9 1
9 1 224.8 332.0 2
2 3 132.6 308.5 2
5 9 36.9 144.7 2
6 4 134.2 238.0 3
5 1 136.0 260.7 4
8 4 146.8 311.0 3
8 1 44.4 132.6 1
9 2 21.5 160.3 3
5 8 7.3 163.3 1
3 5 44.8 211.0 2
8 1 172.6 330.7 2
4 9 138.3 294.3 2
6 4 191.6 289.1 2
EOF
