NUM_STATIONS: 10
NUM_REQUESTS: 20
NUM_VEHICLES: 2
VEHICLE_CAPACITY: 2
DISTANCES
0 1 8.9
1 2 4.6
2 3 7.4
3 4 8.4
4 5 9.1
5 6 4.1
6 7 8.9
7 8 3.5
8 9 7.1
9 0 5.5
REQUEST_SECTION
2 3 200.7 280.9 1
4 1 30.0 184.9 1
1 10 64.0 295.5 1
5 4 185.5 339.9 1
6 5 11.3 220.9 2
0 8 151.1 292.4 1
2 9 204.6 281.7 1
9 1 35.8 213.3 1
2 3 199.6 412.4 2
5 9 116.2 279.9 2
6 4 169.9 384.1 1
5 1 2.6 106.5 2
8 4 4.2 124.6 1
8 1 147.6 329.8 1
9 2 106.1 237.7 2
5 8 54.9 139.9 2
3 5 209.8 296.7 2
8 1 177.8 257.1 2
4 9 76.1 278.9 2
6 4 118.6 314.7 1
EOF
