NUM_STATIONS: 10
NUM_REQUESTS: 80
NUM_VEHICLES: 3
VEHICLE_CAPACITY: 1
DISTANCES
0 1 5.3
1 2 5.1
2 3 4.1
3 4 5.8
4 5 8.8
5 6 4.0
6 7 7.4
7 8 2.6
8 9 6.4
9 0 5.7
REQUEST_SECTION
7 4 32.2 338.4 1
7 1 495.1 617.0 1
9 2 352.8 670.2 1
2 9 118.6 207.1 1
6 10 478.4 554.2 1
0 9 272.0 459.5 1
6 8 240.3 576.4 1
2 3 282.6 524.1 1
4 7 226.2 436.5 1
1 4 498.8 764.0 1
5 9 325.4 612.9 1
7 1 525.7 662.8 1
5 3 208.5 269.8 1
4 10 237.4 622.2 1
0 1 438.6 693.6 1
8 9 309.2 533.0 1
8 2 236.6 522.1 1
8 4 203.8 399.9 1
1 5 6.1 268.0 1
5 3 148.2 427.7 1
8 2 125.0 307.7 1
3 6 287.0 684.8 1
5 4 127.6 235.3 1
7 9 370.0 566.1 1
3 5 240.3 462.9 1
7 8 489.3 749.5 1
0 8 286.0 682.2 1
9 2 532.5 712.9 1
1 6 218.3 377.9 1
4 7 108.0 241.8 1
0 7 135.0 517.7 1
5 7 516.0 691.4 1
4 7 376.1 577.4 1
1 6 166.1 562.6 1
0 9 14.4 216.5 1
8 9 175.6 502.0 1
2 5 155.6 559.4 1
1 10 58.2 281.6 1
3 2 175.4 344.8 1
9 6 221.0 314.9 1
7 8 329.4 582.3 1
6 8 26.7 140.8 1
6 3 76.1 382.9 1
0 6 106.4 514.2 1
1 6 1.4 212.6 1
0 7 433.2 616.4 1
6 3 483.0 616.7 1
3 2 5.6 228.4 1
8 10 87.6 305.2 1
6 3 81.7 430.0 1
9 8 376.8 780.6 1
1 6 450.7 765.7 1
3 2 456.7 677.0 1
2 5 525.8 822.0 1
6 1 208.9 425.7 1
9 4 101.5 273.2 1
7 9 212.7 513.2 1
1 2 443.8 668.1 1
8 4 203.0 573.0 1
3 7 93.4 173.0 1
1 8 412.9 742.5 1
3 5 233.0 466.4 1
6 4 292.9 425.2 1
5 9 10.3 148.9 1
4 3 532.1 919.1 1
1 8 353.0 460.4 1
0 9 301.8 445.7 1
9 5 539.8 768.7 1
2 9 81.7 494.3 1
6 2 355.1 646.4 1
9 1 346.7 439.8 1
9 3 59.1 427.6 1
5 2 548.5 871.0 1
8 10 300.0 594.2 1
3 7 73.7 273.8 1
7 5 208.9 558.7 1
0 5 338.9 500.5 1
6 1 485.6 591.4 1
7 1 10.9 311.3 1
3 9 546.1 838.4 1
EOF
