NUM_STATIONS: 10
NUM_REQUESTS: 20
NUM_VEHICLES: 1
VEHICLE_CAPACITY: 1
DISTANCES
0 1 8.3
1 2 2.5
2 3 8.9
3 4 6.4
4 5 8.5
5 6 5.9
6 7 7.6
7 8 9.1
8 9 7.1
9 0 6.5
REQUEST_SECTION
4 1 473.3 730.7 1
9 3 420.6 959.5 1
9 10 569.0 997.9 1
7 2 476.5 965.9 1
9 1 551.6 771.5 1
4 2 283.8 641.5 1
1 10 3.4 242.3 1
1 5 502.6 953.8 1
5 7 72.1 317.6 1
6 7 152.8 333.2 1
2 1 503.7 1091.5 1
0 3 505.2 1014.2 1
8 5 186.5 700.5 1
0 6 250.0 819.5 1
3 2 519.7 727.7 1
1 2 529.2 727.8 1
0 9 666.3 1063.5 1
2 5 582.3 834.1 1
2 1 272.5 815.8 1
9 8 472.0 722.5 1
EOF
