NUM_STATIONS: 10
NUM_REQUESTS: 160
NUM_VEHICLES: 1
VEHICLE_CAPACITY: 2
DISTANCES
0 1 7.9
1 2 8.7
2 3 5.6
3 4 8.4
4 5 6.3
5 6 1.2
6 7 4.8
7 8 8.8
8 9 1.4
9 0 2.6
REQUEST_SECTION
0 1 376.4 960.3 1
7 1 155.1 2137.9 2
6 4 312.3 2516.4 1
1 3 3110.5 3344.6 2
3 4 2835.1 3244.1 2
6 5 1708.1 4945.9 2
7 4 1960.6 3785.1 1
2 1 1693.4 3829.6 2
6 2 794.2 3133.5 1
1 2 1455.7 3264.7 2
1 6 2944.6 4528.1 1
5 4 2497.7 4080.4 2
4 2 598.4 1272.1 1
8 6 3246.7 5760.5 1
6 7 3243.3 4957.5 2
7 1 970.4 1358.3 2
6 5 2249.6 4721.7 1
0 8 1481.7 3638.2 1
9 7 2218.6 3593.9 1
7 3 1217.1 2771.1 2
5 6 934.5 3846.3 2
1 10 1551.3 3315.8 2
9 4 2024.6 3821.3 2
0 1 3217.0 4037.4 1
3 5 2342.9 5196.5 1
8 7 573.2 1429.1 2
3 8 1403.8 2891.4 1
0 1 485.3 849.0 1
7 2 1629.5 3379.3 1
4 6 1980.0 2462.0 1
1 9 3275.0 3494.7 1
1 7 1556.1 2740.1 1
7 10 2911.7 5583.8 1
4 6 434.9 2108.5 1
7 5 2679.1 4435.4 1
8 1 1734.6 2658.4 1
2 8 2409.1 5122.1 2
3 10 599.0 3231.1 1
7 8 1889.5 3844.5 2
7 10 2072.4 2535.9 1
3 7 2091.4 4284.3 2
9 10 2882.6 4238.7 2
5 2 2536.2 4899.7 2
7 1 2015.5 4590.9 2
1 10 340.8 2924.0 2
9 10 2988.6 3343.0 2
3 4 1493.4 3993.3 2
9 10 2498.9 5138.0 1
5 6 3091.2 6268.0 1
1 4 1902.9 1981.0 2
1 3 555.2 1467.4 1
8 2 2773.3 4278.2 2
2 7 1954.2 5143.8 2
8 1 2929.8 4056.9 1
3 6 3158.9 4826.2 2
6 7 993.0 1380.7 1
4 9 2910.4 5521.3 1
3 5 2459.0 4319.5 1
5 6 1494.3 4367.7 1
9 5 1907.6 3100.5 1
4 10 1927.4 3724.5 1
0 4 1209.7 2648.9 2
9 10 808.2 1469.6 1
1 7 1569.5 3816.5 2
8 6 1114.4 4271.7 2
2 8 2520.5 4135.5 2
5 1 663.3 2608.7 2
9 1 2548.2 5350.0 2
8 4 1892.3 3446.3 1
6 4 1025.5 1605.8 1
3 5 19.0 2513.9 1
7 1 2816.9 5761.1 2
0 7 1924.3 2121.3 2
5 9 1839.9 4118.5 2
1 9 2729.0 3259.4 2
4 1 1772.1 4022.6 1
9 3 2495.1 4375.1 2
8 5 43.0 1102.9 2
6 10 54.8 2432.3 1
7 1 3330.0 3860.5 1
3 10 2933.8 5241.5 1
6 8 698.4 2556.5 1
5 8 402.2 524.9 2
9 8 2722.2 3384.5 2
7 4 2142.4 4370.0 2
0 4 2516.8 4854.6 1
2 9 2640.8 4147.4 1
0 7 456.8 598.4 2
0 4 541.3 2133.9 1
1 6 1995.8 2530.6 2
0 6 3273.3 5000.9 2
0 5 3324.0 4763.2 2
7 1 2433.4 4933.1 1
1 3 1320.5 2562.6 2
3 8 680.3 1479.4 2
7 2 2416.9 3460.0 1
6 2 2069.5 2913.8 1
8 9 3310.1 4392.5 1
0 3 3125.7 6060.5 2
2 7 1718.8 2369.3 1
6 1 220.6 345.2 2
8 9 94.8 2511.9 2
6 4 404.2 1713.0 2
0 4 302.8 693.8 1
7 3 1109.2 1698.4 2
6 4 2330.2 4928.4 1
3 8 2772.0 4451.9 1
9 7 1696.0 2519.4 2
3 1 3071.8 3575.0 1
2 8 1964.5 3989.9 1
3 2 57.3 1358.5 2
1 10 257.8 595.2 1
8 5 3011.5 5860.4 1
1 8 2288.8 3209.9 2
1 10 1426.7 4776.2 2
8 10 1409.8 2740.8 2
6 8 1270.1 1981.4 2
3 6 1599.0 3136.4 2
8 9 2017.7 5375.9 1
2 7 2163.3 3923.7 1
0 7 230.6 1759.9 1
6 2 679.1 3101.9 1
3 1 139.0 1277.9 2
5 8 2155.2 4309.0 1
4 6 3336.9 6626.5 2
5 3 673.2 2137.9 1
6 1 1513.6 2936.3 2
2 9 1728.0 3067.9 1
1 10 1160.4 4056.7 1
0 5 1373.7 2396.1 1
1 5 539.4 3755.3 1
7 6 428.0 1382.2 2
1 6 1344.5 4634.1 2
5 10 3272.3 5048.4 2
4 10 2085.2 3361.4 2
7 8 2607.6 4612.0 1
5 7 2134.0 4726.4 1
5 8 3341.5 5349.2 1
3 8 242.7 3293.0 2
6 8 43.6 224.8 1
7 1 3095.8 5159.9 2
9 6 1263.9 3580.5 2
1 10 959.0 1855.9 1
1 5 1777.5 5097.3 2
1 9 2886.8 5656.6 1
4 6 2736.8 5129.7 1
7 6 1623.9 4857.4 1
6 9 853.9 1655.0 1
7 2 780.8 1778.7 1
5 7 3134.0 6359.1 1
7 10 1165.8 2073.5 1
3 8 1652.9 3560.1 2
1 3 1958.8 4438.5 2
2 8 1675.8 3042.6 2
4 2 534.4 3058.5 2
5 8 836.9 3553.0 1
4 2 3155.7 5082.7 1
4 2 2643.7 4652.8 1
9 8 258.5 1909.4 2
0 9 2147.4 4037.6 1
EOF
