NUM_STATIONS: 10
NUM_REQUESTS: 40
NUM_VEHICLES: 3
VEHICLE_CAPACITY: 4
DISTANCES
0 1 2.8
1 2 2.9
2 3 8.4
3 4 7.3
4 5 6.1
5 6 1.6
6 7 8.4
7 8 7.7
8 9 3.2
9 0 1.5
REQUEST_SECTION
4 8 317.2 524.6 4
3 10 139.9 351.1 2
6 4 172.2 415.8 4
1 6 105.0 269.2 4
0 4 45.0 132.1 2
5 3 132.7 183.4 2
6 9 313.0 598.0 4
1 10 257.1 408.5 2
1 9 248.7 461.7 2
0 6 226.7 342.0 3
6 9 108.5 366.7 2
5 6 118.2 343.0 4
9 3 98.0 165.6 1
6 2 74.0 223.4 3
9 3 84.8 182.3 2
0 2 128.5 368.1 1
9 5 111.9 227.3 4
7 4 258.5 332.8 2
1 5 267.6 414.8 3
5 4 293.2 357.6 2
8 5 296.7 558.1 3
7 6 153.4 228.1 1
4 1 167.7 364.6 1
4 10 53.5 174.2 3
7 5 318.3 529.5 1
1 10 139.1 233.2 3
3 5 137.3 305.1 2
2 5 193.0 275.6 2
6 8 48.7 282.9 3
4 7 207.8 440.5 4
9 1 109.5 316.6 3
6 3 134.8 360.1 1
8 9 153.7 244.5 1
6 3 271.4 326.3 4
5 2 41.5 232.0 1
8 5 263.2 450.7 1
7 9 64.9 172.0 3
5 4 178.3 474.6 3
0 2 65.9 194.1 1
2 4 299.7 433.0 3
EOF
