NUM_STATIONS: 10
NUM_REQUESTS: 20
NUM_VEHICLES: 3
VEHICLE_CAPACITY: 2
DISTANCES
0 1 6.6
1 2 8.7
2 3 5.9
3 4 9.0
4 5 3.2
5 6 7.2
6 7 4.7
7 8 8.2
8 9 3.5
9 0 6.8
REQUEST_SECTION
3 5 71.3 214.1 2
1 7 126.3 230.5 1
4 5 0.6 109.6 2
0 6 58.9 220.8 1
1 7 70.1 228.2 1
6 7 9.8 173.2 1
0 8 75.7 196.5 1
1 4 113.5 277.0 2
0 5 87.3 234.1 1
6 1 43.3 180.5 2
0 8 56.0 223.8 2
8 2 103.2 186.6 2
8 2 87.9 247.2 1
4 1 136.7 285.9 2
4 7 6.7 105.5 2
5 10 56.8 217.2 1
7 3 47.5 213.3 2
6 2 82.3 212.7 1
0 8 41.6 200.0 1
5 8 140.4 277.4 1
EOF
