NUM_STATIONS: 10
NUM_REQUESTS: 20
NUM_VEHICLES: 3
VEHICLE_CAPACITY: 1
DISTANCES
0 1 10.0
1 2 3.1
2 3 7.4
3 4 2.1
4 5 5.5
5 6 6.0
6 7 3.5
7 8 7.1
8 9 7.6
9 0 5.4
REQUEST_SECTION
4 9 74.5 161.0 1
8 3 31.3 129.8 1
4 3 24.0 106.8 1
5 2 35.4 177.6 1
7 5 132.0 242.8 1
3 6 10.1 86.5 1
9 4 95.2 157.8 1
5 4 127.4 246.2 1
7 6 103.0 183.8 1
5 4 116.6 238.8 1
6 8 31.5 90.5 1
3 1 72.9 149.1 1
3 10 135.5 233.3 1
8 9 101.5 164.7 1
8 3 119.8 255.6 1
3 2 98.2 223.1 1
0 3 102.2 188.9 1
1 3 83.8 227.8 1
7 5 0.5 73.5 1
8 7 122.7 237.3 1
EOF
