NUM_STATIONS: 10
NUM_REQUESTS: 40
NUM_VEHICLES: 2
VEHICLE_CAPACITY: 4
DISTANCES
0 1 5.8
1 2 5.9
2 3 5.5
3 4 4.6
4 5 6.6
5 6 8.5
6 7 2.2
7 8 4.0
8 9 2.7
9 0 5.9
REQUEST_SECTION
5 3 237.5 619.9 1
6 3 360.6 628.4 1
4 5 456.5 678.5 3
3 7 477.2 629.7 2
8 3 335.0 580.7 3
2 5 392.8 609.0 1
2 8 476.4 529.9 1
4 7 203.2 540.1 4
9 1 221.5 639.6 3
2 4 432.8 735.5 1
1 10 419.7 811.6 4
7 2 244.0 452.6 2
5 4 357.8 555.1 3
2 8 401.8 629.6 2
2 5 291.1 714.1 3
8 3 355.4 413.5 4
6 2 101.3 350.8 1
9 5 236.0 330.0 1
5 8 361.2 693.7 1
6 9 232.9 593.0 1
3 2 460.9 747.0 4
7 2 397.6 816.6 3
3 5 78.8 344.9 2
9 2 54.3 219.3 2
9 5 199.8 282.3 4
5 3 383.1 449.8 4
5 9 147.8 454.6 4
1 9 54.2 435.9 4
0 4 269.5 620.3 1
3 5 396.5 629.0 3
8 7 18.1 325.4 4
3 4 162.2 490.5 4
7 2 41.7 410.6 2
9 8 503.5 650.1 1
4 6 91.7 443.0 1
2 3 223.4 560.1 4
2 9 321.8 434.2 4
3 1 367.3 747.8 2
4 2 376.8 671.6 1
3 8 282.8 620.4 4
EOF
