NUM_STATIONS: 10
NUM_REQUESTS: 80
NUM_VEHICLES: 2
VEHICLE_CAPACITY: 2
DISTANCES
0 1 7.9
1 2 8.1
2 3 2.5
3 4 7.9
4 5 2.3
5 6 7.4
6 7 8.2
7 8 1.4
8 9 7.4
9 0 3.5
REQUEST_SECTION
9 4 1087.4 1396.7 2
8 6 366.2 888.3 1
1 2 62.3 291.9 1
8 4 909.3 1416.7 2
2 7 139.2 435.7 1
1 8 688.1 1041.6 1
5 7 746.6 928.8 2
1 9 304.3 663.5 1
1 4 232.8 409.8 2
4 6 401.2 618.4 2
0 8 448.1 1050.8 2
7 6 244.1 329.6 1
7 6 1026.0 1315.8 1
4 10 778.0 1368.6 1
8 2 67.6 209.9 1
1 4 898.6 1480.2 2
2 8 417.0 993.0 2
0 3 1098.2 1305.9 1
8 6 938.1 1485.3 1
8 1 959.1 1187.2 2
9 8 234.5 754.1 1
6 3 137.1 744.6 2
2 4 132.1 268.5 1
3 10 609.8 1214.6 2
5 6 203.5 491.7 2
5 6 619.2 1203.1 1
2 9 36.8 383.0 1
6 8 684.8 1094.9 2
9 10 527.5 777.3 1
5 8 817.9 1127.7 2
0 5 553.8 1032.7 2
2 4 270.5 457.1 2
3 9 656.9 1216.8 2
0 3 421.9 870.3 2
5 6 1045.4 1479.2 2
5 10 665.6 1002.4 1
4 8 1023.9 1278.5 1
9 4 328.2 532.4 2
1 9 728.0 845.0 1
0 9 1006.6 1346.2 1
6 3 963.3 1332.4 2
0 1 880.3 1409.7 2
8 1 901.2 1519.8 1
3 9 249.4 546.9 2
4 2 729.9 1077.0 2
5 10 813.3 870.3 1
9 2 1102.8 1476.6 1
2 5 988.5 1282.7 2
3 4 831.9 1001.8 1
3 1 295.5 439.1 1
3 2 490.4 926.8 2
4 3 419.9 808.1 2
1 4 940.6 1238.1 2
2 7 156.1 533.7 1
1 9 1060.1 1276.3 1
0 6 93.0 204.7 1
5 2 636.3 1185.7 1
8 2 688.2 1062.7 1
8 4 269.0 337.7 2
2 4 547.2 847.3 1
6 8 860.8 1047.0 1
2 9 29.4 540.2 2
2 8 187.2 751.0 1
1 8 44.3 516.9 2
9 7 425.6 747.3 1
6 2 28.4 498.8 2
2 8 403.6 534.4 1
0 4 789.4 1026.9 1
7 10 6.8 198.2 2
2 4 386.8 507.0 1
6 1 678.3 798.7 2
5 2 34.9 239.2 2
6 8 65.9 336.3 2
7 5 288.1 745.7 2
8 10 912.9 1242.5 1
5 2 1103.9 1244.6 2
9 7 607.2 985.2 1
7 6 733.4 840.2 2
4 9 694.7 944.0 2
3 10 257.0 847.0 1
EOF
