NUM_STATIONS: 10
NUM_REQUESTS: 160
NUM_VEHICLES: 2
VEHICLE_CAPACITY: 4
DISTANCES
0 1 3.6
1 2 7.3
2 3 7.4
3 4 1.6
4 5 9.1
5 6 1.1
6 7 5.1
7 8 5.3
8 9 9.0
9 0 2.6
REQUEST_SECTION
0 6 385.5 1012.3 1
6 7 1274.0 2049.1 3
7 6 1296.2 2106.1 2
0 1 1085.1 2255.0 4
4 3 1035.1 1773.0 4
6 10 1260.3 2005.7 2
5 2 501.1 1796.8 1
1 3 162.5 738.2 2
0 6 926.9 1247.0 3
6 1 459.2 662.5 4
4 5 653.5 774.8 4
6 2 868.7 2293.9 4
3 4 1218.5 2393.5 1
3 4 1165.5 1694.4 1
7 9 1048.7 1117.4 4
9 3 696.2 2263.7 2
9 7 1310.7 2471.6 2
4 8 1235.3 2166.0 3
3 7 637.8 1081.9 1
2 3 703.2 1600.4 1
0 7 153.2 1407.3 2
1 5 1125.8 1977.9 2
8 2 213.9 1709.1 1
5 3 104.1 436.1 4
5 9 881.3 1929.6 1
1 6 151.8 374.8 4
1 6 91.7 489.8 4
4 2 465.8 666.0 1
5 3 1535.0 3038.8 1
4 7 780.1 1471.3 2
6 5 1117.0 1888.8 4
3 7 690.5 1869.8 2
5 3 88.6 926.1 1
4 9 573.9 2134.5 3
2 6 1169.4 2385.2 1
8 4 36.3 1543.7 4
0 3 1245.1 2047.1 3
8 9 15.4 1430.0 2
9 5 1269.9 1781.0 2
5 7 1332.5 2782.9 2
1 5 1469.0 2867.8 2
6 8 1115.7 1835.9 3
3 8 906.4 1571.8 1
8 5 278.0 1183.8 1
3 10 878.0 2154.3 4
8 7 1515.0 2221.1 1
9 4 1397.5 2925.0 4
6 2 27.6 1151.8 2
9 7 1214.7 1891.9 2
0 8 1325.7 1411.5 3
3 9 41.4 1129.8 1
7 10 881.1 2019.5 1
7 3 879.0 1538.1 1
4 1 761.2 1363.0 3
1 3 145.1 1610.4 3
4 9 1147.9 2592.3 2
6 7 1132.9 1294.7 3
3 9 1098.4 2101.4 3
1 5 860.3 1045.7 1
9 7 1342.7 2165.0 1
4 8 1525.3 1849.9 3
7 10 1129.8 2543.2 2
2 9 1331.5 2598.9 3
8 1 736.9 1147.4 3
1 7 215.7 592.6 4
8 5 86.3 924.6 2
7 3 334.2 956.9 3
3 5 378.8 1296.6 2
0 5 769.0 1549.1 4
9 4 755.5 1111.4 4
5 8 814.4 1481.4 3
9 8 36.2 852.7 3
6 9 325.3 1403.2 4
8 1 248.7 1265.4 3
6 7 509.8 1327.6 4
6 1 41.1 260.8 2
3 5 1490.9 1784.9 3
4 7 1353.9 2507.2 1
6 3 17.3 1537.5 1
4 5 192.4 1227.9 2
0 1 900.9 2348.2 1
8 5 558.1 1503.0 2
3 4 79.8 1489.0 4
2 6 424.1 682.1 3
9 4 1502.1 2866.6 1
6 8 1360.1 1480.0 3
6 2 636.3 796.0 4
7 2 100.7 1591.3 1
1 8 1507.5 1798.6 1
9 5 1117.3 2460.8 2
6 2 68.1 814.8 4
1 5 645.1 1434.3 2
5 4 798.1 2304.4 4
8 10 45.2 516.5 3
3 6 915.2 1054.1 4
5 2 521.7 666.5 3
6 3 1247.5 2186.6 1
4 6 1003.0 2309.8 3
5 7 104.4 1466.4 2
2 3 1392.8 2953.4 2
4 9 969.9 2258.1 3
4 1 65.2 1607.3 3
5 6 1330.9 2778.9 2
5 10 356.8 895.9 2
8 9 1309.2 1772.6 4
3 5 814.3 880.8 4
3 8 973.7 1727.1 1
7 8 1202.4 2140.7 4
4 8 1479.7 2871.9 2
1 6 599.4 1149.7 4
3 9 868.8 1579.9 3
0 8 764.9 1775.1 1
0 5 1242.2 2094.7 2
1 8 516.2 841.6 4
3 6 890.7 1883.8 4
7 1 572.7 1380.2 4
7 1 641.2 1882.4 3
4 1 1467.4 2102.2 4
1 2 1139.1 1931.0 4
8 5 1437.6 2597.6 2
6 4 1505.8 2871.4 4
3 6 419.9 1030.5 3
2 8 1185.5 2265.9 2
6 1 1377.9 1873.8 3
6 10 1304.6 2068.2 2
0 2 972.4 1045.8 4
0 1 1084.1 2663.8 1
3 9 11.2 494.4 3
2 8 1312.6 1609.5 4
4 5 594.5 770.2 3
1 5 1010.2 1285.5 1
4 2 5.9 112.2 1
1 3 858.2 1447.7 2
1 3 18.3 338.7 1
6 1 1094.9 1280.8 1
8 9 888.3 1019.7 2
7 6 1177.1 2622.2 4
1 7 279.1 1043.6 2
6 1 1455.8 2886.6 1
4 6 885.6 1597.8 2
3 9 51.1 728.8 4
2 9 1521.4 3019.0 4
6 9 855.2 1404.4 2
2 4 535.2 2076.7 3
9 6 759.1 953.6 2
1 6 431.2 964.8 1
3 2 259.5 470.2 3
4 1 215.0 1632.8 3
8 9 835.6 1348.4 3
4 3 412.4 1434.6 3
7 5 321.1 1406.8 4
3 5 1008.1 1365.8 3
6 7 1412.5 2375.1 3
9 5 1.8 524.2 4
6 5 625.7 1594.6 1
3 8 1056.9 2178.7 4
4 9 1075.2 1943.7 2
4 10 300.0 375.6 4
6 8 701.8 1859.5 4
3 1 1524.1 2266.7 1
EOF
