NUM_STATIONS: 10
NUM_REQUESTS: 40
NUM_VEHICLES: 3
VEHICLE_CAPACITY: 4
DISTANCES
0 1 5.8
1 2 5.9
2 3 5.5
3 4 4.6
4 5 6.6
5 6 8.5
6 7 2.2
7 8 4.0
8 9 2.7
9 0 5.9
REQUEST_SECTION
5 3 41.3 313.9 1
6 3 269.3 562.4 2
4 5 63.4 191.3 4
3 7 321.4 621.6 3
8 3 337.9 467.5 2
2 5 213.8 284.8 2
2 8 75.4 269.2 4
4 7 317.8 429.8 1
9 1 321.3 548.1 3
2 4 65.8 138.8 3
1 10 203.1 410.2 3
7 2 80.3 141.2 1
5 4 324.1 524.4 1
2 8 87.7 156.7 1
2 5 271.4 459.1 2
8 3 337.9 641.6 2
6 2 106.1 338.2 3
9 5 295.1 452.9 3
5 8 36.0 120.7 1
6 9 252.0 417.3 2
3 2 217.3 526.1 3
7 2 323.6 616.5 2
3 5 51.7 200.0 4
9 2 60.5 257.6 2
9 5 303.9 461.6 3
5 3 27.5 253.1 1
5 9 172.0 344.4 2
1 9 320.2 585.8 2
0 4 213.1 332.9 2
3 5 121.5 250.6 4
8 7 158.5 348.3 3
3 4 158.9 285.1 2
7 2 107.2 224.6 2
9 8 110.0 200.1 2
4 6 333.7 628.9 4
2 3 48.9 207.2 1
2 9 276.7 351.9 3
3 1 48.7 327.7 2
4 2 209.8 323.8 4
3 8 144.6 341.5 4
EOF
