NUM_STATIONS: 10
NUM_REQUESTS: 40
NUM_VEHICLES: 2
VEHICLE_CAPACITY: 1
DISTANCES
0 1 2.8
1 2 2.9
2 3 8.4
3 4 7.3
4 5 6.1
5 6 1.6
6 7 8.4
7 8 7.7
8 9 3.2
9 0 1.5
REQUEST_SECTION
4 8 229.2 480.6 1
3 10 249.7 601.6 1
6 4 215.3 286.4 1
1 6 396.8 792.7 1
0 4 210.5 631.7 1
5 3 221.3 295.7 1
6 9 193.8 256.3 1
1 10 108.4 502.9 1
1 9 350.9 470.2 1
0 6 105.6 289.0 1
6 9 419.2 601.5 1
5 6 120.9 480.6 1
9 3 106.1 321.7 1
6 2 333.5 587.6 1
9 3 413.0 467.7 1
0 2 273.1 560.8 1
9 5 459.3 517.8 1
7 4 259.5 347.1 1
1 5 100.0 411.5 1
5 4 173.2 539.5 1
8 5 442.9 511.5 1
7 6 242.6 504.4 1
4 1 98.8 169.4 1
4 10 314.5 648.8 1
7 5 200.6 282.6 1
1 10 301.1 599.9 1
3 5 80.1 335.2 1
2 5 262.4 457.7 1
6 8 124.4 294.3 1
4 7 325.0 381.4 1
9 1 179.0 595.8 1
6 3 393.3 811.3 1
8 9 55.3 250.3 1
6 3 350.4 582.0 1
5 2 474.3 754.7 1
8 5 206.8 333.6 1
7 9 40.2 391.6 1
5 4 397.6 505.9 1
0 2 33.3 431.9 1
2 4 188.4 573.9 1
EOF
