NUM_STATIONS: 10
NUM_REQUESTS: 40
NUM_VEHICLES: 1
VEHICLE_CAPACITY: 2
DISTANCES
0 1 5.5
1 2 7.8
2 3 7.1
3 4 4.8
4 5 4.5
5 6 3.9
6 7 2.7
7 8 6.4
8 9 8.5
9 0 7.6
REQUEST_SECTION
8 7 537.6 974.1 1
8 6 496.9 980.9 1
7 5 448.2 803.6 2
5 10 423.9 1007.2 1
6 9 632.9 1173.9 1
3 4 180.8 682.9 1
4 2 314.4 453.2 2
5 3 125.2 737.1 2
5 10 918.7 1292.7 2
2 9 468.8 1264.1 1
2 8 892.3 957.9 2
0 7 622.4 1334.4 2
4 5 645.7 1515.5 1
3 9 630.4 1265.3 1
5 7 524.6 616.6 2
8 4 776.7 1026.7 2
9 8 1071.5 1385.6 1
2 10 717.1 996.4 1
4 7 195.3 688.5 1
4 10 77.8 881.1 2
7 2 28.3 444.6 2
3 5 705.8 970.1 1
1 9 512.8 1253.8 1
9 8 790.3 1242.4 1
5 1 696.5 1325.2 1
5 3 961.9 1323.9 2
5 8 12.7 700.1 1
5 6 872.8 1795.5 2
0 1 606.2 1529.4 1
5 2 503.6 1351.9 1
5 3 635.6 1177.3 1
1 10 1105.1 1445.8 2
2 4 704.5 1428.3 2
8 3 101.7 904.7 2
5 7 464.1 980.2 1
1 10 643.2 1238.0 2
5 1 508.5 654.3 1
2 6 836.7 1312.2 1
7 5 665.9 808.3 1
8 7 923.6 1233.3 1
EOF
