NUM_STATIONS: 10
NUM_REQUESTS: 80
NUM_VEHICLES: 1
VEHICLE_CAPACITY: 4
DISTANCES
0 1 2.4
1 2 8.8
2 3 9.2
3 4 4.4
4 5 2.3
5 6 10.0
6 7 6.1
7 8 3.9
8 9 6.9
9 0 4.1
REQUEST_SECTION
4 2 821.6 1297.8 4
1 6 797.1 869.2 3
9 8 1616.7 2392.3 1
7 1 1513.5 2230.5 2
1 5 1541.8 2883.6 2
5 9 225.4 1014.4 4
1 5 1186.4 1916.7 3
5 6 1165.9 2146.3 1
2 8 1050.7 2101.8 4
6 1 261.1 895.7 3
5 3 734.6 1755.4 1
2 7 960.7 1164.4 2
5 9 503.4 1584.4 4
0 2 842.9 1488.2 4
1 8 1575.6 1712.9 3
7 10 1616.9 2297.3 4
1 3 605.3 1590.6 2
5 3 43.3 736.7 2
2 5 883.2 1368.4 3
4 8 178.2 422.2 2
2 4 828.0 1575.2 4
4 2 974.5 2430.4 3
7 10 1485.4 3170.5 2
5 6 1389.1 3152.3 4
5 9 589.0 1319.4 1
7 6 1460.6 1957.0 4
1 5 938.2 1135.5 2
1 2 1370.1 2412.3 2
9 1 648.8 1626.6 2
3 7 1380.0 3030.0 3
7 2 11.4 519.1 4
1 7 1175.1 1417.8 1
3 8 1236.5 2836.5 2
1 5 1498.5 2569.8 2
1 8 923.7 2153.4 3
3 9 1372.6 2828.6 2
1 10 393.1 1157.3 4
7 2 777.8 1324.2 2
3 6 560.2 2050.3 4
8 7 334.7 1700.2 2
1 2 1258.8 2012.6 2
0 7 880.8 1836.1 1
0 3 1358.0 2785.7 4
0 4 1469.4 2429.7 2
6 5 382.3 1541.8 1
5 8 425.4 742.0 3
1 10 1470.6 1761.5 4
5 6 1475.9 2110.0 3
4 7 679.2 818.8 3
8 9 1671.3 3317.5 3
5 8 854.4 1716.4 3
6 7 1503.0 3112.8 2
0 8 178.0 439.9 4
1 9 1720.0 2687.9 1
0 5 594.1 1605.4 1
0 4 1075.5 2550.5 3
4 9 178.9 1655.5 1
3 1 1383.4 2226.0 3
7 2 701.2 1003.4 2
5 8 964.3 2241.8 2
2 10 1417.0 1830.0 4
7 9 309.2 870.6 1
8 5 1620.1 2327.6 1
5 6 1039.1 2536.1 1
8 2 442.2 1681.3 4
5 2 1051.3 2436.9 4
5 1 718.2 2152.7 3
8 7 84.2 936.7 3
3 7 177.8 1613.3 4
4 7 1141.5 1807.0 2
6 4 1207.4 1286.3 3
9 7 1067.6 2501.9 1
9 3 1502.6 2847.2 2
9 5 1085.6 2093.1 3
9 10 346.6 446.8 3
8 10 923.6 1891.8 3
9 6 285.4 1137.3 3
3 9 362.1 1700.7 2
2 9 544.0 740.7 3
2 4 1492.4 1621.6 2
EOF
