NUM_STATIONS: 10
NUM_REQUESTS: 160
NUM_VEHICLES: 1
VEHICLE_CAPACITY: 1
DISTANCES
0 1 3.6
1 2 7.3
2 3 7.4
3 4 1.6
4 5 9.1
5 6 1.1
6 7 5.1
7 8 5.3
8 9 9.0
9 0 2.6
REQUEST_SECTION
0 6 892.5 1791.6 1
6 7 837.5 2566.5 1
7 6 1016.3 1185.9 1
0 1 348.3 1389.7 1
4 3 3254.9 3880.9 1
6 10 2277.0 4375.2 1
5 2 3707.9 4186.1 1
1 3 2562.9 3340.0 1
0 6 2652.9 4140.5 1
6 1 574.1 1472.1 1
4 5 3850.5 4711.6 1
6 2 2255.1 2608.5 1
3 4 2093.5 2872.0 1
3 4 1130.4 3220.6 1
7 9 1478.3 2590.3 1
9 3 1594.5 2986.9 1
9 7 226.5 725.8 1
4 8 453.6 691.1 1
3 7 1261.5 1866.5 1
2 3 3698.8 3871.9 1
0 7 1097.7 2189.6 1
1 5 2835.9 4324.9 1
8 2 3701.0 4748.7 1
5 3 300.1 2250.6 1
5 9 3513.1 4176.1 1
1 6 4099.6 6057.5 1
1 6 1027.5 1112.5 1
4 2 1753.9 2787.4 1
5 3 3473.6 5262.6 1
4 7 957.6 1822.8 1
6 5 2899.5 3747.7 1
3 7 659.1 2559.0 1
5 3 1313.4 2120.4 1
4 9 897.7 1248.5 1
2 6 4073.1 5973.1 1
8 4 2912.6 4799.9 1
0 3 999.0 2413.7 1
8 9 3313.3 3633.4 1
9 5 2779.9 3812.0 1
5 7 738.5 1023.5 1
1 5 1583.1 1886.1 1
6 8 2068.0 2937.5 1
3 8 2901.3 3272.1 1
8 5 606.4 974.0 1
3 10 1731.8 3010.3 1
8 7 1130.5 2968.2 1
9 4 4115.7 4358.4 1
6 2 1488.3 1677.6 1
9 7 588.9 2007.2 1
0 8 1456.0 3027.3 1
3 9 936.3 1556.7 1
7 10 2912.1 4326.4 1
7 3 3347.6 4881.5 1
4 1 936.7 2118.2 1
1 3 3179.8 4963.7 1
4 9 991.8 1624.7 1
6 7 2251.0 3463.8 1
3 9 3240.6 4982.8 1
1 5 2590.9 4698.2 1
9 7 1709.2 2515.7 1
4 8 4118.6 5559.1 1
7 10 2079.0 2782.3 1
2 9 2722.2 4056.3 1
8 1 1261.0 2276.3 1
1 7 4028.8 4193.8 1
8 5 3636.6 3704.8 1
7 3 3333.1 4310.5 1
3 5 386.0 447.4 1
0 5 1344.6 3060.0 1
9 4 3520.5 4759.8 1
5 8 2038.4 3883.9 1
9 8 2486.4 3863.8 1
6 9 3716.5 4058.5 1
8 1 1872.3 3042.3 1
6 7 665.1 1446.9 1
6 1 3907.5 4330.5 1
3 5 2331.9 2945.3 1
4 7 2272.4 2553.2 1
6 3 3764.1 5023.6 1
4 5 1468.8 2040.6 1
0 1 2057.0 3536.1 1
8 5 2804.8 4030.2 1
3 4 918.9 1109.3 1
2 6 518.0 1549.4 1
9 4 1913.7 2374.5 1
6 8 189.5 789.6 1
6 2 3943.5 5075.3 1
7 2 2597.1 3302.9 1
1 8 1173.7 2414.1 1
9 5 2803.6 3582.7 1
6 2 959.9 2578.5 1
1 5 1995.0 3271.0 1
5 4 1792.4 3436.7 1
8 10 2402.1 2458.2 1
3 6 3007.0 3627.3 1
5 2 3734.2 4864.3 1
6 3 3002.0 4756.5 1
4 6 730.3 1550.5 1
5 7 3346.1 4378.9 1
2 3 258.5 1315.5 1
4 9 608.0 1388.7 1
4 1 3201.3 3421.4 1
5 6 21.1 950.7 1
5 10 3011.9 3803.1 1
8 9 3539.2 5050.1 1
3 5 550.7 1504.5 1
3 8 2214.4 2972.9 1
7 8 3442.7 4489.0 1
4 8 732.9 2166.7 1
1 6 1199.0 1563.3 1
3 9 3666.3 5055.7 1
0 8 1445.9 2029.3 1
0 5 3822.3 5716.9 1
1 8 1404.2 3156.9 1
3 6 2622.5 3999.9 1
7 1 870.3 1728.3 1
7 1 2521.7 4351.7 1
4 1 1942.1 3847.2 1
1 2 1393.5 3200.6 1
8 5 1366.9 2886.7 1
6 4 4177.5 5352.0 1
3 6 215.7 1052.8 1
2 8 2252.7 4240.9 1
6 1 3305.7 4706.6 1
6 10 2743.9 4135.5 1
0 2 3797.8 4097.4 1
0 1 3860.0 4499.0 1
3 9 670.1 1480.9 1
2 8 2652.1 3690.1 1
4 5 2675.2 4174.9 1
1 5 2388.6 2857.6 1
4 2 3747.3 4704.8 1
1 3 1378.5 2378.1 1
1 3 566.7 2603.6 1
6 1 1539.2 3062.2 1
8 9 3793.4 4284.0 1
7 6 1811.1 2389.9 1
1 7 758.0 1179.2 1
6 1 2166.3 4268.4 1
4 6 952.0 2671.0 1
3 9 46.5 1209.2 1
2 9 826.3 2722.6 1
6 9 791.7 1787.2 1
2 4 3421.0 4825.5 1
9 6 2984.9 3726.2 1
1 6 431.6 909.6 1
3 2 1187.1 2203.2 1
4 1 2049.5 3732.0 1
8 9 442.5 631.5 1
4 3 1269.0 3298.3 1
7 5 1386.4 2684.9 1
3 5 4007.2 5387.1 1
6 7 521.0 919.5 1
9 5 3359.1 3907.1 1
6 5 2131.9 3490.0 1
3 8 62.4 1247.3 1
4 9 2766.2 3485.5 1
4 10 1862.9 3628.0 1
6 8 3296.3 3481.2 1
3 1 3479.7 5240.2 1
EOF
