NUM_STATIONS: 10
NUM_REQUESTS: 80
NUM_VEHICLES: 3
VEHICLE_CAPACITY: 1
DISTANCES
0 1 9.9
1 2 5.8
2 3 2.8
3 4 4.2
4 5 8.2
5 6 9.6
6 7 7.3
7 8 4.0
8 9 8.9
9 0 4.1
REQUEST_SECTION
8 2 270.4 641.9 1
3 8 27.0 347.5 1
0 4 640.8 798.9 1
4 8 481.8 960.8 1
7 10 477.7 621.1 1
4 1 291.3 593.7 1
1 9 8.1 396.6 1
3 6 260.4 692.9 1
5 9 353.6 819.3 1
9 5 145.0 477.4 1
1 7 573.0 652.7 1
7 3 542.0 683.7 1
9 7 100.4 218.0 1
1 6 365.6 694.5 1
5 3 407.6 745.0 1
0 4 145.1 361.9 1
7 1 578.9 892.1 1
0 4 136.8 533.5 1
2 9 278.2 665.8 1
0 6 331.8 721.9 1
0 9 314.3 772.8 1
4 10 32.9 466.8 1
2 5 118.1 580.3 1
1 10 76.1 339.9 1
7 10 221.6 344.8 1
2 10 529.0 988.9 1
3 8 44.7 405.8 1
5 8 530.2 814.2 1
6 8 359.8 857.6 1
6 5 75.0 155.9 1
5 10 133.5 199.3 1
2 8 153.4 322.1 1
8 9 630.7 757.1 1
2 7 348.1 839.6 1
4 6 635.4 969.3 1
5 8 622.3 1081.4 1
9 8 123.5 401.5 1
3 1 634.9 1132.8 1
3 4 99.1 219.1 1
2 6 439.4 529.0 1
4 9 526.5 977.4 1
7 5 0.2 354.5 1
6 4 229.6 676.7 1
7 3 257.1 668.3 1
5 10 511.0 750.5 1
3 8 239.5 375.4 1
9 6 3.6 317.5 1
5 1 82.6 416.0 1
8 4 149.8 337.0 1
0 5 335.2 712.1 1
5 10 216.3 539.5 1
7 5 36.3 419.5 1
6 10 328.7 423.6 1
6 1 101.8 458.9 1
2 6 329.2 816.0 1
4 5 421.8 767.6 1
7 3 620.0 1024.0 1
0 4 491.9 958.4 1
0 9 350.2 442.8 1
4 10 436.2 926.3 1
2 1 67.0 424.2 1
1 10 57.1 192.6 1
0 7 8.4 391.6 1
0 4 374.8 512.3 1
2 6 450.3 740.4 1
6 8 372.5 729.3 1
7 9 159.8 335.2 1
0 1 160.8 275.5 1
3 6 243.3 700.1 1
5 1 429.0 550.7 1
1 8 634.5 961.6 1
7 5 354.5 602.7 1
3 2 266.1 544.4 1
2 5 599.2 727.2 1
4 2 112.3 363.7 1
7 10 422.3 596.0 1
3 7 151.1 528.3 1
4 6 77.3 560.3 1
1 2 33.0 252.5 1
1 8 418.1 668.4 1
EOF
