NUM_STATIONS: 10
NUM_REQUESTS: 40
NUM_VEHICLES: 2
VEHICLE_CAPACITY: 4
DISTANCES
0 1 2.8
1 2 2.9
2 3 8.4
3 4 7.3
4 5 6.1
5 6 1.6
6 7 8.4
7 8 7.7
8 9 3.2
9 0 1.5
REQUEST_SECTION
4 8 40.4 334.0 1
3 10 238.2 454.9 2
6 4 76.2 241.1 1
1 6 336.4 627.4 4
0 4 217.4 416.6 2
5 3 187.0 331.8 1
6 9 314.1 608.5 1
1 10 117.0 193.1 4
1 9 122.1 419.1 2
0 6 172.0 267.7 2
6 9 48.6 184.6 4
5 6 236.8 362.5 2
9 3 361.1 628.2 1
6 2 358.5 531.9 2
9 3 278.3 553.8 3
0 2 54.7 168.7 4
9 5 22.1 148.9 1
7 4 218.0 485.9 1
1 5 339.5 628.8 4
5 4 194.8 309.2 2
8 5 87.4 312.9 3
7 6 230.1 338.1 2
4 1 7.3 122.6 3
4 10 19.8 159.7 4
7 5 122.8 358.5 2
1 10 123.3 380.3 1
3 5 148.4 236.2 2
2 5 255.9 350.7 2
6 8 145.1 391.0 1
4 7 88.3 241.7 2
9 1 88.9 154.8 4
6 3 105.9 390.7 2
8 9 320.3 531.7 1
6 3 1.0 132.8 3
5 2 141.9 344.1 4
8 5 50.6 318.7 1
7 9 303.3 426.6 2
5 4 100.3 386.0 3
0 2 361.2 651.5 2
2 4 49.2 229.4 1
EOF
