NUM_STATIONS: 10
NUM_REQUESTS: 160
NUM_VEHICLES: 2
VEHICLE_CAPACITY: 2
DISTANCES
0 1 6.3
1 2 7.7
2 3 3.8
3 4 4.5
4 5 9.5
5 6 2.1
6 7 8.1
7 8 3.8
8 9 3.5
9 0 1.8
REQUEST_SECTION
8 5 1902.6 2233.0 2
2 7 859.2 1563.0 2
0 6 1378.9 1966.3 2
4 2 1845.2 2620.0 1
6 1 1399.3 2933.5 1
6 5 1667.4 2165.4 2
4 5 1979.5 3013.7 2
1 7 1966.1 2202.2 2
9 1 769.1 1810.2 1
8 4 1115.8 2319.0 2
6 8 1661.2 3098.1 1
3 10 754.9 1674.5 1
9 6 563.2 1409.7 2
1 3 737.5 1668.4 1
9 1 1733.4 2383.8 2
6 5 1715.9 2141.7 1
1 10 689.4 2212.3 2
0 8 865.8 1549.8 1
7 10 1382.0 2348.7 2
2 5 2005.3 2116.3 1
3 9 1599.8 2677.8 2
9 5 1120.2 1320.0 1
2 4 6.5 1332.8 2
0 5 1211.8 1855.2 1
6 5 1651.4 2545.2 2
1 3 1148.3 2023.7 2
7 5 1854.0 2527.3 2
0 4 184.6 1762.2 1
2 10 846.3 1219.7 1
1 10 1623.2 2083.9 2
4 1 490.2 1227.8 1
5 8 116.0 472.6 2
8 5 743.9 944.9 1
4 10 1411.4 2373.2 2
6 3 278.5 863.4 2
6 5 1879.6 3336.5 2
1 7 545.4 979.0 1
3 1 1122.5 1776.5 1
0 3 1361.0 2673.6 1
3 2 1540.2 2000.0 1
7 4 1599.5 2680.5 1
6 4 788.0 1624.3 1
3 8 1230.4 2214.1 1
7 2 410.5 1647.2 1
8 3 1955.3 2536.5 1
8 2 1879.3 3169.8 2
2 3 639.6 1875.3 2
0 1 1071.5 1474.2 2
5 8 1378.7 2735.5 2
2 7 1413.8 2706.1 2
8 4 1600.0 2666.4 2
3 8 1606.4 1897.0 1
2 5 499.7 1515.6 2
4 1 608.2 2187.9 1
6 4 1551.0 2314.6 1
4 5 298.1 1742.4 2
6 7 213.1 1567.9 2
2 8 1536.6 2688.8 2
8 10 36.3 703.0 1
9 8 581.8 1244.5 2
9 3 1336.6 2809.8 1
8 9 2002.9 3156.2 1
8 9 1550.0 2435.9 2
8 10 1961.1 2680.7 1
3 9 439.1 1472.7 2
2 8 875.6 1397.1 1
7 3 264.6 711.3 1
1 8 1387.5 2521.9 2
9 1 217.0 1633.6 2
4 6 1637.4 1893.1 1
2 10 1763.6 2217.6 1
0 3 1021.1 1639.4 2
0 5 1749.5 1924.9 2
5 3 1897.4 2877.5 2
9 3 112.4 669.5 1
9 4 1953.2 2431.3 2
3 2 1094.3 1323.5 2
5 4 1533.8 3001.1 1
7 1 101.4 1067.2 2
0 7 227.0 1547.0 2
5 8 427.7 536.0 1
9 1 883.8 2063.8 1
3 4 952.4 1781.1 1
4 9 1488.6 2199.6 1
5 1 1067.5 1534.4 1
5 2 1229.9 1937.8 2
2 1 697.2 1329.7 1
8 2 1183.3 2168.5 1
0 8 832.0 1667.9 2
3 1 1458.1 1557.1 2
2 10 811.4 1774.8 1
0 8 1759.6 2921.4 2
6 9 1864.9 2258.9 2
3 8 1096.7 2306.7 1
4 2 894.2 1589.2 1
7 4 1542.6 2083.7 2
9 1 338.2 1566.2 2
7 8 1568.7 1863.8 1
4 7 1771.7 2498.0 1
8 5 197.5 390.5 1
8 7 912.3 1211.8 1
3 1 1573.3 3032.6 2
6 3 687.1 1708.5 2
5 9 364.7 1175.1 2
3 7 824.5 1568.2 1
2 7 891.0 1332.3 2
2 7 1038.9 1175.3 1
9 10 1383.3 2901.2 2
0 8 775.7 1932.9 2
7 8 359.0 1871.2 1
4 3 1957.0 2255.3 2
6 7 1435.8 2606.7 1
1 6 1780.1 2934.1 2
5 1 61.4 171.9 1
4 9 384.3 1574.0 2
3 8 1990.8 2600.6 1
5 7 228.5 452.3 1
6 9 1856.7 1980.3 1
1 5 1580.3 2396.7 1
8 2 250.6 1529.4 1
9 10 1581.9 2190.1 1
5 7 1953.3 3452.3 2
5 4 1296.1 1690.3 1
7 6 228.7 435.6 1
5 9 1653.4 2070.3 1
9 7 73.0 1137.4 2
3 5 871.7 1876.9 1
5 9 1623.9 2883.6 2
7 8 812.1 2293.1 1
0 5 703.1 1132.4 1
6 3 130.3 1341.6 2
2 5 1200.5 2516.2 1
9 8 67.4 1387.3 1
1 10 312.0 1373.8 1
4 6 735.4 953.8 2
4 9 548.2 917.2 2
6 7 1492.0 2869.5 2
8 1 1361.7 1685.2 1
7 2 1637.2 2103.3 2
8 7 1847.1 2186.7 1
6 8 732.2 1636.1 1
1 6 33.8 744.1 1
0 3 898.9 1355.3 1
5 1 1846.2 2091.9 2
0 4 192.0 1172.0 1
9 4 752.9 897.8 2
1 10 1861.7 2650.2 2
8 5 389.3 1910.6 2
7 6 12.7 326.0 2
3 9 339.3 408.4 2
0 8 1189.6 1622.5 1
2 9 1029.0 1538.8 2
9 8 1557.8 2734.9 2
1 9 1000.7 1714.2 2
1 8 1670.0 1756.3 1
0 5 1687.4 1976.7 1
4 6 945.5 1940.0 1
7 5 1121.1 1505.8 1
9 6 768.8 1128.7 2
8 5 1905.9 2391.7 1
EOF
