NUM_STATIONS: 10
NUM_REQUESTS: 20
NUM_VEHICLES: 2
VEHICLE_CAPACITY: 8
DISTANCES
0 1 8.3
1 2 2.5
2 3 8.9
3 4 6.4
4 5 8.5
5 6 5.9
6 7 7.6
7 8 9.1
8 9 7.1
9 0 6.5
REQUEST_SECTION
4 1 338.9 585.4 6
9 3 3.7 250.1 4
9 10 83.6 254.6 5
7 2 351.2 452.0 7
9 1 228.8 400.1 1
4 2 41.8 273.8 4
1 10 191.1 282.9 3
1 5 3.9 232.9 5
5 7 259.9 459.0 5
6 7 268.9 429.0 6
2 1 216.7 308.3 2
0 3 20.4 188.0 5
8 5 219.6 443.8 2
0 6 332.3 428.5 3
3 2 71.5 270.8 3
1 2 146.6 389.9 1
0 9 243.0 326.2 7
2 5 267.3 432.2 7
2 1 64.9 198.8 2
9 8 262.6 423.9 3
EOF
