NUM_STATIONS: 10
NUM_REQUESTS: 40
NUM_VEHICLES: 2
VEHICLE_CAPACITY: 8
DISTANCES
0 1 5.8
1 2 5.9
2 3 5.5
3 4 4.6
4 5 6.6
5 6 8.5
6 7 2.2
7 8 4.0
8 9 2.7
9 0 5.9
REQUEST_SECTION
5 3 194.4 490.2 4
6 3 123.1 296.4 5
4 5 310.5 553.9 4
3 7 92.7 253.7 8
8 3 59.2 368.6 3
2 5 154.3 355.9 7
2 8 297.4 447.1 4
4 7 85.7 142.8 2
9 1 458.6 578.6 2
2 4 456.6 568.2 7
1 10 362.1 636.4 4
7 2 440.0 606.4 1
5 4 279.2 446.9 8
2 8 89.1 149.5 6
2 5 371.3 491.2 8
8 3 56.4 310.0 6
6 2 354.1 425.6 5
9 5 255.4 375.9 7
5 8 504.1 807.0 8
6 9 259.8 356.1 8
3 2 210.9 360.7 7
7 2 357.5 615.0 6
3 5 357.8 635.7 2
9 2 369.0 557.6 6
9 5 51.9 309.1 5
5 3 315.7 524.2 8
5 9 185.3 283.8 3
1 9 48.0 328.7 4
0 4 215.4 292.6 1
3 5 367.7 667.8 5
8 7 129.9 403.1 7
3 4 171.7 318.7 7
7 2 184.2 276.1 7
9 8 417.7 517.5 4
4 6 42.1 274.3 7
2 3 139.9 396.8 4
2 9 243.2 372.5 3
3 1 481.6 554.9 5
4 2 393.3 449.7 4
3 8 421.9 704.7 5
EOF
