NUM_STATIONS: 10
NUM_REQUESTS: 80
NUM_VEHICLES: 1
VEHICLE_CAPACITY: 4
DISTANCES
0 1 2.4
1 2 8.8
2 3 9.2
3 4 4.4
4 5 2.3
5 6 10.0
6 7 6.1
7 8 3.9
8 9 6.9
9 0 4.1
REQUEST_SECTION
4 2 1490.1 1804.8 4
1 6 176.7 666.5 3
9 8 1063.3 1257.0 1
7 1 911.3 1305.9 2
1 5 1107.6 1901.5 2
5 9 1039.8 1501.8 4
1 5 1236.1 1385.2 3
5 6 881.9 1442.9 1
2 8 1310.1 1747.8 4
6 1 2300.6 2808.7 3
5 3 1886.3 2945.9 1
2 7 1671.8 2542.9 2
5 9 2013.3 2354.0 4
0 2 889.3 2037.0 4
1 8 1142.5 1517.3 3
7 10 1869.9 2462.0 4
1 3 1442.2 2230.8 2
5 3 45.9 606.5 2
2 5 991.6 1363.5 3
4 8 472.3 1325.2 2
2 4 2066.7 2565.3 4
4 2 2240.6 2794.3 3
7 10 1725.7 1925.0 2
5 6 417.2 921.3 4
5 9 540.3 618.4 1
7 6 57.9 515.8 4
1 5 1333.4 1612.8 2
1 2 778.5 1627.3 2
9 1 1196.6 1589.4 2
3 7 2271.4 3330.7 3
7 2 2161.3 2620.7 4
1 7 882.6 1512.2 1
3 8 1916.5 2416.2 2
1 5 2043.5 3156.2 2
1 8 1580.6 2796.1 3
3 9 62.6 1114.0 2
1 10 1226.7 2186.0 4
7 2 1254.5 1656.0 2
3 6 1556.7 2487.4 4
8 7 31.4 1089.6 2
1 2 1034.9 1930.8 2
0 7 224.4 1419.3 1
0 3 2224.2 3104.6 4
0 4 563.5 883.7 2
6 5 349.9 787.4 1
5 8 1684.1 2812.1 3
1 10 405.2 878.7 4
5 6 123.1 741.5 3
4 7 925.6 1318.8 3
8 9 1078.2 1845.7 3
5 8 52.0 254.7 3
6 7 1434.7 2413.7 2
0 8 1562.3 1893.8 4
1 9 424.7 696.3 1
0 5 2040.5 2707.6 1
0 4 1058.7 1571.5 3
4 9 2006.0 2880.0 1
3 1 1526.1 1793.8 3
7 2 1235.2 2393.9 2
5 8 198.1 1017.4 2
2 10 157.7 1060.1 4
7 9 1797.6 2927.1 1
8 5 130.4 270.5 1
5 6 1834.8 2809.0 1
8 2 1207.9 1350.3 4
5 2 2019.9 2674.0 4
5 1 1843.5 2944.5 3
8 7 1178.5 1403.2 3
3 7 1467.8 1618.9 4
4 7 422.2 1033.9 2
6 4 1071.4 1602.4 3
9 7 1997.9 2245.2 1
9 3 411.9 624.5 2
9 5 1016.7 1076.8 3
9 10 932.1 1978.9 3
8 10 671.1 1824.7 3
9 6 1377.2 2319.7 3
3 9 1283.3 2303.8 2
2 9 2175.9 2994.1 3
2 4 771.9 1322.1 2
EOF
