NUM_STATIONS: 10
NUM_REQUESTS: 80
NUM_VEHICLES: 2
VEHICLE_CAPACITY: 2
DISTANCES
0 1 7.9
1 2 8.1
2 3 2.5
3 4 7.9
4 5 2.3
5 6 7.4
6 7 8.2
7 8 1.4
8 9 7.4
9 0 3.5
REQUEST_SECTION
9 4 124.3 504.5 2
8 6 298.2 692.9 1
1 2 473.2 737.3 1
8 4 232.8 467.0 2
2 7 223.7 589.7 1
1 8 566.0 1104.3 1
5 7 600.1 1098.0 2
1 9 305.5 514.0 1
1 4 218.3 320.6 2
4 6 718.9 803.8 2
0 8 304.6 451.1 2
7 6 246.6 790.8 1
7 6 612.9 1083.5 1
4 10 578.4 1171.7 1
8 2 99.2 592.6 1
1 4 463.6 998.6 2
2 8 325.3 735.7 2
0 3 39.7 393.2 1
8 6 82.2 417.4 1
8 1 332.3 409.5 2
9 8 12.2 379.3 1
6 3 478.0 740.4 2
2 4 228.7 643.1 1
3 10 185.6 609.5 2
5 6 166.7 543.0 2
5 6 719.0 947.0 1
2 9 789.9 1080.3 1
6 8 398.2 975.4 2
9 10 527.5 1136.7 1
5 8 792.4 1143.4 2
0 5 230.0 364.1 2
2 4 822.6 1145.6 2
3 9 139.9 755.4 2
0 3 832.8 1341.1 2
5 6 422.3 858.6 2
5 10 22.3 303.7 1
4 8 370.4 939.3 1
9 4 717.7 877.9 2
1 9 432.0 677.8 1
0 9 102.1 471.3 1
6 3 44.2 229.6 2
0 1 521.3 1000.3 2
8 1 470.1 961.0 1
3 9 474.6 1086.5 2
4 2 264.7 579.6 2
5 10 592.3 1042.6 1
9 2 738.5 1307.6 1
2 5 773.4 1388.7 2
3 4 454.5 1072.3 1
3 1 488.7 833.9 1
3 2 646.3 1054.3 2
4 3 489.8 993.4 2
1 4 635.5 1219.5 2
2 7 661.3 922.2 1
1 9 68.3 207.0 1
0 6 287.1 485.3 1
5 2 811.0 945.2 1
8 2 186.0 532.5 1
8 4 498.4 1041.4 2
2 4 196.9 608.4 1
6 8 599.6 879.6 1
2 9 371.7 952.7 2
2 8 139.6 511.5 1
1 8 499.5 1032.3 2
9 7 157.5 237.3 1
6 2 760.6 1268.5 2
2 8 279.2 755.5 1
0 4 493.4 665.0 1
7 10 451.4 993.6 2
2 4 739.5 919.4 1
6 1 37.1 150.0 2
5 2 107.1 207.9 2
6 8 528.5 938.0 2
7 5 60.0 521.2 2
8 10 228.4 678.6 1
5 2 406.9 729.9 2
9 7 17.9 143.0 1
7 6 466.0 1015.0 2
4 9 207.8 280.2 2
3 10 325.0 935.5 1
EOF
