NUM_STATIONS: 10
NUM_REQUESTS: 40
NUM_VEHICLES: 2
VEHICLE_CAPACITY: 8
DISTANCES
0 1 5.5
1 2 7.8
2 3 7.1
3 4 4.8
4 5 4.5
5 6 3.9
6 7 2.7
7 8 6.4
8 9 8.5
9 0 7.6
REQUEST_SECTION
8 7 146.5 277.9 2
8 6 346.3 556.3 1
7 5 277.8 369.0 7
5 10 18.4 137.0 6
6 9 57.3 128.1 8
3 4 148.9 280.9 5
4 2 329.0 567.5 6
5 3 199.9 399.8 7
5 10 388.6 473.8 3
2 9 26.3 241.7 8
2 8 186.8 468.4 8
0 7 517.0 633.1 1
4 5 382.2 528.1 4
3 9 117.1 420.8 1
5 7 482.4 805.1 4
8 4 505.1 846.3 8
9 8 290.5 500.2 8
2 10 426.9 610.5 2
4 7 208.7 530.8 8
4 10 331.7 475.9 5
7 2 344.1 646.4 5
3 5 327.0 664.2 7
1 9 411.4 538.2 5
9 8 39.0 229.9 6
5 1 379.0 578.6 4
5 3 469.5 709.9 1
5 8 337.5 605.2 8
5 6 31.6 378.6 5
0 1 122.7 292.4 8
5 2 89.4 156.5 3
5 3 101.5 405.8 2
1 10 465.2 767.3 4
2 4 138.9 280.4 6
8 3 238.7 470.1 4
5 7 495.3 776.3 3
1 10 123.0 206.8 8
5 1 503.0 730.4 6
2 6 62.1 299.1 6
7 5 528.1 844.7 3
8 7 52.3 220.7 5
EOF
