NUM_STATIONS: 10
NUM_REQUESTS: 80
NUM_VEHICLES: 2
VEHICLE_CAPACITY: 1
DISTANCES
0 1 5.3
1 2 5.1
2 3 4.1
3 4 5.8
4 5 8.8
5 6 4.0
6 7 7.4
7 8 2.6
8 9 6.4
9 0 5.7
REQUEST_SECTION
7 4 830.8 1364.2 1
7 1 410.8 828.5 1
9 2 708.2 835.6 1
2 9 325.0 725.2 1
6 10 228.5 847.7 1
0 9 296.8 626.2 1
6 8 655.1 876.9 1
2 3 498.6 729.1 1
4 7 785.3 1191.4 1
1 4 539.6 1142.3 1
5 9 693.2 753.3 1
7 1 387.0 836.0 1
5 3 389.8 649.6 1
4 10 696.2 1462.7 1
0 1 868.8 1235.9 1
8 9 382.2 584.7 1
8 2 137.6 592.5 1
8 4 825.1 1388.2 1
1 5 513.9 1201.1 1
5 3 227.7 841.4 1
8 2 1065.4 1327.3 1
3 6 734.0 1549.7 1
5 4 280.7 869.6 1
7 9 811.8 1557.0 1
3 5 473.5 914.8 1
7 8 1016.4 1286.1 1
0 8 459.7 604.0 1
9 2 42.2 316.9 1
1 6 1050.0 1108.9 1
4 7 371.2 1168.4 1
0 7 1087.1 1601.5 1
5 7 421.9 1042.3 1
4 7 860.1 1698.6 1
1 6 219.3 533.8 1
0 9 538.2 1043.5 1
8 9 793.4 1182.3 1
2 5 543.3 1422.9 1
1 10 95.8 766.9 1
3 2 315.3 978.5 1
9 6 886.3 1723.5 1
7 8 185.9 1054.9 1
6 8 338.6 1112.9 1
6 3 612.7 1476.9 1
0 6 1045.8 1747.2 1
1 6 185.7 668.3 1
0 7 1060.5 1614.7 1
6 3 974.6 1459.7 1
3 2 447.9 660.4 1
8 10 602.4 1276.0 1
6 3 708.1 784.3 1
9 8 540.3 870.0 1
1 6 407.1 669.3 1
3 2 95.0 375.9 1
2 5 815.1 1224.9 1
6 1 79.3 607.7 1
9 4 664.2 1507.2 1
7 9 1054.2 1229.4 1
1 2 431.8 900.5 1
8 4 309.1 502.1 1
3 7 767.2 1187.3 1
1 8 4.1 79.3 1
3 5 52.1 616.3 1
6 4 901.4 1379.9 1
5 9 1038.9 1400.0 1
4 3 720.0 1141.1 1
1 8 723.6 1002.1 1
0 9 176.4 490.9 1
9 5 929.5 1312.7 1
2 9 499.7 723.0 1
6 2 541.3 1112.7 1
9 1 992.8 1492.7 1
9 3 260.0 971.8 1
5 2 252.2 1047.6 1
8 10 640.1 848.9 1
3 7 805.5 1271.6 1
7 5 52.1 264.9 1
0 5 957.3 1461.3 1
6 1 863.0 1417.2 1
7 1 33.2 133.6 1
3 9 743.4 1152.1 1
EOF
