NUM_STATIONS: 10
NUM_REQUESTS: 40
NUM_VEHICLES: 1
VEHICLE_CAPACITY: 8
DISTANCES
0 1 5.5
1 2 7.8
2 3 7.1
3 4 4.8
4 5 4.5
5 6 3.9
6 7 2.7
7 8 6.4
8 9 8.5
9 0 7.6
REQUEST_SECTION
8 7 507.2 799.4 5
8 6 780.4 1224.9 2
7 5 802.8 1119.1 8
5 10 941.4 1572.3 4
6 9 381.9 517.7 4
3 4 728.7 1252.0 2
4 2 1026.9 1386.8 7
5 3 905.5 1337.2 4
5 10 1003.6 1292.7 6
2 9 997.1 1435.1 2
2 8 1000.7 1920.4 4
0 7 310.6 718.1 2
4 5 716.2 1586.4 6
3 9 312.7 773.8 4
5 7 627.1 1485.1 3
8 4 930.8 1111.8 6
9 8 630.8 906.0 7
2 10 335.3 862.9 4
4 7 720.5 1332.2 8
4 10 143.0 733.8 1
7 2 71.2 223.7 3
3 5 993.6 1176.9 2
1 9 868.4 1719.6 6
9 8 982.9 1381.8 6
5 1 368.4 749.0 8
5 3 654.6 1494.9 7
5 8 956.3 1764.4 8
5 6 83.9 662.6 1
0 1 599.4 1346.0 3
5 2 1126.4 1798.7 3
5 3 494.0 1162.2 4
1 10 369.5 733.3 6
2 4 502.7 1040.5 2
8 3 1089.5 1694.7 5
5 7 433.9 552.8 5
1 10 457.9 1334.1 4
5 1 25.1 465.5 5
2 6 221.7 532.0 3
7 5 446.4 529.8 8
8 7 615.9 1132.2 3
EOF
