NUM_STATIONS: 10
NUM_REQUESTS: 40
NUM_VEHICLES: 1
VEHICLE_CAPACITY: 2
DISTANCES
0 1 2.8
1 2 2.9
2 3 8.4
3 4 7.3
4 5 6.1
5 6 1.6
6 7 8.4
7 8 7.7
8 9 3.2
9 0 1.5
REQUEST_SECTION
4 8 494.7 706.4 1
3 10 179.6 549.5 1
6 4 232.3 859.2 2
1 6 988.8 1210.9 1
0 4 90.1 493.5 1
5 3 874.2 1067.8 1
6 9 611.8 1331.7 2
1 10 960.0 1645.3 1
1 9 929.9 1680.1 1
0 6 215.5 907.9 2
6 9 918.9 1680.1 2
5 6 127.6 592.9 2
9 3 639.8 731.5 2
6 2 950.5 1649.0 1
9 3 721.4 1221.4 1
0 2 401.6 1100.2 2
9 5 843.3 1169.2 1
7 4 193.3 793.3 1
1 5 962.2 1384.2 2
5 4 372.8 738.4 2
8 5 453.1 1026.2 2
7 6 811.9 1450.8 1
4 1 802.5 1433.1 1
4 10 783.3 1210.8 2
7 5 51.3 827.7 1
1 10 18.1 441.1 2
3 5 568.5 764.8 1
2 5 154.5 362.8 2
6 8 414.0 949.8 1
4 7 6.7 407.5 1
9 1 836.7 1546.3 2
6 3 505.4 730.3 2
8 9 163.3 816.7 2
6 3 780.7 846.9 1
5 2 646.8 1231.8 2
8 5 240.9 491.4 1
7 9 521.2 1181.5 1
5 4 77.9 444.2 1
0 2 822.7 1118.5 1
2 4 118.9 207.9 2
EOF
