NUM_STATIONS: 10
NUM_REQUESTS: 20
NUM_VEHICLES: 1
VEHICLE_CAPACITY: 4
DISTANCES
0 1 8.9
1 2 4.6
2 3 7.4
3 4 8.4
4 5 9.1
5 6 4.1
6 7 8.9
7 8 3.5
8 9 7.1
9 0 5.5
REQUEST_SECTION
2 3 583.1 697.0 2
4 1 359.5 748.5 3
1 10 418.2 519.4 2
5 4 626.6 695.0 1
6 5 333.9 466.6 4
0 8 81.2 193.4 2
2 9 428.2 583.3 4
9 1 166.6 377.5 4
2 3 532.2 786.8 4
5 9 357.2 680.0 1
6 4 141.8 268.5 2
5 1 410.4 785.2 1
8 4 633.0 814.0 3
8 1 230.8 400.6 4
9 2 167.3 284.2 4
5 8 69.7 212.7 3
3 5 369.2 451.1 4
8 1 64.8 134.2 4
4 9 338.0 588.6 1
6 4 494.8 569.0 4
EOF
