NUM_STATIONS: 10
NUM_REQUESTS: 20
NUM_VEHICLES: 2
VEHICLE_CAPACITY: 4
DISTANCES
0 1 8.3
1 2 2.5
2 3 8.9
3 4 6.4
4 5 8.5
5 6 5.9
6 7 7.6
7 8 9.1
8 9 7.1
9 0 6.5
REQUEST_SECTION
4 1 312.7 574.0 4
9 3 191.8 432.9 1
9 10 167.4 385.8 3
7 2 59.2 258.2 4
9 1 139.6 388.3 2
4 2 194.6 285.2 4
1 10 230.9 312.5 3
1 5 97.2 326.3 1
5 7 143.7 373.0 4
6 7 291.6 431.8 4
2 1 189.5 431.4 4
0 3 337.8 491.6 3
8 5 96.2 193.8 1
0 6 205.3 408.3 2
3 2 144.4 476.2 2
1 2 335.5 582.5 2
0 9 47.5 128.3 1
2 5 137.8 377.5 2
2 1 7.0 318.1 4
9 8 147.7 229.7 4
EOF
