NUM_STATIONS: 10
NUM_REQUESTS: 40
NUM_VEHICLES: 2
VEHICLE_CAPACITY: 4
DISTANCES
0 1 2.8
1 2 2.9
2 3 8.4
3 4 7.3
4 5 6.1
5 6 1.6
6 7 8.4
7 8 7.7
8 9 3.2
9 0 1.5
REQUEST_SECTION
4 8 368.7 746.4 1
3 10 248.3 671.2 2
6 4 71.0 381.3 1
1 6 164.2 361.5 4
0 4 211.5 519.4 2
5 3 243.5 484.0 1
6 9 363.2 482.5 1
1 10 42.6 97.8 4
1 9 215.1 508.4 2
0 6 2.7 92.1 2
6 9 22.7 334.7 4
5 6 370.2 720.9 2
9 3 324.6 374.5 1
6 2 228.0 410.7 2
9 3 46.9 134.0 3
0 2 341.0 392.9 4
9 5 156.7 483.1 1
7 4 250.8 658.6 1
1 5 28.0 318.1 4
5 4 47.7 384.1 2
8 5 34.1 207.6 3
7 6 246.6 656.0 2
4 1 145.4 196.8 3
4 10 103.5 222.9 4
7 5 199.1 250.5 2
1 10 132.3 412.7 1
3 5 215.4 600.3 2
2 5 189.3 601.2 2
6 8 73.1 386.4 1
4 7 5.9 370.5 2
9 1 282.5 454.3 4
6 3 264.4 580.3 2
8 9 179.3 475.3 1
6 3 258.9 431.2 3
5 2 136.0 362.4 4
8 5 328.1 682.4 1
7 9 1.5 260.9 2
5 4 240.7 385.2 3
0 2 368.7 489.7 2
2 4 228.8 284.0 1
EOF
