NUM_STATIONS: 10
NUM_REQUESTS: 80
NUM_VEHICLES: 1
VEHICLE_CAPACITY: 2
DISTANCES
0 1 2.4
1 2 8.8
2 3 9.2
3 4 4.4
4 5 2.3
5 6 10.0
6 7 6.1
7 8 3.9
8 9 6.9
9 0 4.1
REQUEST_SECTION
4 2 255.3 498.0 2
1 6 51.2 273.7 1
9 8 1016.6 1555.0 1
7 1 311.2 731.6 2
1 5 1008.7 1874.6 2
5 9 1590.3 2520.1 1
1 5 1454.3 1726.3 1
5 6 8.3 423.4 2
2 8 1016.5 1492.8 2
6 1 973.5 1204.2 2
5 3 774.2 1342.9 2
2 7 1571.6 1785.7 2
5 9 1339.8 1964.9 1
0 2 536.8 1251.0 2
1 8 512.7 1164.6 2
7 10 1555.1 2679.4 1
1 3 560.3 1375.6 2
5 3 409.4 1222.0 1
2 5 865.1 2029.6 2
4 8 763.8 1739.8 1
2 4 523.0 771.6 1
4 2 708.5 1444.7 1
7 10 104.7 1217.6 2
5 6 949.5 1536.1 2
5 9 673.1 954.8 1
7 6 1119.6 1960.5 1
1 5 17.6 247.5 2
1 2 1373.4 2556.6 2
9 1 1215.8 2085.3 1
3 7 1298.7 1976.7 2
7 2 1376.0 1698.0 1
1 7 852.6 1017.0 1
3 8 1303.8 2440.1 1
1 5 1168.6 1751.8 1
1 8 518.6 1429.8 2
3 9 1308.9 1451.8 1
1 10 268.0 1108.5 2
7 2 1054.7 1150.5 1
3 6 726.0 912.8 2
8 7 989.3 1247.0 1
1 2 311.0 388.3 2
0 7 734.2 1613.0 2
0 3 600.9 668.7 1
0 4 1292.5 2279.3 2
6 5 1228.7 2194.4 2
5 8 833.2 1122.0 1
1 10 1061.2 1858.2 2
5 6 1413.9 2167.4 2
4 7 1282.4 1804.8 2
8 9 410.2 1127.6 1
5 8 134.0 289.4 1
6 7 1253.9 1687.4 2
0 8 26.1 594.5 2
1 9 1140.7 2216.6 1
0 5 1455.0 1621.1 1
0 4 758.0 1797.5 2
4 9 1502.9 2110.8 2
3 1 1472.3 1669.3 1
7 2 426.7 741.6 2
5 8 433.2 649.7 1
2 10 1401.1 2087.7 1
7 9 1634.7 2263.7 2
8 5 112.8 1209.7 2
5 6 1676.5 2421.9 1
8 2 209.7 1319.3 1
5 2 1127.0 1846.2 1
5 1 1630.2 2033.3 2
8 7 1190.7 1818.0 1
3 7 1532.6 1965.6 2
4 7 845.1 1529.2 2
6 4 172.9 917.0 1
9 7 807.7 2017.6 1
9 3 957.7 1669.5 1
9 5 193.8 289.2 1
9 10 1231.4 1746.8 1
8 10 820.8 1422.6 2
9 6 1418.3 1898.1 1
3 9 1347.5 2195.2 2
2 9 892.2 990.3 2
2 4 1635.2 2331.1 1
EOF
