NUM_STATIONS: 10
NUM_REQUESTS: 20
NUM_VEHICLES: 2
VEHICLE_CAPACITY: 1
DISTANCES
0 1 5.2
1 2 3.6
2 3 9.0
3 4 5.2
4 5 4.6
5 6 6.8
6 7 9.5
7 8 9.5
8 9 7.9
9 0 8.3
REQUEST_SECTION
3 5 172.6 304.4 1
5 3 114.8 204.3 1
0 4 259.9 455.9 1
0 7 38.8 260.7 1
0 5 86.4 193.0 1
3 5 113.8 282.7 1
2 7 58.0 247.0 1
4 5 21.5 172.3 1
7 10 150.7 274.2 1
4 5 84.2 234.4 1
9 5 106.3 277.6 1
5 8 150.0 392.3 1
0 8 141.4 345.3 1
4 5 139.5 249.9 1
1 9 126.8 358.7 1
7 8 113.6 355.8 1
1 3 12.2 157.2 1
1 8 146.3 338.7 1
6 3 133.4 260.7 1
6 7 67.7 246.4 1
EOF
