NUM_STATIONS: 10
NUM_REQUESTS: 20
NUM_VEHICLES: 2
VEHICLE_CAPACITY: 8
DISTANCES
0 1 5.2
1 2 3.6
2 3 9.0
3 4 5.2
4 5 4.6
5 6 6.8
6 7 9.5
7 8 9.5
8 9 7.9
9 0 8.3
REQUEST_SECTION
3 5 103.1 405.5 1
5 3 179.2 271.2 5
0 4 190.1 434.7 6
0 7 71.5 167.2 6
0 5 259.6 548.0 7
3 5 319.9 587.0 4
2 7 14.8 129.6 5
4 5 57.3 257.6 8
7 10 237.6 488.3 1
4 5 37.9 279.1 2
9 5 249.1 494.8 4
5 8 56.8 333.5 6
0 8 186.6 293.5 2
4 5 39.2 228.0 6
1 9 103.0 373.2 6
7 8 23.8 209.1 3
1 3 248.7 463.9 5
1 8 7.2 145.3 4
6 3 112.7 246.0 6
6 7 97.6 412.6 8
EOF
