NUM_STATIONS: 10
NUM_REQUESTS: 160
NUM_VEHICLES: 1
VEHICLE_CAPACITY: 1
DISTANCES
0 1 3.3
1 2 8.6
2 3 9.8
3 4 4.8
4 5 3.7
5 6 5.0
6 7 1.8
7 8 2.0
8 9 1.3
9 0 2.7
REQUEST_SECTION
9 3 1798.6 3293.5 1
8 4 1708.5 3009.0 1
4 8 2821.6 3864.8 1
6 3 1593.9 1795.2 1
8 2 2147.8 3203.1 1
7 2 161.4 1878.3 1
8 1 2612.0 3968.7 1
6 4 3104.0 4576.8 1
7 2 336.8 1060.9 1
2 6 60.6 1375.9 1
3 7 3054.8 4350.3 1
8 4 241.1 1708.7 1
0 8 2258.2 2301.9 1
8 10 1809.0 3099.6 1
8 2 3308.3 4500.6 1
4 2 14.0 155.1 1
3 5 165.9 558.2 1
5 7 361.7 1310.7 1
3 7 2304.0 2525.7 1
7 4 1394.8 2550.4 1
6 7 461.6 1438.6 1
3 7 2417.2 3450.0 1
5 2 2773.4 3408.0 1
4 7 737.3 1065.3 1
3 5 537.2 1571.3 1
1 3 2937.9 4203.0 1
9 10 2003.1 3079.2 1
3 6 1047.9 1882.3 1
3 7 293.6 1681.6 1
7 10 3198.1 3875.6 1
8 9 143.3 1390.6 1
3 9 1136.2 1509.7 1
4 7 387.8 618.1 1
4 6 1860.2 2581.4 1
6 10 2093.9 2882.4 1
1 3 2317.3 3979.0 1
8 7 908.7 1152.7 1
8 10 179.5 1064.3 1
2 1 2694.7 3639.6 1
5 1 1842.7 3580.5 1
2 4 480.7 1865.9 1
5 10 785.9 1307.0 1
8 6 3167.3 3619.9 1
5 2 459.9 1633.0 1
6 2 2645.2 4231.3 1
5 4 45.4 1788.4 1
0 9 586.7 1643.8 1
3 4 123.7 777.6 1
0 2 2120.8 2360.9 1
9 7 1398.4 2801.9 1
8 3 1753.9 2156.9 1
1 4 2137.8 2483.5 1
3 1 2316.0 3360.1 1
2 7 1726.9 2996.9 1
3 10 3249.7 4654.6 1
2 4 2297.2 2625.1 1
5 8 2445.5 2945.7 1
8 1 2124.0 2555.7 1
2 3 2738.9 3167.7 1
6 8 160.0 547.2 1
8 10 2199.5 3660.9 1
6 8 1967.7 2732.6 1
2 6 428.3 943.5 1
6 7 1897.4 2776.6 1
7 2 3415.6 3764.0 1
0 7 271.5 1753.0 1
3 5 953.7 2654.6 1
4 5 3021.4 4259.3 1
5 2 1905.0 3028.3 1
5 4 889.5 2486.3 1
5 3 1994.5 2966.1 1
3 10 2365.8 3632.0 1
6 7 255.2 1477.5 1
2 9 1023.2 1067.3 1
1 8 441.0 576.4 1
0 1 2794.9 2867.2 1
2 9 513.0 1333.1 1
9 5 707.8 990.0 1
6 5 2415.1 3481.9 1
3 7 2066.4 3280.0 1
7 1 717.8 1895.7 1
3 2 2450.5 3014.5 1
2 7 2895.1 3203.1 1
1 8 1246.2 1320.8 1
1 10 2141.3 2777.4 1
9 8 1022.7 1707.8 1
7 8 16.7 170.4 1
2 7 3276.8 4702.5 1
6 1 3252.1 3493.0 1
7 3 1079.8 2321.4 1
8 2 2953.6 3209.0 1
2 6 1699.6 2078.8 1
8 6 960.8 1125.3 1
1 3 959.3 1492.0 1
9 5 2551.0 3122.9 1
0 3 628.5 1005.0 1
5 10 2567.2 3188.8 1
7 3 882.4 1978.9 1
5 10 612.0 863.8 1
6 2 903.6 2325.1 1
6 8 460.6 893.1 1
8 5 1308.2 1498.9 1
0 2 1936.3 2948.3 1
9 5 372.1 1744.4 1
8 3 2048.6 2126.9 1
4 9 1715.9 1897.6 1
4 9 3364.2 4675.0 1
1 6 1446.7 3173.6 1
9 4 1888.6 2580.7 1
9 6 3241.2 4406.9 1
0 2 372.1 526.6 1
6 8 1968.9 2748.7 1
6 2 2198.2 2892.0 1
2 6 1464.5 2975.1 1
6 3 944.8 1206.4 1
7 3 198.3 1748.1 1
3 9 2967.7 3313.1 1
6 10 177.8 1358.9 1
3 2 2205.1 2514.3 1
9 1 231.2 457.8 1
6 9 2776.1 3303.5 1
4 9 1604.7 2600.2 1
3 9 1717.3 1955.6 1
8 5 723.1 2099.1 1
4 5 36.1 907.8 1
0 4 474.0 1715.7 1
5 8 2370.8 3149.3 1
9 10 1162.2 2840.4 1
0 2 1515.0 2193.8 1
1 3 2495.4 3857.5 1
4 2 566.8 1185.6 1
4 3 1723.2 2146.3 1
0 1 462.3 1366.2 1
9 3 2164.5 2874.5 1
5 6 2232.4 3729.8 1
4 9 122.6 924.5 1
5 2 3111.2 3475.8 1
0 6 2094.7 2470.3 1
1 9 1589.1 2253.0 1
9 3 2602.9 2883.4 1
4 10 812.1 2392.1 1
2 7 1953.0 2898.2 1
5 1 1447.6 2982.0 1
3 10 1095.5 1976.6 1
3 6 816.0 1373.1 1
2 4 1524.2 2854.4 1
0 4 3107.4 4551.5 1
0 8 2184.8 3882.3 1
3 5 2688.1 4308.1 1
0 3 777.3 1157.2 1
3 8 109.0 1127.5 1
4 9 1702.6 2744.4 1
3 10 2549.6 3323.8 1
6 3 360.6 1636.2 1
7 3 3237.8 4153.6 1
6 10 849.5 2223.4 1
9 7 1170.8 2135.4 1
0 6 2525.2 4109.4 1
6 5 884.3 2236.8 1
7 4 2194.4 3797.8 1
EOF
