NUM_STATIONS: 10
NUM_REQUESTS: 160
NUM_VEHICLES: 3
VEHICLE_CAPACITY: 1
DISTANCES
0 1 3.6
1 2 7.3
2 3 7.4
3 4 1.6
4 5 9.1
5 6 1.1
6 7 5.1
7 8 5.3
8 9 9.0
9 0 2.6
REQUEST_SECTION
0 6 424.8 783.7 1
6 7 221.1 483.3 1
7 6 1040.0 1318.3 1
0 1 2.0 730.8 1
4 3 973.7 1640.4 1
6 10 892.5 1515.8 1
5 2 724.8 864.2 1
1 3 467.3 605.4 1
0 6 297.9 379.8 1
6 1 793.0 1352.0 1
4 5 589.5 788.4 1
6 2 218.7 740.8 1
3 4 256.7 847.7 1
3 4 424.4 537.7 1
7 9 768.3 892.2 1
9 3 868.0 1610.7 1
9 7 487.2 1123.7 1
4 8 231.5 683.8 1
3 7 877.6 1478.6 1
2 3 617.8 1265.5 1
0 7 757.7 1187.0 1
1 5 955.7 1236.1 1
8 2 516.8 1021.5 1
5 3 738.8 1314.9 1
5 9 293.9 367.5 1
1 6 21.7 214.6 1
1 6 252.7 322.1 1
4 2 25.4 535.5 1
5 3 708.0 950.4 1
4 7 390.8 606.8 1
6 5 572.5 1028.7 1
3 7 198.8 532.8 1
5 3 868.4 1021.1 1
4 9 743.2 1279.0 1
2 6 993.6 1212.5 1
8 4 792.0 1011.3 1
0 3 797.8 1285.1 1
8 9 153.6 577.7 1
9 5 997.7 1665.2 1
5 7 210.7 716.9 1
1 5 843.3 1279.5 1
6 8 758.8 1242.2 1
3 8 794.3 1214.5 1
8 5 326.6 424.0 1
3 10 660.5 1346.5 1
8 7 805.4 1238.1 1
9 4 445.6 648.6 1
6 2 975.5 1380.3 1
9 7 986.0 1123.9 1
0 8 262.4 604.5 1
3 9 585.2 865.3 1
7 10 535.0 1156.1 1
7 3 191.4 463.1 1
4 1 930.0 1257.2 1
1 3 125.6 546.0 1
4 9 458.2 873.9 1
6 7 94.3 153.2 1
3 9 229.0 566.5 1
1 5 461.0 579.3 1
9 7 660.1 1369.7 1
4 8 474.9 695.4 1
7 10 331.3 958.9 1
2 9 58.3 669.7 1
8 1 363.2 867.0 1
1 7 954.2 1383.4 1
8 5 450.3 810.9 1
7 3 444.6 581.4 1
3 5 708.8 1338.6 1
0 5 137.4 724.2 1
9 4 225.4 736.1 1
5 8 165.6 866.1 1
9 8 738.7 1286.8 1
6 9 224.4 453.0 1
8 1 837.8 988.0 1
6 7 858.7 1232.4 1
6 1 827.0 1284.4 1
3 5 717.9 935.3 1
4 7 426.8 1076.8 1
6 3 969.9 1514.4 1
4 5 985.7 1400.8 1
0 1 929.5 1011.2 1
8 5 764.7 1373.0 1
3 4 214.3 958.1 1
2 6 805.2 1174.2 1
9 4 145.6 880.9 1
6 8 847.1 1064.6 1
6 2 762.8 1477.6 1
7 2 997.7 1465.5 1
1 8 513.5 873.3 1
9 5 630.9 1302.3 1
6 2 25.8 495.7 1
1 5 761.1 1432.2 1
5 4 463.4 617.7 1
8 10 1033.4 1628.9 1
3 6 747.8 1324.6 1
5 2 339.3 759.0 1
6 3 458.4 526.2 1
4 6 420.4 614.7 1
5 7 870.2 1258.9 1
2 3 906.1 1081.8 1
4 9 520.6 1043.0 1
4 1 883.1 1344.7 1
5 6 379.8 1020.7 1
5 10 692.9 1408.0 1
8 9 872.3 1568.7 1
3 5 482.3 962.5 1
3 8 144.3 609.3 1
7 8 398.3 984.1 1
4 8 821.6 1137.9 1
1 6 444.2 814.9 1
3 9 677.7 796.6 1
0 8 71.6 234.4 1
0 5 959.5 1363.2 1
1 8 349.6 718.7 1
3 6 931.7 1112.9 1
7 1 507.3 672.7 1
7 1 662.1 830.5 1
4 1 890.5 997.6 1
1 2 871.1 1017.2 1
8 5 754.2 1033.8 1
6 4 143.5 276.6 1
3 6 827.0 1254.3 1
2 8 612.3 1020.1 1
6 1 591.5 982.5 1
6 10 102.5 417.1 1
0 2 401.6 1052.9 1
0 1 928.4 1046.7 1
3 9 623.2 932.7 1
2 8 888.8 949.6 1
4 5 980.1 1583.9 1
1 5 1035.7 1517.1 1
4 2 479.0 971.7 1
1 3 502.6 724.4 1
1 3 627.6 940.1 1
6 1 556.4 947.3 1
8 9 316.3 663.5 1
7 6 676.1 986.7 1
1 7 484.5 896.7 1
6 1 528.3 778.5 1
4 6 888.4 986.2 1
3 9 482.3 875.4 1
2 9 738.7 1094.0 1
6 9 944.0 1128.1 1
2 4 52.1 766.6 1
9 6 313.1 677.7 1
1 6 13.4 259.2 1
3 2 146.7 261.1 1
4 1 843.7 1063.0 1
8 9 900.1 978.1 1
4 3 1015.0 1624.0 1
7 5 886.1 1342.9 1
3 5 770.7 1149.2 1
6 7 353.1 1002.2 1
9 5 710.8 1051.6 1
6 5 128.0 585.4 1
3 8 447.1 944.5 1
4 9 30.1 675.3 1
4 10 294.0 683.8 1
6 8 880.8 1472.3 1
3 1 175.3 859.5 1
EOF
