NUM_STATIONS: 10
NUM_REQUESTS: 80
NUM_VEHICLES: 1
VEHICLE_CAPACITY: 4
DISTANCES
0 1 9.9
1 2 5.8
2 3 2.8
3 4 4.2
4 5 8.2
5 6 9.6
6 7 7.3
7 8 4.0
8 9 8.9
9 0 4.1
REQUEST_SECTION
8 2 887.6 1974.3 3
3 8 1696.2 1802.5 4
0 4 1236.9 1701.7 4
4 8 187.5 705.1 4
7 10 1356.8 1847.9 4
4 1 770.1 1655.7 3
1 9 1670.7 2864.6 2
3 6 1268.6 1789.4 2
5 9 639.8 1484.9 3
9 5 739.8 1633.5 2
1 7 1646.6 1740.1 4
7 3 672.8 1323.8 2
9 7 697.1 860.5 4
1 6 757.5 1644.2 2
5 3 618.7 1505.1 1
0 4 1779.7 2201.6 1
7 1 1586.7 2715.0 4
0 4 526.4 1136.5 2
2 9 509.8 1700.4 4
0 6 1234.0 1392.4 3
0 9 1920.0 2191.1 3
4 10 1885.5 2549.0 1
2 5 1159.0 1971.0 1
1 10 1001.3 1112.1 3
7 10 67.5 407.7 3
2 10 1842.2 2524.8 2
3 8 631.4 944.8 4
5 8 267.1 1169.6 2
6 8 1656.0 2647.0 2
6 5 863.9 1646.2 4
5 10 570.1 1761.4 3
2 8 1226.5 2109.9 2
8 9 896.4 1133.1 4
2 7 546.5 1407.8 4
4 6 209.8 356.3 1
5 8 1417.7 2323.9 4
9 8 1701.8 2476.6 4
3 1 829.7 1640.4 2
3 4 670.8 1143.3 4
2 6 797.6 1204.1 3
4 9 1305.8 1664.6 3
7 5 109.3 237.9 4
6 4 1203.3 1768.0 3
7 3 113.2 611.9 3
5 10 395.4 1002.0 1
3 8 620.9 1902.0 3
9 6 1204.9 1971.9 1
5 1 1224.0 1793.1 3
8 4 1445.4 1867.9 3
0 5 1007.5 2025.3 3
5 10 1375.0 1625.9 1
7 5 1522.2 1701.0 4
6 10 800.0 1428.5 2
6 1 1833.4 3103.7 2
2 6 289.7 744.7 3
4 5 901.6 1456.2 2
7 3 506.5 780.3 2
0 4 107.7 559.8 4
0 9 1197.2 2274.3 1
4 10 1727.4 2316.7 2
2 1 616.5 1441.6 1
1 10 530.8 1218.7 2
0 7 1930.8 3175.5 1
0 4 769.4 1888.3 4
2 6 1861.5 3165.1 1
6 8 37.6 922.6 4
7 9 281.3 1234.2 2
0 1 325.0 1030.3 2
3 6 854.8 1427.0 3
5 1 635.2 1414.9 3
1 8 1366.5 2469.4 3
7 5 464.8 1051.8 2
3 2 1879.7 2111.6 2
2 5 1261.6 1426.9 3
4 2 872.4 2001.0 4
7 10 1574.8 2307.0 2
3 7 131.7 1077.7 3
4 6 277.6 521.5 4
1 2 865.3 1205.1 3
1 8 569.3 1323.7 4
EOF
