NUM_STATIONS: 10
NUM_REQUESTS: 160
NUM_VEHICLES: 3
VEHICLE_CAPACITY: 1
DISTANCES
0 1 3.3
1 2 8.6
2 3 9.8
3 4 4.8
4 5 3.7
5 6 5.0
6 7 1.8
7 8 2.0
8 9 1.3
9 0 2.7
REQUEST_SECTION
9 3 332.1 379.7 1
8 4 772.1 890.5 1
4 8 137.1 398.0 1
6 3 620.2 1148.4 1
8 2 183.3 355.6 1
7 2 529.9 950.5 1
8 1 211.2 385.7 1
6 4 976.9 1233.1 1
7 2 116.3 263.3 1
2 6 352.2 875.7 1
3 7 1097.9 1470.6 1
8 4 1021.9 1448.0 1
0 8 1119.9 1260.8 1
8 10 726.9 1022.0 1
8 2 1130.8 1321.9 1
4 2 894.3 1217.5 1
3 5 243.0 839.0 1
5 7 75.9 566.3 1
3 7 886.9 1124.8 1
7 4 658.4 1216.4 1
6 7 998.5 1319.7 1
3 7 486.1 920.2 1
5 2 1103.9 1485.1 1
4 7 968.2 1324.7 1
3 5 1077.8 1156.8 1
1 3 1024.1 1080.9 1
9 10 740.1 1115.2 1
3 6 450.2 795.8 1
3 7 756.7 1008.6 1
7 10 327.5 902.4 1
8 9 885.9 1157.8 1
3 9 77.8 634.4 1
4 7 27.9 604.4 1
4 6 480.2 870.2 1
6 10 825.5 875.9 1
1 3 839.0 1339.0 1
8 7 442.8 678.1 1
8 10 755.6 1233.8 1
2 1 1092.0 1263.0 1
5 1 405.0 570.9 1
2 4 246.2 834.1 1
5 10 635.5 1068.3 1
8 6 956.6 1160.5 1
5 2 216.8 457.1 1
6 2 1070.2 1337.7 1
5 4 689.2 1259.7 1
0 9 627.0 725.3 1
3 4 155.7 550.7 1
0 2 1070.7 1409.8 1
9 7 169.3 569.6 1
8 3 164.0 259.3 1
1 4 206.9 424.3 1
3 1 765.1 874.1 1
2 7 458.9 761.3 1
3 10 823.8 1250.5 1
2 4 1123.7 1621.1 1
5 8 1021.0 1163.1 1
8 1 670.6 809.3 1
2 3 834.4 1064.1 1
6 8 668.7 972.0 1
8 10 46.1 544.2 1
6 8 236.9 740.8 1
2 6 449.0 690.5 1
6 7 271.0 395.8 1
7 2 795.2 1261.2 1
0 7 502.3 840.0 1
3 5 290.6 436.0 1
4 5 411.3 644.3 1
5 2 254.5 622.6 1
5 4 750.3 1351.6 1
5 3 982.8 1248.5 1
3 10 715.5 1255.8 1
6 7 558.5 854.4 1
2 9 80.6 400.2 1
1 8 638.2 836.3 1
0 1 190.7 436.8 1
2 9 843.0 1186.8 1
9 5 570.6 971.5 1
6 5 482.7 560.0 1
3 7 1029.2 1151.4 1
7 1 656.6 715.2 1
3 2 305.7 698.5 1
2 7 346.1 836.6 1
1 8 1139.3 1727.5 1
1 10 89.5 618.5 1
9 8 251.0 411.9 1
7 8 5.2 469.1 1
2 7 517.3 661.8 1
6 1 46.2 598.3 1
7 3 991.8 1203.7 1
8 2 668.1 1040.7 1
2 6 913.6 1353.6 1
8 6 376.5 955.0 1
1 3 757.6 848.7 1
9 5 894.4 963.9 1
0 3 1074.0 1355.1 1
5 10 433.2 596.2 1
7 3 439.2 999.6 1
5 10 648.4 874.1 1
6 2 115.6 387.6 1
6 8 913.8 1253.6 1
8 5 757.3 1182.4 1
0 2 929.2 1531.6 1
9 5 1045.6 1435.9 1
8 3 136.7 211.5 1
4 9 714.3 1282.7 1
4 9 118.3 510.4 1
1 6 722.8 926.7 1
9 4 734.9 1230.5 1
9 6 756.8 1106.2 1
0 2 744.7 802.4 1
6 8 511.4 1096.6 1
6 2 510.1 854.4 1
2 6 371.5 439.1 1
6 3 409.6 514.4 1
7 3 1094.2 1169.3 1
3 9 552.5 903.9 1
6 10 390.8 749.3 1
3 2 1120.8 1329.4 1
9 1 854.6 1018.9 1
6 9 947.2 1490.4 1
4 9 875.0 1108.0 1
3 9 502.0 914.7 1
8 5 108.1 195.6 1
4 5 46.8 237.7 1
0 4 277.5 890.6 1
5 8 271.2 670.1 1
9 10 910.4 1446.5 1
0 2 736.9 1136.9 1
1 3 462.7 692.2 1
4 2 19.2 276.1 1
4 3 159.0 465.2 1
0 1 862.2 1067.2 1
9 3 448.6 890.1 1
5 6 264.6 733.4 1
4 9 1103.1 1257.3 1
5 2 918.4 1361.6 1
0 6 567.7 704.7 1
1 9 1084.7 1621.9 1
9 3 1021.7 1180.9 1
4 10 471.7 1035.1 1
2 7 1062.7 1185.5 1
5 1 889.0 1143.8 1
3 10 736.0 1031.7 1
3 6 428.4 787.4 1
2 4 823.7 1275.3 1
0 4 1043.7 1231.3 1
0 8 564.5 786.5 1
3 5 881.0 1225.5 1
0 3 836.0 1223.9 1
3 8 364.5 597.1 1
4 9 987.4 1554.0 1
3 10 239.0 444.4 1
6 3 919.9 1364.1 1
7 3 26.1 270.1 1
6 10 29.2 605.3 1
9 7 209.6 669.9 1
0 6 38.7 245.6 1
6 5 623.9 1070.1 1
7 4 1057.8 1172.7 1
EOF
