NUM_STATIONS: 10
NUM_REQUESTS: 80
NUM_VEHICLES: 2
VEHICLE_CAPACITY: 4
DISTANCES
0 1 5.3
1 2 5.1
2 3 4.1
3 4 5.8
4 5 8.8
5 6 4.0
6 7 7.4
7 8 2.6
8 9 6.4
9 0 5.7
REQUEST_SECTION
7 4 491.0 838.6 1
7 1 662.2 1229.4 4
9 2 210.1 557.5 4
2 9 33.0 599.8 3
6 10 427.8 600.0 1
0 9 396.1 708.2 3
6 8 273.1 861.1 1
2 3 444.2 894.3 3
4 7 12.9 125.9 1
1 4 268.8 815.0 2
5 9 667.6 1037.9 4
7 1 787.8 1151.9 4
5 3 160.2 379.7 4
4 10 20.3 399.5 2
0 1 448.0 738.3 4
8 9 158.0 629.3 1
8 2 248.9 525.8 4
8 4 787.8 1031.4 1
1 5 477.5 630.2 2
5 3 505.1 911.3 4
8 2 345.7 594.1 4
3 6 138.9 609.4 4
5 4 524.4 829.1 3
7 9 481.2 707.0 1
3 5 601.9 912.7 3
7 8 599.8 1009.2 1
0 8 386.1 805.8 4
9 2 291.6 567.4 4
1 6 71.9 467.3 3
4 7 780.8 1194.9 3
0 7 60.2 248.4 2
5 7 73.7 305.9 1
4 7 88.5 615.7 4
1 6 565.0 1047.7 4
0 9 175.2 765.3 2
8 9 350.8 955.6 3
2 5 400.1 622.0 2
1 10 200.1 277.6 2
3 2 176.9 471.2 1
9 6 298.1 650.9 3
7 8 639.5 1074.6 1
6 8 805.6 876.1 2
6 3 439.9 617.2 3
0 6 716.0 1223.2 1
1 6 284.1 553.5 3
0 7 176.9 505.9 1
6 3 19.3 612.3 2
3 2 15.3 306.4 4
8 10 592.7 783.3 1
6 3 484.0 977.3 4
9 8 339.3 873.1 2
1 6 20.3 609.6 2
3 2 25.8 130.1 2
2 5 271.6 485.1 2
6 1 754.1 1137.6 3
9 4 808.4 965.4 3
7 9 677.3 868.7 4
1 2 573.9 917.4 3
8 4 407.3 738.9 1
3 7 566.4 1086.4 2
1 8 703.8 1265.1 1
3 5 27.9 282.0 4
6 4 584.5 1140.2 2
5 9 332.6 883.4 4
4 3 191.1 654.5 2
1 8 540.0 1014.3 4
0 9 510.1 707.7 1
9 5 694.7 1221.8 4
2 9 401.8 675.8 2
6 2 40.9 357.4 1
9 1 606.3 744.0 3
9 3 223.6 737.2 3
5 2 713.7 1105.5 1
8 10 490.9 735.9 4
3 7 384.6 919.9 3
7 5 59.8 266.7 2
0 5 451.9 710.4 1
6 1 237.9 532.7 1
7 1 29.5 375.2 2
3 9 480.0 982.0 1
EOF
