NUM_STATIONS: 10
NUM_REQUESTS: 160
NUM_VEHICLES: 3
VEHICLE_CAPACITY: 2
DISTANCES
0 1 7.9
1 2 8.7
2 3 5.6
3 4 8.4
4 5 6.3
5 6 1.2
6 7 4.8
7 8 8.8
8 9 1.4
9 0 2.6
REQUEST_SECTION
0 1 406.5 780.7 2
7 1 1095.3 1778.9 1
6 4 165.1 427.1 1
1 3 1370.3 1426.9 2
3 4 1326.9 1761.8 1
6 5 898.4 1577.0 1
7 4 380.5 1079.9 1
2 1 883.7 1427.4 1
6 2 307.1 987.1 1
1 2 529.5 1014.7 2
1 6 866.2 951.0 2
5 4 622.5 772.8 2
4 2 29.2 662.9 1
8 6 458.4 1615.7 2
6 7 848.0 1064.7 1
7 1 596.0 1075.5 1
6 5 960.0 1446.6 2
0 8 902.7 2015.5 1
9 7 624.1 1243.9 1
7 3 436.4 1215.0 2
5 6 543.5 1226.3 1
1 10 510.3 722.1 1
9 4 108.8 817.0 1
0 1 1145.7 1840.9 2
3 5 10.0 1097.9 1
8 7 1170.7 1246.2 1
3 8 532.2 949.4 2
0 1 1085.6 1471.0 1
7 2 968.6 1823.2 1
4 6 1125.6 1767.3 2
1 9 383.7 799.8 2
1 7 1066.9 1272.6 1
7 10 700.1 798.0 2
4 6 152.3 914.3 1
7 5 455.9 1245.2 1
8 1 710.9 1810.4 1
2 8 1008.4 2162.2 2
3 10 474.6 1083.2 1
7 8 158.4 572.5 1
7 10 939.4 1048.6 1
3 7 913.1 1417.1 2
9 10 430.7 751.2 1
5 2 1447.9 1825.5 1
7 1 706.4 1779.1 2
1 10 1414.5 1756.7 1
9 10 213.3 674.3 1
3 4 1055.8 1345.5 1
9 10 1346.0 1729.0 2
5 6 43.8 821.3 2
1 4 366.4 1308.5 2
1 3 732.9 1597.3 1
8 2 704.3 896.3 2
2 7 457.0 992.8 1
8 1 468.0 1113.9 2
3 6 1335.1 1846.7 2
6 7 829.5 1966.2 1
4 9 1413.4 1998.2 2
3 5 969.6 2055.1 1
5 6 65.9 491.4 1
9 5 990.0 1208.5 2
4 10 797.1 1454.4 1
0 4 764.6 1497.5 1
9 10 1278.5 1619.1 1
1 7 1278.5 1802.4 2
8 6 1311.5 2237.7 1
2 8 885.3 958.3 1
5 1 717.1 1273.1 1
9 1 458.8 927.2 1
8 4 14.2 1048.0 1
6 4 956.7 1624.8 1
3 5 1147.7 1345.6 1
7 1 1427.3 1879.4 1
0 7 325.7 1258.1 1
5 9 293.5 753.2 1
1 9 1429.0 2066.4 1
4 1 516.3 698.7 2
9 3 450.2 642.1 1
8 5 668.7 1582.2 1
6 10 627.1 1316.1 2
7 1 756.0 1907.1 1
3 10 1298.3 1531.1 2
6 8 352.6 723.4 1
5 8 831.0 1137.0 1
9 8 63.4 956.1 1
7 4 1222.7 1792.4 1
0 4 224.5 581.9 1
2 9 1237.8 1753.4 2
0 7 418.9 616.3 2
0 4 1340.4 1548.8 2
1 6 1155.4 1483.8 1
0 6 1339.6 2046.2 1
0 5 883.1 1874.1 1
7 1 639.7 1494.6 1
1 3 89.9 1001.6 2
3 8 1323.5 2395.0 1
7 2 1202.1 1656.2 2
6 2 188.9 978.1 2
8 9 1173.0 2334.0 2
0 3 1172.2 1345.9 1
2 7 1139.3 1464.1 2
6 1 99.9 682.0 2
8 9 316.2 1279.9 1
6 4 1436.1 2446.4 1
0 4 1479.9 1661.3 1
7 3 1136.3 1728.3 1
6 4 1154.1 1954.7 1
3 8 1218.8 2276.6 1
9 7 763.2 1100.6 1
3 1 563.6 835.6 2
2 8 1467.8 2556.8 2
3 2 807.0 1649.1 1
1 10 1115.5 2091.0 2
8 5 71.6 475.6 2
1 8 597.1 1704.6 1
1 10 27.4 976.6 2
8 10 896.4 1759.5 2
6 8 510.2 965.9 1
3 6 1094.3 1940.4 2
8 9 1247.8 2092.1 1
2 7 903.5 1011.7 2
0 7 1268.0 2360.9 2
6 2 163.7 373.1 1
3 1 676.4 1294.6 2
5 8 361.5 629.1 2
4 6 1323.6 2024.2 2
5 3 602.0 1747.3 2
6 1 649.4 735.3 2
2 9 527.0 1222.4 1
1 10 481.1 884.0 2
0 5 1122.6 1563.7 1
1 5 1301.8 2113.0 2
7 6 1048.8 2207.3 2
1 6 792.5 1655.7 2
5 10 239.1 1284.2 2
4 10 1339.6 2365.2 1
7 8 972.3 1664.5 1
5 7 736.1 1631.3 2
5 8 333.7 1017.3 2
3 8 483.5 644.4 2
6 8 1415.3 1910.2 1
7 1 1467.6 1582.1 1
9 6 24.8 143.9 2
1 10 611.6 1345.6 1
1 5 999.7 1832.9 2
1 9 1369.8 1426.9 1
4 6 93.0 1053.1 1
7 6 1146.0 2044.1 2
6 9 385.2 1256.7 1
7 2 1189.6 1612.2 2
5 7 677.6 1503.0 2
7 10 567.0 1631.5 1
3 8 1044.1 1358.2 1
1 3 444.8 916.4 1
2 8 145.2 492.6 1
4 2 1085.7 1161.3 1
5 8 1250.6 1878.2 2
4 2 1447.1 2566.6 1
4 2 86.4 930.7 2
9 8 129.6 1120.3 1
0 9 1171.6 1446.1 2
EOF
