NUM_STATIONS: 10
NUM_REQUESTS: 40
NUM_VEHICLES: 2
VEHICLE_CAPACITY: 2
DISTANCES
0 1 5.8
1 2 5.9
2 3 5.5
3 4 4.6
4 5 6.6
5 6 8.5
6 7 2.2
7 8 4.0
8 9 2.7
9 0 5.9
REQUEST_SECTION
5 3 37.3 124.8 1
6 3 505.3 763.3 2
4 5 233.8 350.9 1
3 7 381.0 588.9 2
8 3 311.5 525.1 2
2 5 280.4 386.4 2
2 8 169.3 226.4 2
4 7 44.6 123.7 2
9 1 487.7 695.4 1
2 4 2.8 172.7 1
1 10 118.4 359.5 2
7 2 338.5 495.9 2
5 4 319.7 626.6 2
2 8 76.0 281.0 1
2 5 421.1 722.6 1
8 3 32.7 242.9 2
6 2 235.9 521.3 2
9 5 387.5 643.2 1
5 8 6.4 217.3 1
6 9 308.8 603.5 1
3 2 283.8 546.5 1
7 2 109.8 289.7 2
3 5 276.9 415.9 1
9 2 459.4 693.0 2
9 5 172.4 295.7 1
5 3 147.9 258.4 2
5 9 275.9 485.9 1
1 9 368.8 655.2 1
0 4 412.5 543.7 1
3 5 485.5 788.6 2
8 7 184.0 350.0 2
3 4 474.0 647.9 1
7 2 421.6 577.7 2
9 8 179.0 290.3 2
4 6 232.3 455.0 1
2 3 241.4 313.3 2
2 9 310.2 404.2 1
3 1 516.2 740.5 2
4 2 195.0 474.5 2
3 8 324.4 540.8 1
EOF
