NUM_STATIONS: 10
NUM_REQUESTS: 80
NUM_VEHICLES: 1
VEHICLE_CAPACITY: 4
DISTANCES
0 1 7.9
1 2 8.1
2 3 2.5
3 4 7.9
4 5 2.3
5 6 7.4
6 7 8.2
7 8 1.4
8 9 7.4
9 0 3.5
REQUEST_SECTION
9 4 601.4 762.6 4
8 6 593.1 1643.6 3
1 2 609.6 1437.4 3
8 4 206.0 962.7 3
2 7 1892.8 3050.0 1
1 8 1566.0 2339.8 2
5 7 574.7 1275.0 3
1 9 1336.5 2000.3 1
1 4 1935.4 2764.0 2
4 6 924.1 2173.2 3
0 8 1428.3 1619.0 3
7 6 1201.3 2642.7 2
7 6 1036.8 1539.7 2
4 10 1100.9 2717.6 2
8 2 1708.2 3455.6 4
1 4 152.0 1662.6 3
2 8 1883.4 2489.0 3
0 3 1639.5 1743.0 4
8 6 1629.5 3344.5 4
8 1 633.8 1360.5 1
9 8 1708.7 3037.4 2
6 3 1038.1 2775.3 1
2 4 1609.2 2042.4 4
3 10 696.4 2114.6 1
5 6 1696.1 1817.9 3
5 6 8.3 852.9 4
2 9 2204.7 2885.2 4
6 8 218.9 1381.4 1
9 10 1973.6 3233.4 1
5 8 1624.5 2681.4 2
0 5 944.2 2188.4 3
2 4 1765.3 2796.0 2
3 9 279.8 475.7 4
0 3 1585.9 3207.1 4
5 6 1871.2 2744.7 2
5 10 1553.2 2034.3 4
4 8 1084.6 1419.3 1
9 4 232.8 1110.9 4
1 9 1638.2 2388.0 3
0 9 2176.1 3118.8 4
6 3 1259.9 2459.1 3
0 1 153.8 1798.4 3
8 1 1876.4 2264.4 1
3 9 1876.0 3008.8 1
4 2 2024.9 2395.2 4
5 10 685.6 2238.6 3
9 2 375.8 905.2 1
2 5 1050.8 2114.3 1
3 4 1962.4 2687.8 2
3 1 605.1 1158.5 4
3 2 1759.0 2921.6 1
4 3 1132.8 2307.0 4
1 4 489.1 1424.3 2
2 7 2236.3 2388.5 1
1 9 185.5 1635.7 4
0 6 359.2 2035.4 1
5 2 477.1 1907.7 1
8 2 1145.0 2312.8 3
8 4 1892.1 3455.3 3
2 4 2257.6 2671.3 4
6 8 988.0 1397.3 2
2 9 2112.0 3808.6 1
2 8 1681.0 3017.8 3
1 8 680.1 1787.8 1
9 7 460.4 686.6 3
6 2 353.4 731.8 4
2 8 1505.3 2338.4 4
0 4 154.4 1624.9 3
7 10 1308.9 1742.8 4
2 4 316.9 1884.9 1
6 1 1083.5 2199.5 4
5 2 1484.2 1661.8 4
6 8 116.5 1321.9 4
7 5 1988.9 2365.3 2
8 10 1227.9 1380.3 3
5 2 61.9 724.7 3
9 7 1839.2 2029.3 1
7 6 2174.3 2306.4 2
4 9 1805.5 2596.6 1
3 10 1417.2 2980.0 1
EOF
