NUM_STATIONS: 10
NUM_REQUESTS: 40
NUM_VEHICLES: 1
VEHICLE_CAPACITY: 2
DISTANCES
0 1 4.3
1 2 4.7
2 3 7.7
3 4 5.3
4 5 3.2
5 6 1.5
6 7 9.1
7 8 3.7
8 9 3.4
9 0 3.5
REQUEST_SECTION
2 7 502.7 816.7 2
8 10 87.4 452.3 1
4 9 425.1 666.8 2
1 7 688.7 772.8 1
9 5 520.1 961.5 1
8 6 433.9 727.6 2
2 6 158.4 535.0 2
6 5 443.8 891.2 2
4 9 673.4 858.1 2
6 9 290.1 681.8 1
1 5 109.8 530.7 2
3 8 188.6 499.4 2
9 10 35.5 198.3 2
4 5 98.4 469.4 2
5 6 313.1 533.7 1
3 9 35.7 192.2 1
5 7 176.0 376.5 1
0 5 521.1 928.8 1
5 10 104.4 413.9 1
0 2 35.7 223.8 2
0 4 572.9 890.2 2
1 7 286.6 567.4 1
0 3 268.2 381.7 1
9 3 143.8 482.4 2
3 6 629.3 749.2 2
9 7 363.1 621.8 1
4 7 193.5 290.3 2
2 5 450.6 667.0 1
2 5 171.9 473.9 1
0 4 326.1 733.9 1
0 9 208.1 262.8 2
7 1 258.4 687.3 1
7 2 414.8 841.7 2
1 9 313.9 654.5 2
2 7 97.8 488.5 1
9 8 513.7 961.2 1
7 6 51.4 465.1 1
4 2 11.7 272.0 1
1 6 496.5 936.7 2
4 1 513.4 1004.9 1
EOF
