NUM_STATIONS: 10
NUM_REQUESTS: 40
NUM_VEHICLES: 1
VEHICLE_CAPACITY: 1
DISTANCES
0 1 2.8
1 2 2.9
2 3 8.4
3 4 7.3
4 5 6.1
5 6 1.6
6 7 8.4
7 8 7.7
8 9 3.2
9 0 1.5
REQUEST_SECTION
4 8 275.7 713.4 1
3 10 922.5 1336.7 1
6 4 405.6 814.8 1
1 6 317.7 710.2 1
0 4 83.7 550.2 1
5 3 135.0 753.8 1
6 9 239.2 984.3 1
1 10 393.6 554.6 1
1 9 680.2 1086.1 1
0 6 66.8 420.0 1
6 9 474.3 709.0 1
5 6 761.2 1482.0 1
9 3 418.4 960.7 1
6 2 292.3 741.8 1
9 3 278.6 646.7 1
0 2 976.9 1351.9 1
9 5 920.7 1547.5 1
7 4 160.3 258.8 1
1 5 27.9 786.0 1
5 4 755.1 909.7 1
8 5 495.6 981.2 1
7 6 339.5 438.7 1
4 1 266.4 998.7 1
4 10 579.0 780.4 1
7 5 635.4 984.8 1
1 10 501.9 1098.7 1
3 5 791.9 1435.1 1
2 5 443.5 798.2 1
6 8 678.6 834.7 1
4 7 121.4 902.4 1
9 1 862.3 1519.3 1
6 3 715.4 1173.4 1
8 9 570.2 637.7 1
6 3 392.6 940.6 1
5 2 522.9 1279.3 1
8 5 128.4 513.5 1
7 9 756.6 1462.2 1
5 4 294.9 681.5 1
0 2 65.4 528.8 1
2 4 879.3 1412.8 1
EOF
