NUM_STATIONS: 10
NUM_REQUESTS: 20
NUM_VEHICLES: 2
VEHICLE_CAPACITY: 2
DISTANCES
0 1 5.2
1 2 3.6
2 3 9.0
3 4 5.2
4 5 4.6
5 6 6.8
6 7 9.5
7 8 9.5
8 9 7.9
9 0 8.3
REQUEST_SECTION
3 5 68.8 212.8 1
5 3 102.8 343.5 2
0 4 203.7 308.1 1
0 7 84.7 322.5 2
0 5 6.8 114.1 1
3 5 51.3 212.3 2
2 7 225.0 298.5 1
4 5 147.7 312.0 2
7 10 190.0 388.8 2
4 5 90.4 313.2 1
9 5 53.9 165.2 2
5 8 161.2 378.1 1
0 8 157.5 229.4 1
4 5 52.7 172.5 1
1 9 53.3 226.7 2
7 8 53.7 197.0 2
1 3 52.3 161.7 1
1 8 60.3 143.6 1
6 3 128.3 358.6 1
6 7 151.8 238.9 2
EOF
