NUM_STATIONS: 10
NUM_REQUESTS: 160
NUM_VEHICLES: 2
VEHICLE_CAPACITY: 2
DISTANCES
0 1 3.6
1 2 7.3
2 3 7.4
3 4 1.6
4 5 9.1
5 6 1.1
6 7 5.1
7 8 5.3
8 9 9.0
9 0 2.6
REQUEST_SECTION
0 6 1733.1 2323.1 1
6 7 1187.4 2206.4 2
7 6 544.0 1287.0 1
0 1 1808.3 2546.4 1
4 3 1483.7 2427.1 2
6 10 540.0 1435.9 1
5 2 1158.9 1790.2 2
1 3 137.3 1016.5 1
0 6 1998.4 2649.3 2
6 1 1026.1 1727.2 1
4 5 1057.2 1888.4 1
6 2 1439.5 1844.3 2
3 4 128.9 238.9 1
3 4 1119.6 1511.4 2
7 9 1942.3 2743.0 1
9 3 1069.6 1426.3 1
9 7 89.0 395.7 2
4 8 1251.3 1508.6 1
3 7 648.2 762.4 2
2 3 1260.4 2260.8 1
0 7 1602.1 2330.7 2
1 5 1692.4 2648.7 2
8 2 1464.5 2350.0 1
5 3 773.5 1393.2 1
5 9 856.9 1925.4 1
1 6 701.3 1771.9 2
1 6 1539.8 1927.2 2
4 2 1539.9 1733.8 1
5 3 89.2 533.0 2
4 7 1294.6 1833.6 1
6 5 1639.7 2693.0 1
3 7 924.8 1287.9 1
5 3 695.6 1102.2 1
4 9 1551.3 2115.8 1
2 6 436.7 659.2 2
8 4 982.4 1074.4 2
0 3 791.3 1034.5 1
8 9 1907.5 2943.7 2
9 5 1609.0 2012.1 1
5 7 1243.1 1414.1 2
1 5 1393.7 1638.7 2
6 8 164.8 862.6 1
3 8 288.6 613.1 1
8 5 126.5 1222.3 1
3 10 320.4 726.4 1
8 7 1399.4 1457.8 2
9 4 1138.5 1372.0 1
6 2 798.5 1354.5 2
9 7 986.6 1805.3 2
0 8 946.8 1723.5 2
3 9 1141.3 1668.2 2
7 10 560.2 1546.9 1
7 3 552.9 1186.0 2
4 1 1106.2 1576.1 1
1 3 1925.9 2962.3 1
4 9 1409.7 2454.3 1
6 7 1336.4 2141.3 1
3 9 922.1 1644.5 1
1 5 1443.5 2410.9 2
9 7 2045.8 2330.2 1
4 8 1572.3 1751.0 2
7 10 864.8 929.9 2
2 9 543.4 1080.2 2
8 1 587.0 894.1 1
1 7 1074.8 1664.3 2
8 5 1498.3 1653.6 2
7 3 1445.3 1572.7 1
3 5 1736.0 2022.8 2
0 5 885.2 956.1 1
9 4 320.2 382.6 2
5 8 200.0 296.4 1
9 8 1202.6 1674.2 2
6 9 1091.8 1399.8 2
8 1 1407.5 2025.3 2
6 7 322.5 513.2 1
6 1 1754.0 1817.5 1
3 5 1000.9 1108.1 2
4 7 232.4 1286.0 2
6 3 1592.8 2255.4 1
4 5 252.0 1232.5 2
0 1 1661.0 2681.2 1
8 5 104.8 581.7 2
3 4 1665.8 2566.6 2
2 6 44.5 814.2 2
9 4 283.8 1358.5 2
6 8 1692.2 2735.4 1
6 2 32.0 839.7 1
7 2 615.9 1428.8 1
1 8 1655.0 2314.9 1
9 5 1166.1 1448.4 2
6 2 150.3 887.5 2
1 5 45.9 593.7 1
5 4 532.5 1232.7 2
8 10 1154.9 1961.5 1
3 6 1385.4 2427.3 2
5 2 1911.8 2617.7 1
6 3 1943.5 2381.8 1
4 6 1048.8 1855.4 2
5 7 1662.3 1844.8 2
2 3 1541.0 2473.5 2
4 9 2014.4 2067.2 2
4 1 111.5 995.9 1
5 6 383.1 1190.9 2
5 10 1800.7 1949.9 1
8 9 427.0 1219.8 1
3 5 853.8 1938.1 2
3 8 1603.7 2411.5 1
7 8 1964.2 2672.2 1
4 8 590.0 1128.9 1
1 6 122.4 790.1 1
3 9 744.5 1445.7 1
0 8 1476.5 2128.3 1
0 5 1708.1 2180.0 1
1 8 1359.6 1993.6 1
3 6 837.1 1013.0 2
7 1 1890.5 2110.8 2
7 1 1566.7 2462.2 1
4 1 2033.4 2653.0 2
1 2 1847.8 2359.4 1
8 5 699.6 1345.0 2
6 4 1670.0 2518.0 2
3 6 146.6 781.3 1
2 8 719.3 1055.0 1
6 1 69.7 532.7 1
6 10 94.0 552.5 1
0 2 1009.2 1324.1 1
0 1 36.4 434.5 1
3 9 1194.9 2037.7 1
2 8 1329.2 2150.0 1
4 5 1268.6 2187.9 2
1 5 226.0 860.5 2
4 2 1005.9 1076.7 2
1 3 1291.4 1629.3 1
1 3 386.8 1048.5 2
6 1 381.5 1401.5 1
8 9 1685.4 1871.6 2
7 6 1870.1 1954.4 1
1 7 1922.2 2028.1 2
6 1 1440.9 2426.2 1
4 6 1626.9 2305.6 2
3 9 643.8 1056.3 2
2 9 436.2 1332.0 1
6 9 1260.7 1791.7 2
2 4 1290.3 1450.4 2
9 6 1769.0 2072.1 1
1 6 26.9 982.9 2
3 2 407.5 1359.2 1
4 1 956.1 1734.6 1
8 9 2036.8 2542.7 2
4 3 1758.0 2560.4 1
7 5 1937.4 2920.8 2
3 5 831.7 1572.0 2
6 7 192.7 1253.5 2
9 5 1805.0 2900.2 1
6 5 981.7 1906.7 1
3 8 1418.7 2496.5 2
4 9 244.7 762.2 1
4 10 317.4 1164.0 2
6 8 1777.4 1871.2 2
3 1 2050.9 2574.6 1
EOF
