NUM_STATIONS: 10
NUM_REQUESTS: 40
NUM_VEHICLES: 2
VEHICLE_CAPACITY: 4
DISTANCES
0 1 5.8
1 2 5.9
2 3 5.5
3 4 4.6
4 5 6.6
5 6 8.5
6 7 2.2
7 8 4.0
8 9 2.7
9 0 5.9
REQUEST_SECTION
5 3 35.2 304.3 1
6 3 190.6 347.2 1
4 5 360.0 544.4 3
3 7 122.0 224.8 2
8 3 335.2 559.9 3
2 5 331.2 457.2 1
2 8 363.1 648.8 1
4 7 341.7 686.5 4
9 1 340.3 452.9 3
2 4 94.1 207.0 1
1 10 222.4 394.4 4
7 2 93.5 239.4 2
5 4 275.9 641.3 3
2 8 277.9 622.1 2
2 5 299.8 578.8 3
8 3 94.5 290.1 4
6 2 12.5 217.6 1
9 5 130.7 453.3 1
5 8 272.8 704.3 1
6 9 35.8 471.3 1
3 2 356.2 713.1 4
7 2 57.7 447.4 3
3 5 255.7 610.0 2
9 2 151.8 539.6 2
9 5 126.4 319.1 4
5 3 115.3 547.9 4
5 9 32.9 456.5 4
1 9 126.1 239.6 4
0 4 255.6 411.1 1
3 5 103.4 484.1 3
8 7 276.7 614.1 4
3 4 370.1 620.3 4
7 2 189.2 350.3 2
9 8 93.8 265.9 1
4 6 327.2 678.5 1
2 3 251.3 605.6 4
2 9 144.8 326.6 4
3 1 231.4 579.2 2
4 2 282.3 715.7 1
3 8 243.3 442.3 4
EOF
