NUM_STATIONS: 10
NUM_REQUESTS: 80
NUM_VEHICLES: 2
VEHICLE_CAPACITY: 8
DISTANCES
0 1 7.9
1 2 8.1
2 3 2.5
3 4 7.9
4 5 2.3
5 6 7.4
6 7 8.2
7 8 1.4
8 9 7.4
9 0 3.5
REQUEST_SECTION
9 4 23.8 485.6 3
8 6 39.3 408.3 7
1 2 21.3 507.7 2
8 4 15.8 424.6 5
2 7 868.8 1301.8 3
1 8 801.4 1238.5 3
5 7 118.5 469.9 8
1 9 659.4 1069.8 2
1 4 924.5 1417.1 3
4 6 401.3 841.9 4
0 8 856.9 933.0 7
7 6 183.0 768.4 8
7 6 644.8 712.7 1
4 10 497.1 1057.9 8
8 2 958.2 1125.6 4
1 4 616.3 1068.0 8
2 8 1108.0 1371.0 8
0 3 736.9 1128.9 7
8 6 547.3 1058.2 5
8 1 1080.6 1368.5 4
9 8 100.9 227.5 6
6 3 811.3 1194.2 5
2 4 415.6 760.9 5
3 10 194.9 543.8 4
5 6 210.7 546.7 4
5 6 952.2 1475.3 6
2 9 859.5 1430.1 1
6 8 317.5 471.7 2
9 10 671.3 842.0 8
5 8 878.2 1108.8 1
0 5 95.6 569.0 1
2 4 64.4 169.0 8
3 9 87.2 294.9 6
0 3 575.6 1145.6 1
5 6 163.3 338.6 2
5 10 1093.4 1440.1 8
4 8 993.6 1559.9 1
9 4 655.8 981.9 8
1 9 1101.8 1428.1 2
0 9 905.0 1175.3 5
6 3 431.3 786.2 3
0 1 29.5 87.5 5
8 1 353.9 526.9 5
3 9 1039.1 1379.1 1
4 2 440.4 1017.3 4
5 10 1066.6 1641.2 8
9 2 787.6 1006.4 8
2 5 158.6 762.4 6
3 4 47.3 376.0 1
3 1 771.7 1121.5 4
3 2 211.6 644.6 3
4 3 268.6 673.4 1
1 4 390.7 802.6 4
2 7 748.2 1101.5 4
1 9 808.7 1036.4 3
0 6 81.6 504.2 4
5 2 381.6 619.0 5
8 2 915.8 1394.1 1
8 4 64.3 262.8 8
2 4 390.1 655.3 3
6 8 981.0 1430.4 7
2 9 716.0 1274.4 3
2 8 482.9 1029.4 3
1 8 1104.5 1191.6 2
9 7 13.1 548.1 4
6 2 1023.3 1348.8 6
2 8 798.3 934.0 4
0 4 127.1 709.5 5
7 10 115.9 575.5 4
2 4 1113.0 1682.0 8
6 1 322.4 464.3 2
5 2 843.9 1067.6 8
6 8 445.8 559.2 4
7 5 854.5 1264.3 8
8 10 609.1 1035.1 4
5 2 1110.0 1592.3 1
9 7 390.7 913.4 3
7 6 221.8 516.9 1
4 9 1044.6 1542.9 7
3 10 1023.9 1406.6 3
EOF
