NUM_STATIONS: 10
NUM_REQUESTS: 40
NUM_VEHICLES: 3
VEHICLE_CAPACITY: 2
DISTANCES
0 1 3.4
1 2 6.2
2 3 7.9
3 4 7.1
4 5 5.2
5 6 1.5
6 7 5.2
7 8 1.2
8 9 5.0
9 0 2.1
REQUEST_SECTION
3 7 178.3 363.0 2
4 5 107.4 199.1 2
4 5 139.3 198.2 1
2 9 24.2 197.9 1
4 6 44.7 117.6 2
2 7 115.8 192.6 1
2 4 75.5 186.3 2
5 6 111.1 188.1 1
4 1 192.3 336.8 2
0 7 2.8 142.2 2
6 3 113.5 185.3 2
0 2 135.2 210.3 1
9 3 111.6 288.9 1
7 6 41.6 120.8 1
7 5 65.3 214.1 1
3 7 223.1 309.5 1
4 2 92.2 191.0 2
0 9 79.9 236.2 1
2 3 124.0 307.4 1
2 9 27.3 121.2 1
0 4 17.4 85.6 2
2 10 146.8 304.2 2
2 6 43.1 200.1 1
8 4 130.3 280.2 1
3 7 36.7 117.9 2
0 1 208.4 373.0 1
7 1 78.1 230.4 2
8 4 120.7 301.9 1
0 3 119.2 293.3 2
9 7 180.9 243.0 2
0 4 78.9 215.9 2
7 2 96.0 190.3 1
8 6 74.0 215.3 1
4 10 85.3 189.0 2
9 6 163.6 327.0 1
1 5 165.3 321.5 2
4 2 169.3 309.5 1
3 5 111.1 281.3 2
9 7 31.9 189.6 2
5 7 10.1 74.7 2
EOF
