NUM_STATIONS: 10
NUM_REQUESTS: 40
NUM_VEHICLES: 1
VEHICLE_CAPACITY: 1
DISTANCES
0 1 5.5
1 2 7.8
2 3 7.1
3 4 4.8
4 5 4.5
5 6 3.9
6 7 2.7
7 8 6.4
8 9 8.5
9 0 7.6
REQUEST_SECTION
8 7 861.3 1508.9 1
8 6 787.7 1114.6 1
7 5 940.7 1595.2 1
5 10 907.8 1264.9 1
6 9 600.4 1185.1 1
3 4 476.0 1099.7 1
4 2 1028.5 1147.1 1
5 3 143.4 775.3 1
5 10 910.0 1311.2 1
2 9 828.7 1274.0 1
2 8 256.6 624.7 1
0 7 980.4 1344.7 1
4 5 667.9 890.3 1
3 9 395.8 1187.7 1
5 7 158.1 600.3 1
8 4 820.9 1376.1 1
9 8 12.8 95.8 1
2 10 1168.4 1472.4 1
4 7 719.0 1053.5 1
4 10 1014.4 1479.7 1
7 2 917.0 1313.1 1
3 5 838.5 1212.9 1
1 9 1024.1 1443.1 1
9 8 947.6 1313.3 1
5 1 873.8 1211.1 1
5 3 438.6 701.1 1
5 8 48.2 596.0 1
5 6 484.7 926.3 1
0 1 793.9 1085.7 1
5 2 409.7 1078.4 1
5 3 1109.9 1686.0 1
1 10 209.8 457.2 1
2 4 157.6 615.0 1
8 3 331.1 1157.3 1
5 7 67.6 625.1 1
1 10 644.1 1111.5 1
5 1 516.4 1391.7 1
2 6 1140.8 1677.6 1
7 5 610.8 1222.0 1
8 7 438.2 1270.4 1
EOF
