NUM_STATIONS: 10
NUM_REQUESTS: 160
NUM_VEHICLES: 2
VEHICLE_CAPACITY: 4
DISTANCES
0 1 6.3
1 2 1.5
2 3 7.8
3 4 9.8
4 5 9.9
5 6 6.9
6 7 1.6
7 8 5.2
8 9 2.2
9 0 6.8
REQUEST_SECTION
3 7 1889.6 1976.4 1
2 4 1519.6 2404.0 1
2 7 2088.6 2496.3 1
7 4 864.9 2178.2 3
4 10 746.5 1446.4 2
1 4 1908.1 3284.7 3
2 1 755.9 1188.3 1
5 9 269.4 592.5 3
7 3 2288.5 3527.3 3
0 7 1061.3 2411.4 3
0 3 2216.0 3692.3 4
0 5 325.2 1696.8 1
0 3 1674.8 1984.0 2
8 4 323.3 667.0 2
3 4 382.7 652.9 1
0 7 737.8 1134.2 2
5 4 1565.8 3180.1 1
9 8 1824.1 2521.4 1
8 6 1461.3 3248.4 3
9 7 1023.2 1093.4 4
9 4 1180.1 1462.6 4
2 4 510.8 1624.2 1
9 3 968.3 2295.5 4
9 5 228.2 1957.4 3
1 6 728.8 1470.4 4
9 4 836.6 1716.6 3
9 2 1653.5 3284.1 2
7 2 419.1 1421.8 1
3 9 335.6 2076.2 4
1 2 90.4 918.3 1
5 6 382.4 1001.1 4
0 8 19.6 1083.0 1
1 4 408.9 1144.7 4
8 3 1024.0 2051.3 1
0 1 1997.2 2237.0 1
3 2 201.7 1930.5 4
9 8 1143.6 1376.4 1
0 9 403.3 843.2 4
7 6 2137.9 3746.2 1
6 2 1123.4 2087.4 1
2 3 1151.4 1576.1 1
2 3 2215.9 2487.8 2
2 8 1683.5 2043.4 1
7 3 1937.9 2020.7 1
5 1 2184.4 2932.6 4
9 6 2160.7 2740.5 4
0 2 1756.6 3129.1 4
5 2 2252.9 2717.1 1
0 4 1384.3 3042.7 3
0 1 1436.0 2013.9 1
8 5 179.7 812.3 2
1 9 399.7 884.5 2
9 10 1226.8 2626.1 3
9 10 1092.2 1993.8 1
3 10 983.7 1374.2 4
0 5 113.6 1488.0 2
9 3 30.2 1724.5 3
1 7 154.7 1022.1 3
2 9 2161.4 2326.8 4
2 9 100.2 1202.7 2
2 7 159.8 1630.9 2
5 1 2160.7 3332.7 1
6 4 1115.5 1266.5 2
1 4 1296.6 1964.3 4
5 3 1437.2 2684.0 3
2 5 2258.4 3846.6 2
4 10 1557.2 2916.8 4
0 6 1658.7 1820.2 2
3 2 641.5 1410.3 2
6 1 1286.3 1903.4 4
6 1 969.1 1728.4 3
7 1 1682.2 1952.5 3
9 10 1744.6 2098.6 4
3 4 414.9 996.2 2
3 6 404.5 960.3 2
1 4 2090.9 2605.4 4
2 4 2067.9 2773.5 3
6 9 1881.5 2632.3 3
3 7 1813.7 2098.1 3
9 4 654.8 1841.5 2
5 4 776.9 1982.9 3
0 3 1891.8 3021.7 4
1 3 2177.9 3482.3 3
9 1 2061.7 2346.8 3
4 3 1863.4 2032.3 4
9 10 1217.2 2458.0 3
8 7 698.6 1766.7 1
1 7 1392.2 2499.8 1
7 6 12.7 542.5 3
2 5 997.8 1861.8 1
0 2 474.7 2004.8 2
5 7 1533.1 2451.5 3
3 7 412.0 501.2 3
4 10 2316.2 3313.5 2
5 10 26.2 396.8 4
7 5 1873.7 2591.6 1
1 6 555.0 1675.3 4
7 1 259.6 1810.3 2
1 5 192.9 1773.9 1
6 8 54.8 1361.2 2
3 5 1348.1 2394.8 1
9 7 319.0 1319.3 3
4 9 879.9 1039.7 1
7 4 2131.6 3436.4 1
4 9 1099.5 1844.2 4
8 2 1428.3 2907.9 4
4 9 1574.8 1670.3 3
2 1 1695.5 2312.0 4
8 10 242.1 1120.4 4
5 1 1339.6 1506.1 4
9 1 993.4 2231.4 1
0 4 2220.8 2844.0 1
0 2 545.7 738.3 3
6 1 1129.0 2900.9 4
5 4 498.1 809.5 2
5 1 1408.6 2528.4 4
0 9 1136.2 2123.2 2
6 9 1869.4 3528.0 1
6 5 2003.2 2851.0 3
7 9 188.5 1134.4 1
8 6 608.4 1490.5 4
1 6 433.2 939.4 1
2 8 369.2 1080.0 4
1 9 1567.7 2144.1 3
0 8 588.9 1056.5 3
7 1 670.2 2459.4 4
3 9 455.2 1178.4 4
7 10 1646.8 3095.4 1
2 4 1465.6 2192.2 4
8 7 507.4 1276.2 3
7 1 809.7 2138.8 4
3 7 652.7 937.7 4
9 5 1889.9 2565.4 2
0 8 1386.0 2938.0 1
9 3 2020.1 3233.8 2
5 8 1497.0 2535.9 4
1 3 2048.7 2492.9 4
1 9 583.0 1880.7 4
5 9 267.1 1629.3 1
2 5 502.2 1452.0 2
8 3 1425.6 2518.4 2
1 8 1228.6 1976.4 1
6 9 896.0 1529.4 2
0 9 465.0 1648.7 3
4 7 332.8 1497.0 1
2 8 566.5 1618.8 3
1 6 946.8 1201.0 3
1 10 1962.2 2248.6 4
0 5 572.9 989.6 3
3 9 551.1 1363.2 1
5 9 985.6 2554.5 3
4 5 749.7 2526.2 2
7 1 588.9 882.3 2
9 1 1330.0 1630.4 4
4 10 2139.5 2665.0 3
6 1 534.8 1607.2 2
7 3 1347.8 2475.4 4
3 8 817.1 1499.0 3
0 9 2261.9 3786.8 4
5 3 1672.0 2155.5 3
EOF
