NUM_STATIONS: 10
NUM_REQUESTS: 80
NUM_VEHICLES: 1
VEHICLE_CAPACITY: 8
DISTANCES
0 1 7.9
1 2 8.1
2 3 2.5
3 4 7.9
4 5 2.3
5 6 7.4
6 7 8.2
7 8 1.4
8 9 7.4
9 0 3.5
REQUEST_SECTION
9 4 1586.5 2874.8 6
8 6 189.7 1777.9 1
1 2 891.4 2048.7 5
8 4 1460.8 2048.0 2
2 7 1156.1 2811.0 5
1 8 1605.6 2346.3 4
5 7 1080.5 2141.2 8
1 9 1457.8 2966.3 5
1 4 641.5 781.3 1
4 6 872.1 1987.9 3
0 8 775.8 2388.1 3
7 6 1374.1 2055.6 2
7 6 536.0 785.0 3
4 10 1332.0 1599.6 5
8 2 1520.8 1827.8 5
1 4 653.3 911.9 4
2 8 1408.8 2644.1 4
0 3 650.8 930.3 4
8 6 1653.5 1883.8 1
8 1 826.1 1407.3 4
9 8 997.4 2731.8 8
6 3 252.7 1746.9 2
2 4 1557.6 2643.2 8
3 10 219.2 1014.6 6
5 6 836.6 1058.1 3
5 6 560.1 2098.9 8
2 9 1496.8 2101.9 4
6 8 1590.4 2966.0 3
9 10 384.3 1150.3 4
5 8 681.6 2027.2 3
0 5 509.0 1766.5 2
2 4 480.6 558.5 6
3 9 684.0 1034.3 7
0 3 856.2 2067.4 7
5 6 1446.1 1661.6 3
5 10 53.4 1721.4 3
4 8 609.6 743.5 5
9 4 870.1 1329.0 1
1 9 119.9 1693.9 3
0 9 1566.8 2303.8 5
6 3 951.7 2623.9 1
0 1 1229.2 1932.6 8
8 1 937.1 2592.4 3
3 9 988.5 1317.9 7
4 2 1086.4 2738.2 3
5 10 304.8 1156.1 5
9 2 1383.6 3034.6 4
2 5 233.8 502.0 6
3 4 94.5 494.6 1
3 1 1015.0 1804.4 3
3 2 1302.4 1434.3 4
4 3 815.2 1764.5 5
1 4 635.3 1070.2 7
2 7 1614.0 1813.7 8
1 9 1363.4 2391.4 5
0 6 246.5 813.7 1
5 2 318.3 458.7 3
8 2 1102.1 2077.7 5
8 4 898.3 2375.5 3
2 4 1373.2 2401.3 7
6 8 1086.4 2303.3 5
2 9 609.2 1985.0 2
2 8 185.1 413.3 5
1 8 724.6 1238.3 2
9 7 1011.5 2097.2 6
6 2 753.4 1312.8 6
2 8 401.8 1571.9 8
0 4 1658.2 3171.3 2
7 10 710.8 1472.9 8
2 4 57.9 1697.0 6
6 1 1249.2 1371.1 8
5 2 1440.3 1860.8 1
6 8 651.9 1726.5 5
7 5 1208.7 2592.9 3
8 10 1327.9 1980.1 7
5 2 1424.0 2500.7 8
9 7 1212.6 2003.7 4
7 6 1419.9 1897.5 1
4 9 1271.1 2563.1 2
3 10 1334.4 2733.4 2
EOF
