NUM_STATIONS: 10
NUM_REQUESTS: 160
NUM_VEHICLES: 2
VEHICLE_CAPACITY: 2
DISTANCES
0 1 3.3
1 2 8.6
2 3 9.8
3 4 4.8
4 5 3.7
5 6 5.0
6 7 1.8
7 8 2.0
8 9 1.3
9 0 2.7
REQUEST_SECTION
9 3 652.6 1209.3 2
8 4 436.2 1405.0 2
4 8 434.0 1274.6 1
6 3 792.6 1926.1 2
8 2 926.4 1246.5 1
7 2 579.9 1816.5 2
8 1 529.0 963.4 2
6 4 1075.0 1645.8 2
7 2 341.2 652.8 2
2 6 825.7 1752.9 2
3 7 759.5 834.3 2
8 4 19.8 732.2 1
0 8 23.1 893.4 1
8 10 562.2 1218.3 1
8 2 368.4 419.5 2
4 2 134.9 736.7 1
3 5 1121.0 2264.4 2
5 7 988.0 1894.0 1
3 7 1082.2 2150.9 1
7 4 914.4 1692.7 2
6 7 1098.8 2317.3 2
3 7 1283.6 1952.1 2
5 2 915.1 1918.3 1
4 7 870.5 1904.9 1
3 5 463.6 1668.8 1
1 3 81.8 821.1 1
9 10 976.7 1139.2 2
3 6 1010.5 1270.7 1
3 7 663.1 1782.9 1
7 10 950.9 1062.1 2
8 9 881.8 1813.3 1
3 9 767.2 1711.6 1
4 7 860.1 1148.4 2
4 6 58.2 933.9 2
6 10 742.1 1254.0 1
1 3 513.6 861.4 1
8 7 4.3 125.1 1
8 10 964.5 2048.9 2
2 1 749.7 1911.7 2
5 1 382.9 846.7 2
2 4 349.1 1615.8 2
5 10 40.7 1295.7 2
8 6 921.1 1610.8 1
5 2 534.8 1332.8 1
6 2 854.6 1143.7 2
5 4 298.8 421.5 1
0 9 1002.4 1446.6 2
3 4 298.0 1239.7 1
0 2 1025.3 2293.2 2
9 7 981.9 1165.6 2
8 3 533.9 1801.5 1
1 4 40.7 136.6 2
3 1 1055.8 2292.3 1
2 7 158.4 1356.3 2
3 10 360.3 609.5 1
2 4 634.3 1884.6 1
5 8 852.2 1674.8 2
8 1 44.1 961.4 2
2 3 449.0 1573.7 1
6 8 508.5 1261.4 2
8 10 498.9 778.6 2
6 8 927.6 1395.6 1
2 6 435.9 1513.5 2
6 7 572.6 1088.8 2
7 2 885.8 1059.8 2
0 7 392.1 654.4 2
3 5 333.7 509.2 1
4 5 307.6 784.4 1
5 2 642.8 949.3 1
5 4 404.5 969.8 2
5 3 114.9 166.0 2
3 10 440.1 1288.0 1
6 7 940.9 1661.9 2
2 9 437.3 732.9 1
1 8 740.7 1556.5 2
0 1 639.5 1961.6 1
2 9 179.5 1126.0 2
9 5 1025.4 1507.7 1
6 5 212.2 275.2 1
3 7 1228.7 2304.4 1
7 1 393.0 1719.7 1
3 2 1062.0 1880.6 2
2 7 57.8 434.4 2
1 8 1203.0 2064.1 2
1 10 974.3 2274.0 2
9 8 392.6 1262.5 1
7 8 421.3 1370.4 1
2 7 260.8 1025.3 1
6 1 265.7 1313.1 2
7 3 0.3 802.8 1
8 2 448.3 723.3 2
2 6 997.1 1047.0 2
8 6 1162.3 1259.7 2
1 3 1067.8 1412.1 1
9 5 117.2 1049.5 2
0 3 981.3 1356.6 2
5 10 180.5 757.9 2
7 3 346.8 1464.5 1
5 10 947.1 1985.2 2
6 2 408.0 1228.4 2
6 8 1088.6 2088.9 1
8 5 1099.9 1885.1 1
0 2 443.3 1079.3 2
9 5 918.1 1058.3 1
8 3 443.5 1568.5 2
4 9 1084.9 1925.6 1
4 9 832.6 2010.9 2
1 6 727.4 1830.9 2
9 4 258.0 1457.4 2
9 6 1249.5 2324.6 2
0 2 1261.2 1937.2 1
6 8 190.4 414.3 2
6 2 279.9 1000.6 1
2 6 458.0 1725.9 1
6 3 429.3 1636.7 1
7 3 1102.5 1229.2 1
3 9 706.3 1274.0 1
6 10 654.2 1766.0 1
3 2 669.1 1205.8 2
9 1 1026.7 1910.6 2
6 9 1205.0 2003.6 1
4 9 625.1 1564.5 1
3 9 625.9 1854.2 1
8 5 622.4 1766.4 2
4 5 97.1 632.5 2
0 4 200.0 885.8 1
5 8 941.7 2242.5 1
9 10 861.9 924.4 1
0 2 121.1 1341.2 2
1 3 757.6 1693.5 1
4 2 1109.8 2205.2 1
4 3 405.9 1727.1 2
0 1 230.4 628.8 1
9 3 755.4 1679.5 1
5 6 342.7 1014.5 1
4 9 846.2 2099.1 1
5 2 394.6 829.1 2
0 6 410.8 1597.8 1
1 9 1169.3 1745.0 1
9 3 550.5 1437.5 2
4 10 139.3 186.5 2
2 7 120.8 719.7 1
5 1 349.2 1189.9 1
3 10 225.6 1042.6 1
3 6 1100.1 1876.7 2
2 4 326.5 957.7 2
0 4 496.8 1289.5 2
0 8 935.9 1660.4 1
3 5 746.0 872.8 2
0 3 253.5 393.5 2
3 8 32.6 973.7 1
4 9 998.0 1986.9 2
3 10 391.7 1312.9 1
6 3 666.9 1896.9 2
7 3 1275.4 1810.6 1
6 10 741.6 1989.8 2
9 7 526.7 1440.6 2
0 6 363.7 875.2 1
6 5 714.4 1776.3 2
7 4 1009.7 2055.1 1
EOF
