NUM_STATIONS: 10
NUM_REQUESTS: 20
NUM_VEHICLES: 3
VEHICLE_CAPACITY: 1
DISTANCES
0 1 5.2
1 2 3.6
2 3 9.0
3 4 5.2
4 5 4.6
5 6 6.8
6 7 9.5
7 8 9.5
8 9 7.9
9 0 8.3
REQUEST_SECTION
3 5 130.2 267.2 1
5 3 117.3 235.2 1
0 4 50.6 231.2 1
0 7 132.6 309.6 1
0 5 161.2 245.9 1
3 5 89.2 166.1 1
2 7 194.6 285.5 1
4 5 73.7 182.5 1
7 10 169.3 301.9 1
4 5 139.2 213.9 1
9 5 11.0 196.1 1
5 8 204.9 354.0 1
0 8 93.8 259.0 1
4 5 108.8 226.3 1
1 9 155.4 335.4 1
7 8 113.6 254.9 1
1 3 190.3 320.0 1
1 8 189.0 296.8 1
6 3 80.8 241.2 1
6 7 223.6 362.8 1
EOF
