NUM_STATIONS: 10
NUM_REQUESTS: 40
NUM_VEHICLES: 3
VEHICLE_CAPACITY: 4
DISTANCES
0 1 2.8
1 2 2.9
2 3 8.4
3 4 7.3
4 5 6.1
5 6 1.6
6 7 8.4
7 8 7.7
8 9 3.2
9 0 1.5
REQUEST_SECTION
4 8 162.9 306.4 4
3 10 221.6 394.7 2
6 4 47.0 153.2 4
1 6 77.7 200.4 4
0 4 160.2 259.1 2
5 3 190.9 420.4 2
6 9 75.6 227.3 4
1 10 113.0 409.4 2
1 9 152.3 410.2 2
0 6 14.0 249.1 3
6 9 11.9 131.1 2
5 6 232.0 310.5 4
9 3 27.3 92.8 1
6 2 40.1 137.2 3
9 3 10.0 176.6 2
0 2 94.1 185.0 1
9 5 116.7 276.0 4
7 4 188.2 485.4 2
1 5 152.2 352.0 3
5 4 21.3 266.0 2
8 5 48.4 128.4 3
7 6 84.3 317.9 1
4 1 189.0 343.5 1
4 10 153.7 433.7 3
7 5 121.5 248.1 1
1 10 226.4 434.3 3
3 5 58.3 241.4 2
2 5 135.7 345.2 2
6 8 221.1 347.7 3
4 7 191.1 269.3 4
9 1 185.7 437.1 3
6 3 78.6 250.0 1
8 9 10.4 117.1 1
6 3 109.5 172.7 4
5 2 72.6 212.3 1
8 5 59.0 249.1 1
7 9 150.0 272.2 3
5 4 182.1 387.1 3
0 2 153.9 251.2 1
2 4 147.2 237.6 3
EOF
