NUM_STATIONS: 10
NUM_REQUESTS: 20
NUM_VEHICLES: 3
VEHICLE_CAPACITY: 1
DISTANCES
0 1 6.6
1 2 8.7
2 3 5.9
3 4 9.0
4 5 3.2
5 6 7.2
6 7 4.7
7 8 8.2
8 9 3.5
9 0 6.8
REQUEST_SECTION
3 5 158.0 352.0 1
1 7 173.7 299.3 1
4 5 160.0 311.8 1
0 6 128.5 223.9 1
1 7 74.3 141.5 1
6 7 74.0 247.2 1
0 8 39.4 143.6 1
1 4 111.8 214.8 1
0 5 17.8 119.2 1
6 1 63.0 209.8 1
0 8 57.1 177.6 1
8 2 175.7 326.1 1
8 2 115.6 336.6 1
4 1 29.4 142.8 1
4 7 42.4 248.3 1
5 10 111.2 285.8 1
7 3 197.6 358.5 1
6 2 6.0 80.4 1
0 8 113.4 248.8 1
5 8 16.9 175.6 1
EOF
