NUM_STATIONS: 10
NUM_REQUESTS: 20
NUM_VEHICLES: 2
VEHICLE_CAPACITY: 8
DISTANCES
0 1 8.3
1 2 2.5
2 3 8.9
3 4 6.4
4 5 8.5
5 6 5.9
6 7 7.6
7 8 9.1
8 9 7.1
9 0 6.5
REQUEST_SECTION
4 1 139.9 320.7 6
9 3 203.7 385.7 4
9 10 7.1 243.9 5
7 2 205.1 303.7 7
9 1 152.0 331.9 1
4 2 145.8 280.3 4
1 10 182.5 388.2 3
1 5 125.6 196.5 5
5 7 225.0 333.8 5
6 7 192.6 418.9 6
2 1 143.6 387.1 2
0 3 12.0 124.9 5
8 5 181.7 314.1 2
0 6 240.5 447.5 3
3 2 196.9 356.0 3
1 2 53.0 266.8 1
0 9 83.1 311.3 7
2 5 154.2 382.0 7
2 1 92.8 315.9 2
9 8 249.9 341.9 3
EOF
