NUM_STATIONS: 10
NUM_REQUESTS: 20
NUM_VEHICLES: 1
VEHICLE_CAPACITY: 8
DISTANCES
0 1 5.2
1 2 3.6
2 3 9.0
3 4 5.2
4 5 4.6
5 6 6.8
6 7 9.5
7 8 9.5
8 9 7.9
9 0 8.3
REQUEST_SECTION
3 5 67.8 656.6 4
5 3 396.6 565.3 8
0 4 246.8 368.6 2
0 7 489.1 664.5 7
0 5 558.6 698.5 1
3 5 660.7 1228.3 3
2 7 315.8 560.7 1
4 5 191.3 267.2 2
7 10 491.8 924.5 7
4 5 445.3 613.7 3
9 5 381.9 701.3 1
5 8 47.4 354.9 6
0 8 306.2 739.0 6
4 5 594.8 898.4 3
1 9 285.4 844.9 7
7 8 476.5 666.8 3
1 3 277.8 598.3 7
1 8 663.5 977.5 7
6 3 260.4 358.7 4
6 7 43.2 454.1 5
EOF
