NUM_STATIONS: 10
NUM_REQUESTS: 40
NUM_VEHICLES: 2
VEHICLE_CAPACITY: 2
DISTANCES
0 1 5.8
1 2 5.9
2 3 5.5
3 4 4.6
4 5 6.6
5 6 8.5
6 7 2.2
7 8 4.0
8 9 2.7
9 0 5.9
REQUEST_SECTION
5 3 91.2 210.5 1
6 3 59.5 438.7 2
4 5 126.8 326.4 1
3 7 272.5 644.4 2
8 3 25.6 232.6 2
2 5 34.8 429.7 2
2 8 226.4 548.1 2
4 7 322.0 461.6 2
9 1 194.5 329.9 1
2 4 65.8 266.5 1
1 10 357.5 419.2 2
7 2 104.2 259.7 2
5 4 165.5 587.7 2
2 8 163.5 273.8 1
2 5 88.6 435.0 1
8 3 266.8 470.6 2
6 2 54.6 430.4 2
9 5 333.5 448.0 1
5 8 200.2 265.0 1
6 9 63.3 487.7 1
3 2 315.7 592.4 1
7 2 232.6 368.8 2
3 5 367.5 675.4 1
9 2 133.9 467.2 2
9 5 28.9 341.9 1
5 3 36.2 177.8 2
5 9 379.0 704.3 1
1 9 296.9 707.3 1
0 4 274.2 420.8 1
3 5 191.2 296.2 2
8 7 240.6 553.1 2
3 4 101.2 156.3 1
7 2 191.3 461.8 2
9 8 55.7 271.8 2
4 6 329.0 505.5 1
2 3 202.1 635.0 2
2 9 63.5 185.0 1
3 1 73.7 241.1 2
4 2 42.5 137.4 2
3 8 298.5 500.9 1
EOF
