NUM_STATIONS: 10
NUM_REQUESTS: 160
NUM_VEHICLES: 1
VEHICLE_CAPACITY: 4
DISTANCES
0 1 3.6
1 2 7.3
2 3 7.4
3 4 1.6
4 5 9.1
5 6 1.1
6 7 5.1
7 8 5.3
8 9 9.0
9 0 2.6
REQUEST_SECTION
0 6 899.0 2131.0 2
6 7 2402.9 2646.7 2
7 6 959.1 1531.8 1
0 1 3737.6 4510.3 4
4 3 3551.3 4073.5 4
6 10 2292.9 3120.9 2
5 2 2470.8 2865.2 2
1 3 1501.2 3015.5 3
0 6 1662.9 2033.6 4
6 1 3413.6 3688.4 4
4 5 2894.1 3281.2 4
6 2 3351.6 3571.5 4
3 4 491.4 1461.1 1
3 4 2145.5 3586.3 4
7 9 527.2 1383.8 4
9 3 19.1 1052.7 4
9 7 283.6 2208.1 2
4 8 1003.4 1336.3 1
3 7 3924.6 5549.0 3
2 3 302.6 379.3 3
0 7 1846.3 2017.0 1
1 5 224.4 1043.3 1
8 2 2179.9 2777.7 1
5 3 2006.9 3866.2 4
5 9 93.6 1838.2 1
1 6 2422.4 3793.3 2
1 6 2647.4 4658.9 2
4 2 1042.2 2490.0 1
5 3 3209.0 4612.4 3
4 7 1039.3 2973.8 4
6 5 2271.9 3155.6 1
3 7 1046.8 2445.0 1
5 3 2146.0 3337.5 4
4 9 2774.3 4424.3 2
2 6 1261.5 1406.4 3
8 4 2620.5 3341.2 4
0 3 3382.2 4421.6 1
8 9 351.4 2413.9 1
9 5 556.1 2445.6 2
5 7 1446.3 3326.4 2
1 5 3647.0 4770.6 2
6 8 176.8 1360.3 1
3 8 3999.7 6025.5 3
8 5 3663.5 3946.3 3
3 10 2810.9 4163.2 3
8 7 333.9 1740.1 1
9 4 125.6 995.9 1
6 2 4123.0 4287.5 1
9 7 569.2 636.1 1
0 8 2558.0 4556.3 2
3 9 3013.9 3424.6 2
7 10 2805.8 3223.8 2
7 3 2013.2 2336.2 1
4 1 3822.1 5089.6 2
1 3 1664.2 2450.7 1
4 9 853.8 1401.8 1
6 7 2812.3 3562.6 3
3 9 994.5 3117.4 3
1 5 1899.6 2065.0 1
9 7 1304.1 2963.4 3
4 8 12.9 278.5 4
7 10 198.0 324.1 2
2 9 1877.7 1988.0 2
8 1 1982.9 2371.0 3
1 7 3359.3 5361.5 4
8 5 1601.1 3723.0 1
7 3 1581.8 3379.5 2
3 5 1468.4 2336.6 2
0 5 1134.4 2950.4 2
9 4 1461.0 1635.2 2
5 8 289.8 1740.8 1
9 8 1394.4 2214.8 3
6 9 1801.4 2904.4 1
8 1 3051.1 4226.7 3
6 7 2928.0 4647.3 4
6 1 912.0 2863.1 2
3 5 889.1 2990.5 1
4 7 3021.4 4326.2 2
6 3 1856.4 3217.4 2
4 5 38.9 785.2 2
0 1 2769.4 3089.6 2
8 5 3372.4 4895.3 1
3 4 997.7 1869.1 1
2 6 3530.2 5013.8 4
9 4 1134.8 2410.4 3
6 8 3042.1 4414.7 1
6 2 2850.1 3903.3 1
7 2 181.5 1458.1 3
1 8 1819.7 2715.6 1
9 5 2561.5 2920.8 1
6 2 203.8 1007.0 2
1 5 1202.1 2720.1 2
5 4 143.3 832.3 1
8 10 869.9 1508.0 4
3 6 1839.3 2227.1 3
5 2 3834.4 5645.5 4
6 3 593.6 1810.8 3
4 6 1015.4 1568.3 3
5 7 196.5 2039.7 4
2 3 1498.2 2978.8 2
4 9 3579.4 4638.3 2
4 1 3832.9 5861.5 4
5 6 2300.9 2527.4 3
5 10 2823.8 3123.4 4
8 9 1067.5 2328.0 1
3 5 2144.8 2595.6 3
3 8 2660.3 3928.9 3
7 8 1019.4 1543.3 1
4 8 2020.1 2660.1 3
1 6 577.4 1522.0 3
3 9 2689.2 3290.5 1
0 8 2314.6 4182.4 1
0 5 3984.3 4745.2 1
1 8 2442.2 2855.5 3
3 6 1380.6 3312.6 4
7 1 556.2 2526.8 1
7 1 2845.5 4604.1 2
4 1 1322.8 1480.8 2
1 2 3229.9 4206.8 3
8 5 2513.8 2772.8 2
6 4 3103.1 4667.7 4
3 6 2459.6 3444.5 4
2 8 1586.9 3653.5 1
6 1 3521.9 4549.8 4
6 10 3575.9 4195.1 1
0 2 2835.0 4545.3 2
0 1 171.8 683.1 1
3 9 1284.1 2380.9 4
2 8 359.2 1977.4 1
4 5 1057.9 2121.8 4
1 5 1655.4 3476.1 2
4 2 1836.5 3614.2 4
1 3 2850.9 2962.7 3
1 3 3587.2 4486.4 1
6 1 945.4 1354.5 4
8 9 939.6 2176.4 3
7 6 114.2 1616.5 1
1 7 2203.8 2458.8 3
6 1 4087.1 5516.2 4
4 6 3634.1 4344.5 1
3 9 3043.1 4752.6 4
2 9 2191.3 3370.6 4
6 9 1684.6 3775.7 1
2 4 2495.9 4069.1 4
9 6 3405.3 3915.9 3
1 6 853.7 2076.2 4
3 2 1393.5 2866.6 4
4 1 2419.7 4041.3 3
8 9 325.2 1872.3 3
4 3 12.3 1887.8 4
7 5 2387.1 3569.7 1
3 5 4101.6 5129.6 3
6 7 2194.2 3288.6 3
9 5 2297.5 3883.6 3
6 5 3802.7 4854.5 2
3 8 593.2 1831.6 3
4 9 4012.7 5151.1 1
4 10 3781.3 4318.0 4
6 8 1163.6 1485.2 4
3 1 3651.9 4645.9 4
EOF
