NUM_STATIONS: 10
NUM_REQUESTS: 40
NUM_VEHICLES: 2
VEHICLE_CAPACITY: 8
DISTANCES
0 1 2.8
1 2 2.9
2 3 8.4
3 4 7.3
4 5 6.1
5 6 1.6
6 7 8.4
7 8 7.7
8 9 3.2
9 0 1.5
REQUEST_SECTION
4 8 137.6 216.2 4
3 10 280.2 496.3 1
6 4 247.2 454.5 6
1 6 347.1 539.7 4
0 4 383.9 455.9 8
5 3 362.9 546.1 2
6 9 453.0 504.1 5
1 10 379.1 621.7 8
1 9 82.2 229.0 1
0 6 477.8 703.6 5
6 9 22.5 305.0 7
5 6 53.8 327.3 2
9 3 296.3 542.4 6
6 2 203.8 327.9 1
9 3 401.3 688.7 5
0 2 208.0 270.8 4
9 5 154.3 411.8 7
7 4 264.1 479.3 8
1 5 6.6 294.6 7
5 4 461.6 709.6 3
8 5 409.6 563.5 5
7 6 185.4 355.9 5
4 1 61.4 127.9 3
4 10 394.0 457.0 8
7 5 86.5 376.6 8
1 10 3.9 178.0 2
3 5 25.6 113.1 5
2 5 286.9 498.4 7
6 8 165.0 277.1 1
4 7 42.3 303.2 5
9 1 66.1 350.7 8
6 3 432.4 599.2 6
8 9 351.8 611.0 1
6 3 249.7 310.1 3
5 2 101.4 349.1 4
8 5 6.7 117.3 7
7 9 398.0 487.7 2
5 4 102.0 294.3 4
0 2 402.6 468.0 8
2 4 489.4 778.1 1
EOF
