NUM_STATIONS: 10
NUM_REQUESTS: 160
NUM_VEHICLES: 2
VEHICLE_CAPACITY: 4
DISTANCES
0 1 7.9
1 2 8.7
2 3 5.6
3 4 8.4
4 5 6.3
5 6 1.2
6 7 4.8
7 8 8.8
8 9 1.4
9 0 2.6
REQUEST_SECTION
0 1 1522.8 2326.2 1
7 1 1369.4 1427.6 1
6 4 786.8 1456.5 2
1 3 173.1 404.6 2
3 4 1643.0 2711.4 1
6 5 927.7 1266.8 1
7 4 593.1 1158.1 1
2 1 1629.6 2207.5 2
6 2 740.1 1363.3 3
1 2 211.5 826.4 4
1 6 1196.0 2314.7 3
5 4 1463.6 1640.3 3
4 2 165.9 322.7 4
8 6 663.3 1227.3 4
6 7 1436.7 2064.4 1
7 1 1015.1 1724.7 4
6 5 798.6 1869.3 2
0 8 315.8 1088.6 3
9 7 1581.8 1944.3 1
7 3 112.7 176.3 2
5 6 582.5 1369.2 2
1 10 227.9 1096.6 4
9 4 1087.5 1629.4 1
0 1 815.2 1126.0 3
3 5 1541.0 1855.2 3
8 7 921.4 1856.5 2
3 8 584.8 707.9 4
0 1 812.8 1519.7 4
7 2 87.4 729.2 2
4 6 47.3 514.3 3
1 9 721.7 1371.8 4
1 7 1511.2 1840.6 4
7 10 496.2 1228.2 1
4 6 8.6 826.7 1
7 5 1360.1 1836.5 1
8 1 1491.5 2479.6 1
2 8 283.8 713.2 4
3 10 1662.6 2601.6 3
7 8 450.4 1228.1 2
7 10 369.1 852.0 1
3 7 734.7 1736.8 1
9 10 1188.7 1348.9 2
5 2 1097.2 1850.1 1
7 1 462.1 733.6 2
1 10 1352.4 2407.0 4
9 10 1350.2 2510.4 4
3 4 1063.3 1153.1 4
9 10 1201.3 2109.8 2
5 6 1380.7 1971.4 3
1 4 741.5 870.3 1
1 3 1644.3 2222.3 2
8 2 439.2 841.4 2
2 7 608.4 1543.7 3
8 1 668.1 1395.2 4
3 6 130.4 560.3 3
6 7 934.3 2100.9 1
4 9 870.6 1906.7 2
3 5 1609.3 2573.5 1
5 6 1116.8 2168.9 3
9 5 1061.9 1661.9 3
4 10 461.1 602.2 2
0 4 493.4 1229.8 1
9 10 849.4 1732.3 4
1 7 1461.1 2515.1 3
8 6 1255.8 1942.0 2
2 8 852.7 1174.8 2
5 1 1596.8 2093.8 2
9 1 1656.1 2506.7 1
8 4 702.5 918.2 3
6 4 284.9 1088.5 4
3 5 207.9 485.8 3
7 1 1641.8 2642.2 4
0 7 178.2 896.2 3
5 9 718.9 830.6 3
1 9 1159.3 1531.7 4
4 1 862.3 1283.1 3
9 3 198.4 992.2 2
8 5 897.4 1017.7 2
6 10 1592.1 2537.3 3
7 1 1214.6 2147.5 1
3 10 605.6 760.2 1
6 8 1530.5 2188.7 3
5 8 317.8 504.7 1
9 8 1487.4 1901.4 3
7 4 1296.1 2111.9 2
0 4 918.5 1241.3 4
2 9 22.5 376.6 2
0 7 1573.6 2523.2 2
0 4 1553.0 2601.2 3
1 6 1470.4 2604.6 2
0 6 1155.7 1504.8 3
0 5 520.1 855.9 1
7 1 231.7 1228.4 3
1 3 1572.3 1715.0 1
3 8 196.8 916.4 3
7 2 67.6 530.4 3
6 2 1550.1 1982.6 3
8 9 1589.7 2276.4 4
0 3 815.8 1516.5 1
2 7 1087.7 2015.2 1
6 1 314.4 1174.7 2
8 9 131.0 913.5 1
6 4 471.0 1390.7 1
0 4 1225.5 1491.7 1
7 3 1481.3 1724.4 3
6 4 995.7 1256.8 3
3 8 1079.7 1383.2 2
9 7 1217.5 2228.0 3
3 1 1080.1 1453.1 1
2 8 251.3 1096.0 2
3 2 1290.4 2098.5 4
1 10 1443.2 2285.6 1
8 5 113.5 774.3 3
1 8 605.9 1270.3 2
1 10 604.1 1312.1 2
8 10 1196.7 1794.9 4
6 8 191.6 791.7 2
3 6 789.4 1660.7 4
8 9 1291.0 1387.3 1
2 7 626.6 877.1 2
0 7 697.0 979.5 4
6 2 425.9 635.7 3
3 1 1574.2 2021.5 2
5 8 1110.2 1358.1 1
4 6 1398.6 2558.6 2
5 3 1540.3 2320.8 3
6 1 1132.0 1849.4 1
2 9 670.2 1183.5 1
1 10 224.5 1111.9 4
0 5 378.0 1237.1 2
1 5 686.5 1499.8 3
7 6 259.3 1368.0 1
1 6 139.4 1298.6 4
5 10 828.1 1056.2 2
4 10 16.4 429.6 1
7 8 801.4 1012.9 2
5 7 1465.2 1549.3 1
5 8 1339.6 1914.1 1
3 8 1235.2 1863.8 1
6 8 133.1 226.6 1
7 1 276.5 545.3 2
9 6 1664.2 2443.2 3
1 10 1612.5 2561.8 4
1 5 1491.6 2640.8 3
1 9 969.8 1784.2 2
4 6 1375.9 2229.0 3
7 6 1169.0 1242.3 2
6 9 902.2 1137.4 2
7 2 117.0 1168.8 1
5 7 1397.0 2372.9 4
7 10 962.5 1829.2 2
3 8 218.4 331.3 1
1 3 1522.7 2458.0 2
2 8 538.8 1011.4 2
4 2 581.4 774.1 2
5 8 1463.5 2029.5 3
4 2 1207.5 1496.6 3
4 2 1631.0 2649.3 2
9 8 851.9 1483.9 2
0 9 810.0 1082.8 1
EOF
