NUM_STATIONS: 10
NUM_REQUESTS: 80
NUM_VEHICLES: 2
VEHICLE_CAPACITY: 4
DISTANCES
0 1 9.9
1 2 5.8
2 3 2.8
3 4 4.2
4 5 8.2
5 6 9.6
6 7 7.3
7 8 4.0
8 9 8.9
9 0 4.1
REQUEST_SECTION
8 2 248.3 796.7 1
3 8 43.4 404.1 2
0 4 455.9 707.0 4
4 8 708.8 1362.4 3
7 10 138.5 784.4 3
4 1 524.4 895.8 2
1 9 371.5 875.6 2
3 6 561.0 1166.6 4
5 9 676.9 941.5 4
9 5 628.6 1271.0 2
1 7 194.1 877.3 2
7 3 41.9 217.4 4
9 7 4.7 419.9 3
1 6 846.7 1035.9 3
5 3 685.4 1002.1 2
0 4 224.9 557.0 3
7 1 324.0 914.0 2
0 4 617.1 1120.0 3
2 9 231.3 408.5 4
0 6 301.5 755.9 2
0 9 534.9 623.9 4
4 10 389.4 1080.8 3
2 5 140.7 513.9 3
1 10 798.8 1057.6 4
7 10 576.6 1202.6 2
2 10 508.4 789.0 3
3 8 316.5 472.4 1
5 8 740.6 941.1 2
6 8 752.9 877.8 3
6 5 53.6 208.1 3
5 10 5.5 566.2 2
2 8 899.4 983.5 4
8 9 275.7 700.1 1
2 7 233.9 466.0 4
4 6 309.1 588.1 1
5 8 443.0 935.7 3
9 8 720.5 1330.5 3
3 1 855.7 1459.0 1
3 4 750.4 919.5 1
2 6 99.2 373.9 4
4 9 112.8 752.8 1
7 5 310.6 484.0 3
6 4 220.3 528.7 2
7 3 115.9 659.0 3
5 10 878.8 1507.9 1
3 8 269.4 455.1 1
9 6 445.6 892.4 4
5 1 292.8 925.1 4
8 4 814.3 1129.1 4
0 5 192.3 371.5 4
5 10 864.0 969.9 3
7 5 107.1 471.4 1
6 10 49.8 362.5 4
6 1 382.7 627.5 3
2 6 588.5 679.8 3
4 5 363.8 929.0 4
7 3 960.4 1551.3 3
0 4 641.8 1028.1 3
0 9 244.6 605.7 2
4 10 492.4 1086.5 2
2 1 868.3 1235.6 4
1 10 586.1 1040.5 1
0 7 847.4 1413.2 1
0 4 718.7 1133.8 1
2 6 285.1 993.4 1
6 8 376.7 932.0 3
7 9 298.3 451.2 3
0 1 310.1 438.2 2
3 6 231.4 619.5 2
5 1 126.5 333.2 3
1 8 260.0 712.3 4
7 5 146.3 738.3 3
3 2 662.3 1243.4 4
2 5 633.8 1320.6 2
4 2 601.0 1039.8 1
7 10 816.2 1470.4 3
3 7 820.8 1321.5 4
4 6 783.1 1190.2 1
1 2 16.5 298.1 4
1 8 594.8 1060.3 2
EOF
