NUM_STATIONS: 10
NUM_REQUESTS: 160
NUM_VEHICLES: 2
VEHICLE_CAPACITY: 8
DISTANCES
0 1 3.3
1 2 8.6
2 3 9.8
3 4 4.8
4 5 3.7
5 6 5.0
6 7 1.8
7 8 2.0
8 9 1.3
9 0 2.7
REQUEST_SECTION
9 3 795.0 1186.7 3
8 4 1239.3 2458.3 1
4 8 1165.7 2370.0 5
6 3 943.9 1680.4 8
8 2 1092.2 1253.5 2
7 2 281.4 465.3 8
8 1 1512.4 2772.7 1
6 4 781.3 1790.7 2
7 2 192.1 1069.6 2
2 6 1026.2 1491.4 1
3 7 190.9 535.9 4
8 4 1354.0 2449.3 6
0 8 1233.5 1713.9 2
8 10 268.6 617.9 7
8 2 370.9 1275.0 8
4 2 806.8 983.7 2
3 5 53.9 708.5 2
5 7 1444.6 2766.0 5
3 7 345.9 1449.0 7
7 4 62.2 399.6 5
6 7 795.8 2051.2 4
3 7 964.9 1249.3 7
5 2 683.9 1255.8 6
4 7 392.6 857.5 7
3 5 902.4 1578.0 5
1 3 449.9 1011.2 7
9 10 1317.6 1848.5 6
3 6 1205.7 2440.4 1
3 7 302.5 1169.1 5
7 10 341.0 922.9 7
8 9 561.2 1425.8 6
3 9 1469.8 2088.3 6
4 7 533.7 854.1 4
4 6 576.5 645.1 6
6 10 1190.6 1760.6 6
1 3 1352.6 1824.4 1
8 7 655.5 1352.1 6
8 10 1481.1 2084.4 5
2 1 1326.6 1615.1 5
5 1 648.8 1729.5 1
2 4 225.8 350.8 1
5 10 1445.3 2020.7 4
8 6 942.7 1448.4 6
5 2 847.4 1211.5 1
6 2 779.6 933.7 4
5 4 1667.0 2874.3 8
0 9 26.3 579.3 7
3 4 563.0 863.4 4
0 2 671.1 1329.7 2
9 7 834.5 1373.3 7
8 3 377.6 1357.8 2
1 4 1455.8 2769.2 1
3 1 405.7 1093.1 8
2 7 297.0 1355.1 6
3 10 773.6 1083.4 8
2 4 665.6 1980.0 2
5 8 1335.0 1449.2 3
8 1 887.1 1041.3 2
2 3 907.8 1207.9 2
6 8 585.6 1269.2 2
8 10 1141.5 1948.3 6
6 8 1669.9 2307.9 5
2 6 407.2 858.1 2
6 7 11.6 360.7 7
7 2 1525.1 2417.2 2
0 7 618.7 850.2 3
3 5 1487.6 2506.9 2
4 5 919.0 1586.6 5
5 2 690.9 790.2 7
5 4 642.2 1766.9 5
5 3 1548.8 1964.3 3
3 10 40.6 1149.2 5
6 7 1462.7 2231.6 3
2 9 413.1 1484.4 4
1 8 1395.6 2503.9 2
0 1 1208.3 1949.6 6
2 9 775.1 1447.7 1
9 5 823.4 1521.4 1
6 5 1685.9 2605.9 5
3 7 509.9 1317.6 2
7 1 1639.6 2404.8 4
3 2 1379.4 1436.7 4
2 7 1305.2 1842.5 5
1 8 771.1 1164.5 3
1 10 1352.5 2246.9 3
9 8 234.3 1356.5 4
7 8 1092.3 1357.2 7
2 7 565.0 1171.7 6
6 1 464.1 631.9 7
7 3 1286.0 2092.3 6
8 2 929.8 1081.2 3
2 6 560.4 1130.3 8
8 6 1689.2 2379.2 4
1 3 939.2 1140.1 8
9 5 473.1 1390.2 1
0 3 1521.6 2157.0 8
5 10 468.1 1012.3 5
7 3 767.4 1253.4 7
5 10 93.3 641.2 1
6 2 810.2 2076.4 4
6 8 1429.2 1848.2 4
8 5 1553.9 2481.8 6
0 2 322.6 1003.5 2
9 5 1087.1 1239.7 8
8 3 816.0 1580.7 8
4 9 969.7 1219.6 2
4 9 1512.6 2464.1 5
1 6 393.1 796.4 3
9 4 1665.0 2700.0 7
9 6 29.1 117.1 3
0 2 282.6 845.7 4
6 8 1279.6 1556.0 3
6 2 86.4 1103.4 6
2 6 1196.3 1457.1 5
6 3 1593.4 2253.3 5
7 3 1315.9 1725.3 4
3 9 869.9 1264.0 7
6 10 1569.4 2831.4 7
3 2 211.9 1293.7 4
9 1 936.7 1227.7 4
6 9 768.1 1165.5 3
4 9 1690.3 2825.9 3
3 9 62.4 551.1 8
8 5 1227.1 1902.5 3
4 5 1106.1 2226.9 8
0 4 867.9 1726.6 7
5 8 1257.1 2399.3 4
9 10 210.6 586.5 8
0 2 55.1 979.8 5
1 3 1280.0 1532.7 2
4 2 1038.1 1400.4 1
4 3 1337.3 1620.9 6
0 1 532.6 1026.7 4
9 3 299.8 1418.9 2
5 6 73.1 838.8 3
4 9 1637.8 2120.5 8
5 2 1192.0 2470.8 8
0 6 162.0 1064.8 5
1 9 400.9 1160.8 2
9 3 639.5 1376.6 1
4 10 1325.5 2208.1 7
2 7 718.7 2005.2 5
5 1 167.7 1418.1 2
3 10 935.5 1430.7 1
3 6 844.5 1658.9 2
2 4 970.7 1861.5 1
0 4 563.4 870.6 4
0 8 404.6 1387.1 4
3 5 473.1 1387.9 3
0 3 814.0 1150.3 1
3 8 985.2 1179.7 6
4 9 58.4 448.1 5
3 10 444.3 1450.3 6
6 3 1286.9 1689.0 2
7 3 1265.8 2339.2 1
6 10 114.1 253.7 2
9 7 1121.3 1898.5 3
0 6 1606.8 2594.9 2
6 5 688.9 1335.8 3
7 4 1419.6 1815.8 8
EOF
