NUM_STATIONS: 10
NUM_REQUESTS: 20
NUM_VEHICLES: 1
VEHICLE_CAPACITY: 1
DISTANCES
0 1 10.0
1 2 3.1
2 3 7.4
3 4 2.1
4 5 5.5
5 6 6.0
6 7 3.5
7 8 7.1
8 9 7.6
9 0 5.4
REQUEST_SECTION
4 9 130.4 282.6 1
8 3 242.7 334.6 1
4 3 53.1 243.0 1
5 2 306.0 426.3 1
7 5 416.4 526.9 1
3 6 212.1 306.4 1
9 4 192.8 389.4 1
5 4 325.5 603.5 1
7 6 157.8 380.9 1
5 4 124.5 196.6 1
6 8 347.0 476.1 1
3 1 309.6 399.7 1
3 10 100.7 376.1 1
8 9 465.3 675.8 1
8 3 282.6 458.5 1
3 2 95.5 177.6 1
0 3 30.9 259.1 1
1 3 162.2 483.7 1
7 5 342.8 473.0 1
8 7 230.8 414.0 1
EOF
