NUM_STATIONS: 10
NUM_REQUESTS: 40
NUM_VEHICLES: 2
VEHICLE_CAPACITY: 1
DISTANCES
0 1 3.4
1 2 6.2
2 3 7.9
3 4 7.1
4 5 5.2
5 6 1.5
6 7 5.2
7 8 1.2
8 9 5.0
9 0 2.1
REQUEST_SECTION
3 7 234.5 475.8 1
4 5 102.7 428.0 1
4 5 56.7 410.3 1
2 9 120.8 376.3 1
4 6 185.2 443.8 1
2 7 61.5 281.2 1
2 4 313.5 643.8 1
5 6 271.9 576.0 1
4 1 322.0 664.9 1
0 7 332.7 525.3 1
6 3 11.9 154.6 1
0 2 104.6 367.0 1
9 3 218.8 425.7 1
7 6 103.4 435.0 1
7 5 242.1 415.8 1
3 7 252.9 510.8 1
4 2 112.6 411.6 1
0 9 250.8 305.9 1
2 3 287.2 520.4 1
2 9 261.7 634.9 1
0 4 249.5 325.7 1
2 10 142.0 477.7 1
2 6 8.7 123.1 1
8 4 270.4 561.3 1
3 7 273.1 447.2 1
0 1 176.9 272.5 1
7 1 261.7 622.2 1
8 4 55.4 209.5 1
0 3 331.3 423.8 1
9 7 12.9 203.8 1
0 4 334.1 556.0 1
7 2 126.2 422.0 1
8 6 213.2 327.7 1
4 10 185.4 412.5 1
9 6 122.1 306.3 1
1 5 181.2 351.6 1
4 2 204.3 285.9 1
3 5 81.4 360.0 1
9 7 1.0 344.9 1
5 7 288.0 467.3 1
EOF
