NUM_STATIONS: 10
NUM_REQUESTS: 80
NUM_VEHICLES: 2
VEHICLE_CAPACITY: 2
DISTANCES
0 1 5.3
1 2 5.1
2 3 4.1
3 4 5.8
4 5 8.8
5 6 4.0
6 7 7.4
7 8 2.6
8 9 6.4
9 0 5.7
REQUEST_SECTION
7 4 555.8 1084.2 1
7 1 8.0 121.9 1
9 2 763.2 1064.6 1
2 9 614.9 751.7 2
6 10 212.0 861.2 1
0 9 186.7 583.5 2
6 8 42.1 153.0 1
2 3 120.4 411.8 1
4 7 795.4 1241.2 2
1 4 263.8 444.5 1
5 9 441.3 711.7 2
7 1 349.0 843.8 2
5 3 50.5 492.2 2
4 10 52.8 881.6 1
0 1 416.9 669.5 1
8 9 188.6 790.2 1
8 2 598.1 860.9 1
8 4 511.3 1299.0 2
1 5 670.3 1414.3 2
5 3 770.2 1632.0 2
8 2 672.4 1494.3 1
3 6 492.2 870.9 2
5 4 512.0 1024.6 2
7 9 824.7 980.1 1
3 5 241.6 1065.4 1
7 8 618.6 703.0 2
0 8 523.4 1334.9 2
9 2 816.4 929.7 1
1 6 210.9 1019.4 2
4 7 241.4 832.3 1
0 7 779.1 1579.8 1
5 7 157.8 412.9 1
4 7 489.7 1179.3 1
1 6 694.5 1149.4 2
0 9 411.3 917.0 1
8 9 724.1 1387.2 1
2 5 227.2 926.6 1
1 10 807.2 1289.1 2
3 2 168.1 744.1 1
9 6 144.8 775.7 2
7 8 216.5 1001.8 2
6 8 365.5 1139.9 2
6 3 533.1 1026.9 1
0 6 479.9 1198.7 1
1 6 32.1 142.3 1
0 7 787.3 1147.6 2
6 3 359.9 550.5 1
3 2 66.5 848.5 2
8 10 640.6 1425.8 2
6 3 530.6 760.2 2
9 8 154.1 269.1 2
1 6 749.5 1330.2 2
3 2 93.0 235.3 1
2 5 104.3 795.5 1
6 1 88.3 666.4 2
9 4 760.4 1253.5 1
7 9 471.8 927.5 2
1 2 161.4 648.0 1
8 4 186.5 561.8 2
3 7 503.0 1182.6 1
1 8 485.5 1080.6 1
3 5 108.2 242.9 2
6 4 198.4 665.9 1
5 9 594.2 944.8 2
4 3 144.4 316.0 1
1 8 534.4 960.0 2
0 9 815.3 1148.2 2
9 5 422.3 863.6 1
2 9 170.1 652.7 2
6 2 376.2 567.6 2
9 1 446.9 649.0 2
9 3 524.6 1132.0 1
5 2 268.8 874.4 1
8 10 379.1 1165.9 1
3 7 774.6 868.3 1
7 5 526.1 980.9 1
0 5 400.0 601.0 1
6 1 467.7 1231.2 2
7 1 430.3 1035.1 2
3 9 71.3 943.5 1
EOF
