NUM_STATIONS: 10
NUM_REQUESTS: 80
NUM_VEHICLES: 2
VEHICLE_CAPACITY: 4
DISTANCES
0 1 8.0
1 2 8.3
2 3 3.5
3 4 6.0
4 5 1.1
5 6 2.5
6 7 5.2
7 8 7.5
8 9 5.8
9 0 8.4
REQUEST_SECTION
9 3 803.4 1344.9 2
9 7 518.0 977.0 1
9 1 389.6 656.3 4
2 6 555.5 868.2 3
5 4 263.2 792.9 1
6 5 511.8 1049.6 4
3 2 751.1 1237.5 3
6 2 815.4 1049.8 1
0 9 640.8 1013.1 4
3 8 91.6 682.2 2
1 2 709.2 1244.3 1
9 2 336.6 600.3 3
4 3 538.1 714.9 3
3 8 371.5 644.5 2
8 3 413.8 657.7 3
8 5 792.7 1360.9 4
8 5 341.3 683.9 1
0 3 769.8 1152.6 3
7 10 340.3 704.4 4
2 10 390.8 579.3 3
7 9 25.7 553.7 2
6 5 67.0 177.0 1
4 8 297.1 553.2 4
6 10 493.3 557.3 3
3 4 71.9 355.2 3
9 5 502.8 1107.9 2
7 6 52.9 280.1 1
9 7 633.4 1169.4 4
5 9 502.6 564.0 3
5 7 95.2 644.7 2
6 1 182.3 797.1 2
7 4 280.6 844.0 4
2 8 230.3 709.9 4
9 1 200.5 322.7 3
4 1 464.4 593.5 1
5 6 779.2 1315.5 3
0 9 178.0 412.5 3
8 2 820.8 993.8 4
6 3 349.5 552.4 3
6 9 461.4 609.1 4
9 7 530.7 649.6 1
2 8 533.8 1134.9 3
6 8 516.9 913.0 2
5 2 22.3 553.6 4
4 6 649.9 1237.3 2
4 9 598.4 1124.5 4
4 9 742.9 1360.6 3
9 8 172.6 607.7 3
6 4 462.4 779.5 2
8 6 530.8 834.1 4
4 3 709.8 992.3 1
9 10 202.2 352.2 4
8 7 21.1 135.1 2
7 1 760.3 846.8 2
1 3 663.2 1251.2 1
6 3 601.1 742.6 1
8 3 276.9 731.4 1
4 6 506.1 565.0 2
6 9 98.5 690.9 3
9 4 623.7 840.7 1
7 8 67.2 460.9 4
6 3 569.0 983.9 4
7 5 679.5 1281.8 1
9 3 701.0 965.7 1
1 9 813.2 1028.8 2
8 1 23.0 603.6 2
9 8 583.3 756.3 2
9 7 589.3 1094.6 1
6 7 409.0 751.5 3
5 9 726.6 990.0 4
1 5 843.0 1125.9 4
8 6 624.1 1228.7 2
2 1 470.3 1043.0 2
1 7 188.5 316.1 3
4 6 738.6 1106.3 2
0 3 346.8 441.5 3
1 10 820.9 1433.0 2
7 8 228.4 406.4 4
9 6 274.3 612.9 4
3 10 184.8 764.0 1
EOF
