NUM_STATIONS: 10
NUM_REQUESTS: 80
NUM_VEHICLES: 1
VEHICLE_CAPACITY: 2
DISTANCES
0 1 5.3
1 2 5.1
2 3 4.1
3 4 5.8
4 5 8.8
5 6 4.0
6 7 7.4
7 8 2.6
8 9 6.4
9 0 5.7
REQUEST_SECTION
7 4 689.7 1662.6 2
7 1 805.0 1470.7 1
9 2 2070.3 2678.4 2
2 9 952.4 2077.6 2
6 10 706.4 765.7 2
0 9 820.0 1631.2 2
6 8 2126.1 2758.7 1
2 3 2161.5 3040.6 2
4 7 2010.7 3043.6 2
1 4 1015.8 1102.7 2
5 9 1354.7 1446.4 1
7 1 1354.5 2247.0 1
5 3 2099.8 2249.5 2
4 10 565.3 1094.8 2
0 1 381.1 1186.6 1
8 9 1904.8 3005.1 1
8 2 31.5 854.7 1
8 4 23.7 611.7 1
1 5 1809.1 1920.8 2
5 3 1310.3 2336.8 2
8 2 2008.5 2852.1 1
3 6 923.6 1059.3 1
5 4 2175.1 2906.9 2
7 9 288.4 748.2 2
3 5 1907.6 2566.0 2
7 8 140.5 253.0 1
0 8 699.7 1648.3 1
9 2 30.9 297.7 1
1 6 629.5 1408.4 1
4 7 1051.1 1154.8 1
0 7 603.2 944.0 2
5 7 836.4 1976.3 1
4 7 395.3 820.1 2
1 6 1841.2 2301.4 2
0 9 786.3 935.3 1
8 9 2118.1 2398.8 2
2 5 418.0 1130.0 2
1 10 607.4 759.8 2
3 2 2101.5 2576.7 1
9 6 1587.5 1922.4 1
7 8 559.5 828.5 2
6 8 1836.4 2103.5 1
6 3 1787.1 2710.4 2
0 6 218.1 1062.7 1
1 6 1958.4 2861.0 2
0 7 30.9 1066.3 2
6 3 289.9 566.7 1
3 2 1979.0 2829.7 2
8 10 224.4 409.6 1
6 3 2158.3 2256.9 2
9 8 654.3 1373.5 1
1 6 1729.0 2261.4 2
3 2 2035.8 2736.2 1
2 5 813.9 1637.9 2
6 1 477.4 554.3 1
9 4 918.7 1699.5 1
7 9 1262.5 1965.5 2
1 2 1625.5 2560.6 2
8 4 659.6 1380.3 2
3 7 441.1 1149.3 1
1 8 520.1 855.1 2
3 5 1372.8 2474.9 1
6 4 112.9 1095.8 2
5 9 1465.9 2267.7 2
4 3 1059.3 1331.0 2
1 8 523.8 979.0 1
0 9 656.6 1686.5 1
9 5 1042.4 1749.9 2
2 9 641.3 1144.0 2
6 2 1728.7 2775.0 2
9 1 74.0 135.0 2
9 3 93.4 550.2 2
5 2 1599.3 1953.9 1
8 10 880.9 1213.2 2
3 7 1964.0 2217.9 2
7 5 1771.6 2499.9 2
0 5 453.8 1306.0 1
6 1 1580.0 1897.6 1
7 1 537.3 1472.7 1
3 9 179.2 1225.4 1
EOF
