NUM_STATIONS: 10
NUM_REQUESTS: 20
NUM_VEHICLES: 2
VEHICLE_CAPACITY: 2
DISTANCES
0 1 5.2
1 2 3.6
2 3 9.0
3 4 5.2
4 5 4.6
5 6 6.8
6 7 9.5
7 8 9.5
8 9 7.9
9 0 8.3
REQUEST_SECTION
3 5 153.3 379.8 1
5 3 42.7 191.8 2
0 4 185.0 318.3 1
0 7 110.2 304.9 2
0 5 140.0 246.7 1
3 5 35.1 152.0 2
2 7 130.4 264.2 1
4 5 183.1 423.7 2
7 10 99.2 256.5 2
4 5 188.6 366.8 1
9 5 157.1 271.7 2
5 8 327.4 426.2 1
0 8 143.8 239.1 1
4 5 96.9 191.8 1
1 9 167.0 243.7 2
7 8 20.2 128.8 2
1 3 214.8 393.4 1
1 8 331.0 516.8 1
6 3 244.1 448.8 1
6 7 119.2 332.4 2
EOF
