NUM_STATIONS: 10
NUM_REQUESTS: 20
NUM_VEHICLES: 1
VEHICLE_CAPACITY: 4
DISTANCES
0 1 6.6
1 2 8.7
2 3 5.9
3 4 9.0
4 5 3.2
5 6 7.2
6 7 4.7
7 8 8.2
8 9 3.5
9 0 6.8
REQUEST_SECTION
3 5 461.2 727.7 1
1 7 208.9 715.4 3
4 5 458.4 784.6 2
0 6 17.7 261.2 2
1 7 243.3 541.8 4
6 7 300.4 386.5 4
0 8 605.7 814.1 4
1 4 454.6 819.2 4
0 5 173.8 317.7 3
6 1 309.9 646.4 2
0 8 355.6 568.1 2
8 2 61.3 372.8 4
8 2 429.4 584.3 1
4 1 298.4 507.7 2
4 7 521.4 887.6 4
5 10 235.2 484.8 4
7 3 519.8 609.7 2
6 2 226.2 366.1 3
0 8 531.5 812.7 1
5 8 288.4 355.4 2
EOF
