NUM_STATIONS: 10
NUM_REQUESTS: 20
NUM_VEHICLES: 3
VEHICLE_CAPACITY: 4
DISTANCES
0 1 6.6
1 2 8.7
2 3 5.9
3 4 9.0
4 5 3.2
5 6 7.2
6 7 4.7
7 8 8.2
8 9 3.5
9 0 6.8
REQUEST_SECTION
3 5 77.6 240.1 2
1 7 171.2 240.7 2
4 5 125.0 321.7 3
0 6 209.5 370.5 1
1 7 163.0 369.6 1
6 7 28.4 216.7 1
0 8 114.7 225.1 2
1 4 15.4 193.2 4
0 5 6.9 114.8 4
6 1 141.7 282.4 2
0 8 115.5 329.2 3
8 2 40.6 116.9 1
8 2 21.2 188.6 3
4 1 142.8 294.9 4
4 7 148.4 289.3 4
5 10 41.9 131.9 3
7 3 100.3 294.8 1
6 2 166.3 380.9 3
0 8 129.2 310.8 4
5 8 162.6 323.9 2
EOF
