NUM_STATIONS: 10
NUM_REQUESTS: 80
NUM_VEHICLES: 1
VEHICLE_CAPACITY: 2
DISTANCES
0 1 7.9
1 2 8.1
2 3 2.5
3 4 7.9
4 5 2.3
5 6 7.4
6 7 8.2
7 8 1.4
8 9 7.4
9 0 3.5
REQUEST_SECTION
9 4 231.0 384.0 1
8 6 792.0 1488.9 1
1 2 1269.1 1745.5 2
8 4 1114.2 2837.6 1
2 7 27.3 692.3 1
1 8 142.9 1747.9 2
5 7 185.5 1725.6 2
1 9 1365.5 3059.6 1
1 4 385.2 2007.1 2
4 6 1305.1 2721.1 2
0 8 613.6 842.0 2
7 6 1628.1 2778.1 1
7 6 1398.7 1498.8 2
4 10 632.7 1482.8 1
8 2 532.0 1025.2 2
1 4 1469.1 2495.0 1
2 8 1356.2 2702.6 2
0 3 695.3 2382.6 2
8 6 37.7 1028.3 2
8 1 1297.5 2087.3 2
9 8 1462.9 2685.5 1
6 3 219.8 1563.5 1
2 4 663.9 1181.9 1
3 10 1311.7 2913.4 1
5 6 1449.7 2521.8 1
5 6 347.8 1569.9 1
2 9 672.2 943.5 2
6 8 1505.4 2714.3 2
9 10 1328.4 2088.5 2
5 8 86.1 1798.6 1
0 5 1574.7 2804.9 1
2 4 1039.4 1956.7 1
3 9 815.6 1217.8 2
0 3 1293.6 2088.2 2
5 6 459.4 517.9 2
5 10 366.5 1277.8 2
4 8 1510.9 2119.9 2
9 4 1164.9 2493.5 1
1 9 327.3 801.7 2
0 9 1026.8 1895.1 1
6 3 1659.8 2907.7 1
0 1 1031.0 2637.1 1
8 1 1145.8 2244.6 1
3 9 1415.8 2203.5 2
4 2 450.2 867.4 1
5 10 962.6 2331.2 1
9 2 438.2 907.0 1
2 5 393.7 728.0 1
3 4 1675.5 2087.0 2
3 1 518.1 1777.0 2
3 2 18.2 584.3 2
4 3 258.5 348.7 2
1 4 1502.9 1842.1 1
2 7 551.5 1338.8 1
1 9 222.2 610.7 1
0 6 607.4 1930.8 2
5 2 1035.7 1852.9 1
8 2 994.4 2591.0 1
8 4 286.6 1883.9 1
2 4 38.7 920.5 1
6 8 1287.4 1688.4 1
2 9 1391.6 2159.3 2
2 8 1480.4 2296.9 1
1 8 608.6 2165.2 2
9 7 910.1 1614.4 2
6 2 802.5 2090.4 1
2 8 1125.0 1915.4 2
0 4 1480.4 2100.2 1
7 10 68.2 1626.2 2
2 4 456.2 1151.2 1
6 1 1236.3 2647.7 1
5 2 414.6 1026.3 2
6 8 286.4 1753.7 2
7 5 685.4 960.9 1
8 10 1273.6 2403.5 1
5 2 1403.9 3095.8 2
9 7 271.3 1941.8 1
7 6 615.5 1527.1 1
4 9 423.7 696.2 2
3 10 1330.2 2314.2 2
EOF
