NUM_STATIONS: 10
NUM_REQUESTS: 80
NUM_VEHICLES: 1
VEHICLE_CAPACITY: 2
DISTANCES
0 1 8.0
1 2 8.3
2 3 3.5
3 4 6.0
4 5 1.1
5 6 2.5
6 7 5.2
7 8 7.5
8 9 5.8
9 0 8.4
REQUEST_SECTION
9 3 1816.8 2981.1 2
9 7 1811.2 2719.4 1
9 1 1697.1 2220.1 1
2 6 745.2 1715.0 2
5 4 889.8 1996.9 1
6 5 1939.3 2805.5 1
3 2 2079.0 2543.8 2
6 2 516.5 1186.6 2
0 9 2081.0 2246.1 1
3 8 665.7 841.3 1
1 2 601.8 729.9 1
9 2 357.8 1475.1 1
4 3 722.2 1577.1 1
3 8 786.9 1261.2 1
8 3 2027.6 2941.9 2
8 5 1448.1 2259.6 1
8 5 1948.3 2093.0 2
0 3 1488.0 2557.8 2
7 10 1715.9 2154.6 2
2 10 2045.9 2566.3 2
7 9 950.7 1994.2 1
6 5 922.1 1626.8 2
4 8 2078.3 2607.3 2
6 10 1336.9 2225.8 2
3 4 1826.2 1930.8 2
9 5 1325.4 2478.3 2
7 6 15.8 166.7 1
9 7 1308.4 2062.4 1
5 9 646.9 1071.3 1
5 7 891.1 1142.9 1
6 1 1682.2 1990.4 1
7 4 2145.9 2815.4 1
2 8 365.8 919.5 1
9 1 1701.8 1989.1 2
4 1 1469.9 2100.3 1
5 6 163.4 539.1 1
0 9 1211.2 2228.5 2
8 2 2167.1 2347.8 2
6 3 1844.5 3018.5 1
6 9 1792.9 2146.5 1
9 7 378.4 647.1 2
2 8 1011.4 1787.2 1
6 8 1908.9 2327.9 2
5 2 1795.2 2496.4 2
4 6 1019.2 1382.8 1
4 9 1544.2 2231.3 1
4 9 2025.1 2757.1 1
9 8 66.2 782.7 1
6 4 1227.8 2170.9 2
8 6 434.8 1176.9 1
4 3 1956.9 2967.2 2
9 10 694.9 1004.7 1
8 7 1339.2 2020.5 1
7 1 1561.1 1672.3 1
1 3 1547.6 1720.4 2
6 3 34.0 1028.6 2
8 3 240.5 805.9 1
4 6 840.2 1872.1 1
6 9 1679.3 1907.8 1
9 4 2098.3 2918.9 2
7 8 978.7 2096.6 2
6 3 640.5 1353.6 2
7 5 1007.6 2040.4 1
9 3 437.0 590.8 1
1 9 874.5 1197.2 2
8 1 1937.7 2785.3 1
9 8 1991.0 2249.1 2
9 7 857.0 1128.9 1
6 7 2200.6 2346.1 1
5 9 1259.4 2185.0 2
1 5 1427.8 2255.0 2
8 6 1605.1 2016.0 1
2 1 605.5 838.8 1
1 7 1435.0 1576.1 1
4 6 1557.3 2580.6 2
0 3 877.6 2027.6 2
1 10 862.9 1071.8 2
7 8 88.8 1217.8 1
9 6 1159.1 2238.1 2
3 10 104.6 717.4 1
EOF
