NUM_STATIONS: 10
NUM_REQUESTS: 160
NUM_VEHICLES: 3
VEHICLE_CAPACITY: 2
DISTANCES
0 1 6.3
1 2 1.5
2 3 7.8
3 4 9.8
4 5 9.9
5 6 6.9
6 7 1.6
7 8 5.2
8 9 2.2
9 0 6.8
REQUEST_SECTION
3 7 599.6 1759.5 2
2 4 1532.8 2496.9 1
2 7 1367.3 1438.5 2
7 4 386.2 890.1 1
4 10 1229.8 1903.7 2
1 4 1059.8 2094.1 1
2 1 1394.5 2004.4 2
5 9 1494.7 2627.5 2
7 3 55.4 558.2 2
0 7 1352.2 2125.8 1
0 3 1241.4 1681.3 1
0 5 32.5 160.3 1
0 3 471.6 1533.6 1
8 4 1019.9 1396.6 1
3 4 1031.1 1770.4 1
0 7 938.6 1569.9 1
5 4 962.4 1580.0 2
9 8 1276.1 1984.8 1
8 6 1490.4 2382.9 2
9 7 1048.5 1424.5 2
9 4 184.0 278.9 2
2 4 624.1 797.9 2
9 3 1006.8 1477.8 2
9 5 1284.3 1513.5 2
1 6 1466.1 2537.7 1
9 4 1342.2 2353.5 2
9 2 1387.7 1587.0 2
7 2 1245.3 1363.2 2
3 9 1263.7 1696.3 2
1 2 1464.4 2115.4 1
5 6 662.9 1406.4 1
0 8 954.8 1855.2 2
1 4 234.5 490.9 2
8 3 104.1 724.6 1
0 1 777.7 1264.9 2
3 2 479.7 1061.7 2
9 8 1359.2 1799.6 1
0 9 651.7 1164.0 1
7 6 782.0 1194.1 2
6 2 515.8 1634.2 1
2 3 1293.5 2047.3 1
2 3 1013.8 1232.0 2
2 8 269.3 1271.8 1
7 3 847.8 1127.2 1
5 1 1252.3 1968.2 2
9 6 291.8 1439.9 2
0 2 687.5 1143.0 2
5 2 1321.3 2385.0 1
0 4 295.6 1073.9 2
0 1 238.0 871.2 2
8 5 1429.3 2586.5 2
1 9 689.4 1060.3 1
9 10 410.6 583.4 2
9 10 1490.4 1887.3 1
3 10 1530.4 1590.7 1
0 5 1066.2 2093.8 1
9 3 184.8 889.2 1
1 7 775.3 861.6 1
2 9 787.4 880.4 2
2 9 970.7 1720.5 1
2 7 274.7 522.1 2
5 1 1452.1 1685.4 2
6 4 295.4 1121.6 1
1 4 167.9 1145.4 2
5 3 559.9 870.3 1
2 5 273.0 989.5 2
4 10 859.1 1748.1 2
0 6 835.2 1603.6 2
3 2 1357.5 2339.6 1
6 1 1409.3 1940.5 2
6 1 822.9 1352.9 1
7 1 412.8 534.2 2
9 10 962.5 1626.7 2
3 4 503.0 1686.9 2
3 6 1056.8 1899.1 1
1 4 892.3 2014.8 2
2 4 343.6 933.8 2
6 9 627.5 1576.7 1
3 7 79.3 891.6 2
9 4 507.8 1622.3 2
5 4 1070.1 1277.2 2
0 3 1366.9 2243.1 2
1 3 977.2 1293.6 2
9 1 316.0 1412.2 2
4 3 1112.1 1935.2 1
9 10 1239.7 1735.1 2
8 7 726.7 1667.7 2
1 7 915.7 1257.0 2
7 6 889.5 1009.6 2
2 5 1088.9 1722.8 1
0 2 594.5 1740.6 1
5 7 132.5 579.5 2
3 7 1006.2 1738.9 2
4 10 704.2 1277.5 2
5 10 486.7 1343.9 2
7 5 954.2 1197.7 2
1 6 950.3 1358.8 1
7 1 1051.3 2205.9 2
1 5 454.3 853.9 2
6 8 319.7 451.4 2
3 5 309.3 1187.3 2
9 7 1281.0 2346.9 2
4 9 69.7 809.2 1
7 4 535.9 1299.8 2
4 9 951.2 1577.2 2
8 2 1345.8 1583.1 1
4 9 319.4 706.7 2
2 1 0.1 710.2 2
8 10 891.0 1460.7 1
5 1 942.2 2002.7 2
9 1 273.2 843.2 1
0 4 362.4 432.4 2
0 2 1500.3 2101.3 2
6 1 967.4 1437.2 1
5 4 910.5 1014.6 1
5 1 729.0 1479.1 1
0 9 212.5 1127.5 1
6 9 1301.1 2035.7 1
6 5 629.1 1487.4 2
7 9 569.9 1652.4 2
8 6 1214.4 2375.6 1
1 6 1101.7 1772.6 2
2 8 1005.4 1601.1 1
1 9 498.5 1532.3 2
0 8 802.2 1704.7 1
7 1 69.7 990.7 1
3 9 1143.4 2190.3 2
7 10 923.4 1519.0 2
2 4 6.8 224.1 1
8 7 677.4 774.2 2
7 1 726.5 1769.4 1
3 7 120.7 761.9 2
9 5 1166.7 1614.5 1
0 8 535.7 886.5 1
9 3 942.8 1178.8 1
5 8 1009.2 1455.5 2
1 3 827.4 1278.5 1
1 9 1200.2 1527.1 1
5 9 187.3 833.6 1
2 5 325.7 1482.4 2
8 3 625.3 1743.9 1
1 8 924.7 1946.5 1
6 9 15.3 244.7 2
0 9 428.8 546.0 2
4 7 573.7 1330.6 1
2 8 758.7 945.6 2
1 6 1232.4 1745.8 2
1 10 408.3 840.2 1
0 5 1050.9 2108.7 2
3 9 783.2 1582.8 1
5 9 950.7 1408.7 2
4 5 539.5 1481.5 1
7 1 1114.0 1562.5 2
9 1 405.7 1520.8 2
4 10 1443.0 2344.0 2
6 1 1515.7 1789.0 1
7 3 874.4 1225.6 2
3 8 1171.5 2277.6 1
0 9 1398.0 2424.2 2
5 3 6.1 1035.6 2
EOF
