NUM_STATIONS: 10
NUM_REQUESTS: 80
NUM_VEHICLES: 3
VEHICLE_CAPACITY: 8
DISTANCES
0 1 5.3
1 2 5.1
2 3 4.1
3 4 5.8
4 5 8.8
5 6 4.0
6 7 7.4
7 8 2.6
8 9 6.4
9 0 5.7
REQUEST_SECTION
7 4 60.5 628.4 3
7 1 7.3 374.8 3
9 2 379.2 943.3 2
2 9 36.9 447.6 6
6 10 397.0 488.3 2
0 9 443.1 671.7 2
6 8 527.4 1101.6 8
2 3 244.9 566.2 1
4 7 267.9 521.3 6
1 4 479.4 590.9 2
5 9 79.5 258.3 6
7 1 334.8 588.7 3
5 3 312.9 655.1 6
4 10 284.1 745.0 3
0 1 362.6 442.3 2
8 9 122.1 627.8 7
8 2 408.8 484.0 4
8 4 457.0 676.8 2
1 5 117.9 387.2 2
5 3 517.7 601.9 4
8 2 515.1 883.0 1
3 6 276.0 713.6 7
5 4 97.7 655.7 1
7 9 294.7 643.9 5
3 5 211.4 526.6 8
7 8 143.7 379.8 1
0 8 296.9 365.1 2
9 2 358.3 821.4 2
1 6 231.2 531.5 6
4 7 522.0 1076.9 5
0 7 282.3 384.4 1
5 7 99.5 169.0 7
4 7 484.8 700.3 2
1 6 110.1 366.0 8
0 9 416.1 885.8 7
8 9 150.9 538.2 4
2 5 79.2 584.2 1
1 10 424.8 981.0 1
3 2 120.5 411.4 6
9 6 530.3 949.3 5
7 8 434.5 959.2 5
6 8 260.8 430.2 3
6 3 340.4 859.6 6
0 6 229.6 615.5 2
1 6 484.9 757.7 7
0 7 408.3 835.1 1
6 3 293.2 769.0 6
3 2 452.5 728.2 2
8 10 484.4 1023.1 8
6 3 454.2 1010.3 2
9 8 69.4 580.2 6
1 6 486.4 598.1 4
3 2 98.3 465.2 8
2 5 333.4 520.8 8
6 1 273.3 600.9 3
9 4 526.7 817.4 6
7 9 143.4 239.8 8
1 2 20.8 296.6 4
8 4 356.4 485.3 3
3 7 440.2 777.2 2
1 8 267.7 331.0 2
3 5 118.5 357.0 5
6 4 47.0 227.7 4
5 9 524.1 1003.8 6
4 3 276.5 751.1 3
1 8 34.3 150.9 1
0 9 24.2 468.3 7
9 5 406.9 951.4 3
2 9 152.9 400.8 6
6 2 358.2 961.1 2
9 1 182.0 458.1 2
9 3 496.2 1063.3 1
5 2 420.4 747.4 5
8 10 76.8 462.7 5
3 7 439.5 842.2 6
7 5 466.6 839.7 1
0 5 97.9 554.6 3
6 1 189.6 358.7 8
7 1 245.0 799.4 5
3 9 293.9 623.4 3
EOF
