NUM_STATIONS: 10
NUM_REQUESTS: 20
NUM_VEHICLES: 3
VEHICLE_CAPACITY: 4
DISTANCES
0 1 10.0
1 2 3.1
2 3 7.4
3 4 2.1
4 5 5.5
5 6 6.0
6 7 3.5
7 8 7.1
8 9 7.6
9 0 5.4
REQUEST_SECTION
4 9 121.4 270.5 3
8 3 145.3 242.3 2
4 3 130.9 222.0 1
5 2 166.0 258.6 1
7 5 85.2 221.7 2
3 6 51.6 148.2 2
9 4 76.4 147.1 3
5 4 101.7 230.4 1
7 6 158.9 241.8 4
5 4 158.6 225.7 3
6 8 34.2 128.5 4
3 1 96.9 179.6 4
3 10 32.7 160.9 1
8 9 34.2 176.3 4
8 3 170.2 270.1 4
3 2 173.5 237.0 4
0 3 127.5 274.8 4
1 3 91.1 206.5 4
7 5 15.0 90.5 4
8 7 75.4 154.9 4
EOF
