NUM_STATIONS: 10
NUM_REQUESTS: 20
NUM_VEHICLES: 2
VEHICLE_CAPACITY: 1
DISTANCES
0 1 8.9
1 2 4.6
2 3 7.4
3 4 8.4
4 5 9.1
5 6 4.1
6 7 8.9
7 8 3.5
8 9 7.1
9 0 5.5
REQUEST_SECTION
2 3 245.8 431.6 1
4 1 247.3 543.5 1
1 10 250.7 548.4 1
5 4 215.3 390.8 1
6 5 223.9 307.3 1
0 8 94.6 328.2 1
2 9 39.8 218.0 1
9 1 149.9 418.3 1
2 3 112.9 267.8 1
5 9 238.0 326.3 1
6 4 60.5 358.9 1
5 1 5.3 116.7 1
8 4 226.3 460.1 1
8 1 201.0 414.8 1
9 2 86.4 353.6 1
5 8 223.7 444.5 1
3 5 211.7 502.9 1
8 1 10.9 252.4 1
4 9 122.1 213.0 1
6 4 38.1 234.5 1
EOF
