NUM_STATIONS: 10
NUM_REQUESTS: 80
NUM_VEHICLES: 2
VEHICLE_CAPACITY: 1
DISTANCES
0 1 9.9
1 2 5.8
2 3 2.8
3 4 4.2
4 5 8.2
5 6 9.6
6 7 7.3
7 8 4.0
8 9 8.9
9 0 4.1
REQUEST_SECTION
8 2 1290.9 1976.3 1
3 8 224.9 995.2 1
0 4 543.5 917.8 1
4 8 134.9 687.5 1
7 10 1199.2 1924.0 1
4 1 354.6 1044.1 1
1 9 494.4 754.8 1
3 6 538.7 1459.8 1
5 9 367.7 1247.4 1
9 5 1183.4 2112.2 1
1 7 850.8 1773.2 1
7 3 343.6 878.6 1
9 7 731.0 866.4 1
1 6 1213.7 2009.7 1
5 3 1138.2 2118.6 1
0 4 566.4 980.8 1
7 1 568.7 1519.5 1
0 4 156.0 1056.5 1
2 9 385.9 678.5 1
0 6 683.8 978.0 1
0 9 214.6 524.4 1
4 10 944.1 1512.5 1
2 5 969.5 1049.9 1
1 10 728.0 1457.8 1
7 10 133.3 1004.1 1
2 10 218.1 957.7 1
3 8 921.3 1661.0 1
5 8 947.6 1885.2 1
6 8 458.5 770.1 1
6 5 1059.2 1711.2 1
5 10 696.1 957.5 1
2 8 329.7 499.9 1
8 9 693.6 1467.4 1
2 7 1199.1 2181.1 1
4 6 1003.9 1085.7 1
5 8 483.1 1156.7 1
9 8 873.5 1274.5 1
3 1 882.2 1655.0 1
3 4 805.2 1628.4 1
2 6 588.3 1123.1 1
4 9 291.2 394.0 1
7 5 495.0 1312.9 1
6 4 665.5 1258.1 1
7 3 305.5 1086.4 1
5 10 283.8 492.5 1
3 8 957.1 1790.7 1
9 6 1075.8 1785.7 1
5 1 246.7 666.1 1
8 4 685.1 1340.3 1
0 5 376.5 539.1 1
5 10 934.8 1287.8 1
7 5 11.5 869.0 1
6 10 338.1 1144.2 1
6 1 1261.8 2298.1 1
2 6 91.8 672.1 1
4 5 283.4 494.3 1
7 3 368.5 1226.4 1
0 4 1005.6 1758.4 1
0 9 752.4 946.3 1
4 10 1190.0 2081.3 1
2 1 1124.5 2053.7 1
1 10 721.2 1750.0 1
0 7 1251.1 2231.9 1
0 4 826.7 1086.7 1
2 6 577.8 1338.8 1
6 8 1247.6 1669.3 1
7 9 380.7 1275.8 1
0 1 438.0 846.1 1
3 6 683.1 1681.6 1
5 1 617.7 1619.2 1
1 8 584.6 1103.0 1
7 5 667.5 1670.6 1
3 2 907.3 1118.4 1
2 5 782.3 1798.7 1
4 2 917.2 1300.4 1
7 10 567.6 1109.4 1
3 7 1015.5 1332.4 1
4 6 205.9 1040.4 1
1 2 561.3 1416.5 1
1 8 670.3 830.8 1
EOF
