NUM_STATIONS: 10
NUM_REQUESTS: 160
NUM_VEHICLES: 3
VEHICLE_CAPACITY: 2
DISTANCES
0 1 7.9
1 2 8.7
2 3 5.6
3 4 8.4
4 5 6.3
5 6 1.2
6 7 4.8
7 8 8.8
8 9 1.4
9 0 2.6
REQUEST_SECTION
0 1 519.8 882.3 2
7 1 1077.8 1264.8 1
6 4 704.8 1260.5 1
1 3 242.5 930.6 2
3 4 831.8 1536.5 1
6 5 1250.0 1325.6 1
7 4 382.5 845.1 1
2 1 296.9 920.4 1
6 2 1100.0 1607.6 1
1 2 1044.8 1516.3 2
1 6 524.8 597.9 2
5 4 1397.1 1949.4 2
4 2 1136.4 1923.8 1
8 6 360.3 1066.7 2
6 7 1155.6 1287.8 1
7 1 334.2 761.1 1
6 5 673.4 1217.3 2
0 8 235.4 957.8 1
9 7 1049.7 1429.0 1
7 3 858.2 1113.5 2
5 6 42.9 242.0 1
1 10 46.3 122.8 1
9 4 733.4 981.9 1
0 1 567.2 1018.0 2
3 5 1040.8 1341.6 1
8 7 832.3 1214.3 1
3 8 1213.5 1988.2 2
0 1 269.2 689.0 1
7 2 548.8 1237.5 1
4 6 1377.8 2161.2 2
1 9 1406.1 1684.4 2
1 7 156.9 740.9 1
7 10 685.6 811.8 2
4 6 424.0 1007.3 1
7 5 208.6 380.9 1
8 1 626.4 1036.7 1
2 8 1313.4 1424.9 2
3 10 551.7 655.7 1
7 8 243.3 333.3 1
7 10 309.8 928.4 1
3 7 160.5 396.4 2
9 10 363.1 891.1 1
5 2 1386.0 1548.4 1
7 1 236.1 890.9 2
1 10 557.6 1252.8 1
9 10 222.2 710.2 1
3 4 423.4 1213.2 1
9 10 749.8 1091.6 2
5 6 44.4 107.7 2
1 4 751.5 1302.2 2
1 3 1297.3 1944.8 1
8 2 100.3 609.4 2
2 7 1450.2 1667.2 1
8 1 28.4 764.1 2
3 6 275.2 632.4 2
6 7 646.5 1019.0 1
4 9 385.0 966.6 2
3 5 1368.8 2095.5 1
5 6 1023.9 1702.5 1
9 5 388.4 966.7 2
4 10 1149.9 1418.8 1
0 4 494.1 1042.7 1
9 10 150.7 574.2 1
1 7 1029.5 1797.7 2
8 6 141.8 823.4 1
2 8 1115.4 1336.7 1
5 1 1162.9 1939.3 1
9 1 1365.4 1946.2 1
8 4 649.2 1056.3 1
6 4 985.6 1607.9 1
3 5 381.1 803.2 1
7 1 1260.0 1634.3 1
0 7 1086.4 1322.9 1
5 9 426.7 781.3 1
1 9 1269.5 2065.1 1
4 1 1349.1 1533.6 2
9 3 1245.1 1718.8 1
8 5 639.7 1149.7 1
6 10 720.5 1372.8 2
7 1 1444.7 2077.6 1
3 10 1301.8 1496.8 2
6 8 716.3 953.0 1
5 8 785.4 1546.1 1
9 8 610.2 1195.3 1
7 4 1010.6 1699.8 1
0 4 778.5 980.6 1
2 9 1273.8 1417.8 2
0 7 393.4 866.9 2
0 4 568.7 1013.4 2
1 6 846.9 1422.3 1
0 6 1454.1 1670.0 1
0 5 815.6 956.9 1
7 1 180.6 441.0 1
1 3 1380.5 1598.9 2
3 8 454.3 919.2 1
7 2 1004.6 1126.6 2
6 2 1294.3 1942.8 2
8 9 1030.5 1827.7 2
0 3 819.5 1366.4 1
2 7 13.1 424.8 2
6 1 594.8 1038.7 2
8 9 523.2 738.7 1
6 4 369.3 982.3 1
0 4 793.9 1243.4 1
7 3 525.7 862.6 1
6 4 785.6 1411.8 1
3 8 584.3 1200.1 1
9 7 989.5 1293.2 1
3 1 683.0 865.2 2
2 8 1255.7 1820.7 2
3 2 320.2 400.9 1
1 10 251.0 345.5 2
8 5 1279.3 1767.2 2
1 8 1351.6 1528.1 1
1 10 109.1 678.2 2
8 10 312.9 936.9 2
6 8 851.5 1505.3 1
3 6 639.6 858.0 2
8 9 702.2 1136.7 1
2 7 797.5 1552.8 2
0 7 97.3 743.6 2
6 2 674.1 1462.6 1
3 1 313.0 757.3 2
5 8 1147.2 1604.3 2
4 6 1439.7 1605.0 2
5 3 1079.6 1593.6 2
6 1 961.5 1168.1 2
2 9 1257.6 1854.7 1
1 10 1348.5 1852.7 2
0 5 276.8 941.0 1
1 5 144.7 407.7 2
7 6 809.2 1038.7 2
1 6 677.1 865.5 2
5 10 850.7 919.8 2
4 10 524.2 712.3 1
7 8 272.5 560.8 1
5 7 327.0 1062.9 2
5 8 247.1 407.2 2
3 8 482.6 606.4 2
6 8 611.4 928.6 1
7 1 69.7 321.6 1
9 6 970.3 1044.4 2
1 10 1210.5 1761.4 1
1 5 201.3 322.3 2
1 9 525.6 644.5 1
4 6 164.5 559.1 1
7 6 606.1 901.0 2
6 9 848.0 1243.1 1
7 2 871.3 1134.2 2
5 7 183.4 853.6 2
7 10 734.0 931.2 1
3 8 619.6 724.5 1
1 3 1190.8 1275.8 1
2 8 29.0 398.2 1
4 2 610.1 1174.4 1
5 8 237.1 510.3 2
4 2 553.8 1154.2 1
4 2 349.0 648.2 2
9 8 1060.1 1627.1 1
0 9 734.8 794.1 2
EOF
