NUM_STATIONS: 10
NUM_REQUESTS: 80
NUM_VEHICLES: 3
VEHICLE_CAPACITY: 2
DISTANCES
0 1 5.3
1 2 5.1
2 3 4.1
3 4 5.8
4 5 8.8
5 6 4.0
6 7 7.4
7 8 2.6
8 9 6.4
9 0 5.7
REQUEST_SECTION
7 4 659.7 723.3 1
7 1 267.4 787.7 1
9 2 325.4 471.6 2
2 9 23.8 119.7 2
6 10 212.5 440.7 1
0 9 476.7 890.5 2
6 8 306.5 870.7 2
2 3 87.9 411.1 2
4 7 527.5 1106.3 1
1 4 139.8 198.0 1
5 9 312.1 740.3 2
7 1 417.0 976.6 2
5 3 312.4 861.4 1
4 10 0.2 106.3 2
0 1 179.1 286.7 1
8 9 258.1 574.1 2
8 2 711.3 1203.4 2
8 4 149.3 417.0 2
1 5 667.3 1109.0 2
5 3 8.6 171.7 1
8 2 190.6 713.1 1
3 6 258.8 699.6 1
5 4 411.1 648.8 2
7 9 209.8 351.1 1
3 5 163.2 689.4 1
7 8 272.0 528.0 2
0 8 671.8 1117.3 2
9 2 265.0 707.5 1
1 6 58.8 298.8 2
4 7 85.2 429.9 2
0 7 269.7 412.1 2
5 7 552.8 1062.2 2
4 7 194.3 696.1 2
1 6 422.6 792.8 2
0 9 520.0 814.7 1
8 9 594.9 1000.0 1
2 5 698.5 861.9 2
1 10 498.8 931.2 2
3 2 348.5 779.0 1
9 6 619.0 1219.4 1
7 8 161.1 393.0 1
6 8 545.6 884.7 1
6 3 677.2 1013.4 1
0 6 643.7 821.6 1
1 6 614.8 983.9 1
0 7 392.3 989.0 1
6 3 457.0 628.4 1
3 2 22.7 82.9 1
8 10 494.1 911.2 2
6 3 707.5 875.4 1
9 8 503.1 603.6 2
1 6 384.9 635.2 2
3 2 534.6 874.9 2
2 5 294.7 647.7 2
6 1 445.9 990.0 1
9 4 221.3 666.6 2
7 9 587.1 823.0 2
1 2 454.4 936.8 2
8 4 546.3 844.2 1
3 7 212.3 378.9 2
1 8 560.8 974.2 1
3 5 260.4 544.8 1
6 4 299.4 524.0 1
5 9 201.1 262.7 1
4 3 357.5 799.6 2
1 8 371.8 491.6 2
0 9 433.2 842.6 2
9 5 297.7 819.0 2
2 9 264.3 733.9 1
6 2 695.1 878.8 2
9 1 227.1 362.5 1
9 3 240.3 605.1 2
5 2 337.4 743.5 1
8 10 708.5 1035.9 1
3 7 428.5 560.7 1
7 5 682.1 1233.1 1
0 5 244.1 523.8 1
6 1 244.9 743.6 2
7 1 21.0 507.3 2
3 9 532.9 780.7 2
EOF
