NUM_STATIONS: 10
NUM_REQUESTS: 40
NUM_VEHICLES: 1
VEHICLE_CAPACITY: 4
DISTANCES
0 1 2.8
1 2 2.9
2 3 8.4
3 4 7.3
4 5 6.1
5 6 1.6
6 7 8.4
7 8 7.7
8 9 3.2
9 0 1.5
REQUEST_SECTION
4 8 530.1 1146.5 3
3 10 581.1 1143.8 1
6 4 124.0 389.4 4
1 6 148.2 384.3 3
0 4 310.8 713.9 1
5 3 439.3 506.0 3
6 9 724.1 852.1 4
1 10 71.4 466.1 2
1 9 181.9 284.5 2
0 6 100.1 611.2 2
6 9 541.2 969.6 3
5 6 22.8 672.0 3
9 3 65.0 146.6 4
6 2 312.0 397.3 3
9 3 712.5 888.4 3
0 2 197.2 720.1 1
9 5 319.0 554.5 2
7 4 714.3 1114.6 1
1 5 51.7 262.9 4
5 4 248.2 757.5 4
8 5 353.3 765.3 1
7 6 61.5 643.6 4
4 1 62.3 188.0 4
4 10 306.7 817.3 3
7 5 324.1 878.5 4
1 10 279.1 333.4 3
3 5 327.6 460.7 2
2 5 598.5 836.1 1
6 8 681.9 1245.5 1
4 7 148.1 440.9 4
9 1 720.7 1139.2 3
6 3 407.9 484.6 2
8 9 317.3 946.4 1
6 3 294.8 615.6 2
5 2 718.6 925.3 1
8 5 124.6 306.2 1
7 9 32.8 563.1 3
5 4 52.4 197.2 4
0 2 303.8 591.9 1
2 4 393.8 1174.3 1
EOF
