NUM_STATIONS: 10
NUM_REQUESTS: 20
NUM_VEHICLES: 2
VEHICLE_CAPACITY: 2
DISTANCES
0 1 6.6
1 2 8.7
2 3 5.9
3 4 9.0
4 5 3.2
5 6 7.2
6 7 4.7
7 8 8.2
8 9 3.5
9 0 6.8
REQUEST_SECTION
3 5 176.0 464.8 1
1 7 146.7 229.0 1
4 5 166.9 448.1 1
0 6 57.7 194.8 2
1 7 126.7 253.8 1
6 7 87.3 176.0 2
0 8 95.6 294.9 1
1 4 151.2 229.0 1
0 5 106.2 215.1 2
6 1 15.0 121.4 2
0 8 221.8 519.4 1
8 2 170.0 243.7 1
8 2 96.9 369.8 1
4 1 96.0 325.1 1
4 7 163.9 269.6 2
5 10 144.6 246.2 2
7 3 204.1 403.2 2
6 2 225.6 301.5 1
0 8 37.6 242.9 1
5 8 93.7 177.6 2
EOF
