NUM_STATIONS: 10
NUM_REQUESTS: 20
NUM_VEHICLES: 1
VEHICLE_CAPACITY: 4
DISTANCES
0 1 8.9
1 2 4.6
2 3 7.4
3 4 8.4
4 5 9.1
5 6 4.1
6 7 8.9
7 8 3.5
8 9 7.1
9 0 5.5
REQUEST_SECTION
2 3 445.9 833.0 2
4 1 412.7 791.0 3
1 10 351.3 897.8 2
5 4 229.4 507.3 1
6 5 382.7 716.1 4
0 8 467.0 981.0 2
2 9 125.4 609.6 4
9 1 186.9 531.8 4
2 3 80.3 448.6 4
5 9 435.6 865.9 1
6 4 280.0 458.4 2
5 1 15.6 417.5 1
8 4 301.9 751.2 3
8 1 281.8 505.2 4
9 2 61.2 308.9 4
5 8 258.3 487.9 3
3 5 7.0 196.4 4
8 1 53.2 612.2 4
4 9 106.9 595.4 1
6 4 444.2 880.4 4
EOF
