NUM_STATIONS: 10
NUM_REQUESTS: 40
NUM_VEHICLES: 3
VEHICLE_CAPACITY: 1
DISTANCES
0 1 5.8
1 2 5.9
2 3 5.5
3 4 4.6
4 5 6.6
5 6 8.5
6 7 2.2
7 8 4.0
8 9 2.7
9 0 5.9
REQUEST_SECTION
5 3 123.0 228.5 1
6 3 66.2 196.4 1
4 5 86.4 303.3 1
3 7 18.9 267.8 1
8 3 60.8 269.7 1
2 5 321.6 551.9 1
2 8 319.5 388.4 1
4 7 166.7 243.6 1
9 1 16.7 108.4 1
2 4 156.5 393.6 1
1 10 304.7 533.0 1
7 2 129.1 330.3 1
5 4 2.4 178.6 1
2 8 218.1 370.4 1
2 5 58.7 148.3 1
8 3 122.4 311.1 1
6 2 159.3 268.5 1
9 5 339.2 631.9 1
5 8 274.5 415.5 1
6 9 337.4 549.7 1
3 2 140.8 291.6 1
7 2 179.7 284.3 1
3 5 175.5 251.7 1
9 2 225.1 300.8 1
9 5 259.9 402.6 1
5 3 255.9 495.5 1
5 9 235.1 402.5 1
1 9 235.9 443.1 1
0 4 268.9 455.9 1
3 5 257.2 399.4 1
8 7 115.9 333.8 1
3 4 158.5 390.2 1
7 2 248.9 444.3 1
9 8 162.0 351.2 1
4 6 98.1 321.9 1
2 3 256.6 544.1 1
2 9 164.0 280.0 1
3 1 17.8 134.9 1
4 2 138.7 304.7 1
3 8 37.7 217.7 1
EOF
