NUM_STATIONS: 10
NUM_REQUESTS: 80
NUM_VEHICLES: 1
VEHICLE_CAPACITY: 2
DISTANCES
0 1 7.9
1 2 8.1
2 3 2.5
3 4 7.9
4 5 2.3
5 6 7.4
6 7 8.2
7 8 1.4
8 9 7.4
9 0 3.5
REQUEST_SECTION
9 4 141.5 1003.4 1
8 6 980.7 1675.3 1
1 2 834.2 1907.9 2
8 4 1744.3 2967.2 1
2 7 158.3 1495.6 1
1 8 71.9 504.1 2
5 7 102.6 1088.9 2
1 9 348.8 1042.4 1
1 4 2127.8 2206.9 2
4 6 1392.3 2260.5 2
0 8 2257.0 2742.3 2
7 6 303.5 1717.0 1
7 6 1446.7 2858.2 2
4 10 473.5 617.1 1
8 2 1357.5 2009.5 2
1 4 1211.9 1731.7 1
2 8 1983.2 2118.0 2
0 3 1841.2 2796.5 2
8 6 645.5 2261.6 2
8 1 2246.8 2816.3 2
9 8 2028.2 3294.3 1
6 3 1082.8 2825.5 1
2 4 333.5 1544.6 1
3 10 745.4 1577.7 1
5 6 2004.6 3004.6 1
5 6 2232.1 3879.3 1
2 9 368.1 991.5 2
6 8 1259.9 1920.8 2
9 10 25.3 117.8 2
5 8 402.7 1001.3 1
0 5 85.8 166.7 1
2 4 1157.0 2535.2 1
3 9 166.8 670.1 2
0 3 1997.3 3305.1 2
5 6 1541.8 3076.7 2
5 10 232.7 1828.1 2
4 8 1811.8 2366.9 2
9 4 1125.6 2426.9 1
1 9 689.4 2072.6 2
0 9 438.7 1657.7 1
6 3 1706.8 2183.1 1
0 1 379.0 802.2 1
8 1 314.9 670.8 1
3 9 240.7 822.9 2
4 2 1952.2 3326.8 1
5 10 1374.8 1449.1 1
9 2 1782.3 3530.0 1
2 5 1690.3 3175.9 1
3 4 1323.7 2355.9 2
3 1 1233.1 2199.3 2
3 2 451.0 1836.4 2
4 3 827.8 2495.1 2
1 4 1566.9 1650.6 1
2 7 1767.9 2858.1 1
1 9 588.0 2129.2 1
0 6 2100.3 3452.5 2
5 2 1543.9 3169.5 1
8 2 2009.4 2684.4 1
8 4 49.6 1373.5 1
2 4 288.3 1825.1 1
6 8 1833.4 2699.6 1
2 9 1178.8 1757.8 2
2 8 1238.4 2082.0 1
1 8 9.3 800.3 2
9 7 1702.0 2118.0 2
6 2 816.1 1709.0 1
2 8 870.1 1374.0 2
0 4 470.2 1217.5 1
7 10 2009.1 2369.8 2
2 4 1540.4 2989.4 1
6 1 1495.6 2000.7 1
5 2 1973.8 3605.3 2
6 8 483.5 897.4 2
7 5 1221.7 2069.9 1
8 10 1833.1 2392.5 1
5 2 277.3 1672.1 2
9 7 1973.9 2559.6 1
7 6 1346.9 2131.1 1
4 9 2074.6 3587.2 2
3 10 445.3 589.4 2
EOF
