NUM_STATIONS: 10
NUM_REQUESTS: 40
NUM_VEHICLES: 3
VEHICLE_CAPACITY: 1
DISTANCES
0 1 3.4
1 2 6.2
2 3 7.9
3 4 7.1
4 5 5.2
5 6 1.5
6 7 5.2
7 8 1.2
8 9 5.0
9 0 2.1
REQUEST_SECTION
3 7 288.3 525.7 1
4 5 269.1 493.0 1
4 5 284.5 486.3 1
2 9 22.2 265.9 1
4 6 240.7 507.1 1
2 7 14.8 122.9 1
2 4 39.6 108.6 1
5 6 174.2 337.1 1
4 1 102.6 180.7 1
0 7 263.4 312.6 1
6 3 217.4 338.6 1
0 2 146.4 405.0 1
9 3 208.0 461.2 1
7 6 221.1 402.4 1
7 5 31.3 263.4 1
3 7 278.5 419.9 1
4 2 18.7 251.0 1
0 9 262.9 312.6 1
2 3 42.8 219.6 1
2 9 297.0 455.2 1
0 4 114.3 213.3 1
2 10 167.4 289.1 1
2 6 294.7 549.5 1
8 4 104.4 169.5 1
3 7 46.2 312.2 1
0 1 73.7 155.6 1
7 1 270.0 533.9 1
8 4 7.8 84.2 1
0 3 104.3 287.8 1
9 7 281.8 456.7 1
0 4 81.5 260.0 1
7 2 91.9 356.5 1
8 6 139.3 233.1 1
4 10 196.5 424.4 1
9 6 207.0 280.9 1
1 5 224.5 324.6 1
4 2 211.7 454.2 1
3 5 289.7 444.6 1
9 7 69.7 259.7 1
5 7 99.4 242.7 1
EOF
