NUM_STATIONS: 10
NUM_REQUESTS: 160
NUM_VEHICLES: 1
VEHICLE_CAPACITY: 8
DISTANCES
0 1 6.3
1 2 1.5
2 3 7.8
3 4 9.8
4 5 9.9
5 6 6.9
6 7 1.6
7 8 5.2
8 9 2.2
9 0 6.8
REQUEST_SECTION
3 7 1143.6 3094.6 5
2 4 501.2 3868.5 7
2 7 603.8 3041.1 3
7 4 2774.8 4529.7 8
4 10 3256.3 5738.2 8
1 4 2139.5 2933.5 7
2 1 6.9 1730.8 3
5 9 801.4 3479.7 5
7 3 1348.2 4098.5 6
0 7 1941.0 3536.0 2
0 3 1352.4 2548.2 3
0 5 3297.3 6700.4 2
0 3 876.1 983.0 5
8 4 1504.0 4124.8 7
3 4 2190.7 4313.8 2
0 7 318.8 3741.9 8
5 4 380.7 1281.6 3
9 8 232.8 2749.8 1
8 6 2083.6 4001.9 8
9 7 893.6 4084.6 5
9 4 2922.9 3020.2 8
2 4 790.7 3562.7 5
9 3 2943.9 3021.7 1
9 5 1269.5 3171.7 3
1 6 1846.5 4947.6 6
9 4 2803.7 5040.0 2
9 2 1108.0 2187.3 5
7 2 592.7 3268.6 5
3 9 46.5 2810.2 8
1 2 2222.1 4743.3 8
5 6 2470.6 2777.0 7
0 8 1356.5 2121.3 7
1 4 83.7 2161.1 8
8 3 3299.5 6689.0 4
0 1 1502.5 3243.8 4
3 2 1582.9 5114.0 6
9 8 3436.4 5931.4 5
0 9 1419.2 3480.3 3
7 6 736.9 2015.6 6
6 2 3103.1 5225.3 6
2 3 1485.2 4612.7 3
2 3 2905.8 6304.6 5
2 8 1101.4 2908.1 8
7 3 1128.5 3887.2 3
5 1 2.9 379.9 5
9 6 1760.0 4438.8 4
0 2 1387.2 2260.3 4
5 2 364.1 3126.4 3
0 4 565.9 2494.7 8
0 1 340.2 468.2 6
8 5 3375.9 6530.8 3
1 9 1967.4 3795.1 2
9 10 1547.4 4434.6 1
9 10 891.5 2861.4 7
3 10 1736.1 3769.2 3
0 5 3128.0 6415.6 5
9 3 1284.9 1922.6 1
1 7 2730.6 3751.7 3
2 9 463.1 3838.6 8
2 9 2301.9 4189.9 4
2 7 3424.8 6608.3 6
5 1 1607.2 4582.9 3
6 4 165.3 1184.5 3
1 4 3141.8 6469.9 2
5 3 74.4 3178.5 6
2 5 1683.2 2592.6 5
4 10 1449.8 2874.2 7
0 6 3197.0 5660.8 7
3 2 2383.5 3069.9 7
6 1 1839.7 4274.4 1
6 1 40.6 3548.7 5
7 1 2194.7 2430.8 8
9 10 199.5 3321.3 2
3 4 1565.3 3158.9 2
3 6 1478.3 4759.3 6
1 4 2053.3 2202.9 5
2 4 481.9 3735.1 8
6 9 2057.1 5459.3 2
3 7 3184.2 5585.4 1
9 4 2109.7 3814.7 4
5 4 1750.7 2279.7 4
0 3 2536.0 2630.7 2
1 3 3067.7 6305.1 4
9 1 3.5 1231.6 4
4 3 2042.6 3548.8 3
9 10 2218.2 5718.7 8
8 7 3347.9 4235.2 7
1 7 1698.1 1794.8 5
7 6 2078.2 5461.9 1
2 5 981.1 2253.7 2
0 2 2624.9 6104.0 6
5 7 2348.5 5308.3 6
3 7 163.1 2500.7 5
4 10 2206.3 2783.1 2
5 10 572.5 1265.1 7
7 5 675.0 3140.9 7
1 6 3189.3 5480.8 6
7 1 390.9 2987.9 3
1 5 1322.8 3659.3 4
6 8 1586.7 4307.6 1
3 5 1518.4 4754.9 7
9 7 2265.7 4105.9 3
4 9 1623.3 2400.0 3
7 4 95.5 1501.0 2
4 9 1740.8 2169.2 1
8 2 1352.9 4637.7 1
4 9 2054.6 5477.5 3
2 1 2216.4 2395.1 6
8 10 2428.7 3855.5 7
5 1 3435.7 5105.7 2
9 1 3019.3 6008.0 1
0 4 2788.8 4379.1 3
0 2 3398.0 5192.0 7
6 1 1986.4 4981.2 6
5 4 2906.3 3311.2 3
5 1 284.9 3233.7 4
0 9 3218.7 6223.9 7
6 9 1024.4 2221.7 1
6 5 1911.7 2230.1 4
7 9 3350.6 4416.8 8
8 6 2383.7 5326.1 5
1 6 1858.9 2381.7 7
2 8 1073.4 1137.6 1
1 9 1229.2 2150.5 4
0 8 1690.6 2439.9 3
7 1 2448.8 5966.5 7
3 9 0.3 3440.3 2
7 10 2502.7 2890.4 7
2 4 2799.4 4920.3 2
8 7 2421.2 5359.3 4
7 1 258.3 363.9 4
3 7 2905.0 6153.4 4
9 5 521.8 1182.3 5
0 8 3302.2 5245.4 8
9 3 487.8 1602.1 5
5 8 565.5 1878.7 5
1 3 1655.3 3100.6 8
1 9 480.5 3873.7 2
5 9 661.4 2438.1 1
2 5 2984.5 5212.0 6
8 3 737.4 3990.8 2
1 8 1714.3 4778.8 2
6 9 1552.1 2208.9 5
0 9 1374.5 3391.8 1
4 7 3230.1 5343.6 1
2 8 2559.7 3263.6 3
1 6 2898.3 4497.4 1
1 10 2872.9 6198.0 1
0 5 2145.2 4395.9 5
3 9 2266.8 3344.0 8
5 9 262.7 2527.1 2
4 5 2272.5 5021.4 1
7 1 2099.5 5200.1 6
9 1 964.9 2490.1 2
4 10 1472.1 1979.8 8
6 1 1180.6 4166.8 5
7 3 290.4 973.1 1
3 8 2504.6 3349.5 1
0 9 3459.7 4650.7 4
5 3 1506.1 2550.1 1
EOF
