NUM_STATIONS: 10
NUM_REQUESTS: 160
NUM_VEHICLES: 3
VEHICLE_CAPACITY: 4
DISTANCES
0 1 6.3
1 2 7.7
2 3 3.8
3 4 4.5
4 5 9.5
5 6 2.1
6 7 8.1
7 8 3.8
8 9 3.5
9 0 1.8
REQUEST_SECTION
8 5 405.5 632.6 2
2 7 744.9 1153.4 3
0 6 295.7 895.0 1
4 2 706.4 1523.7 3
6 1 879.4 1540.9 3
6 5 912.0 1836.6 3
4 5 851.2 1483.1 1
1 7 61.2 1015.2 2
9 1 877.1 995.2 2
8 4 129.4 370.7 3
6 8 944.3 1524.8 3
3 10 126.1 391.5 1
9 6 584.4 781.1 4
1 3 398.0 940.9 1
9 1 87.1 1154.3 1
6 5 537.9 973.3 3
1 10 312.2 520.3 3
0 8 1012.9 2041.6 1
7 10 239.2 842.9 4
2 5 757.9 1497.4 2
3 9 69.1 566.2 2
9 5 849.0 1094.5 2
2 4 851.2 1103.1 2
0 5 379.0 564.4 4
6 5 283.8 559.9 4
1 3 772.8 852.3 4
7 5 160.6 918.2 3
0 4 581.6 874.2 1
2 10 612.4 794.5 1
1 10 58.0 235.4 2
4 1 698.7 1019.6 1
5 8 611.9 955.4 4
8 5 915.5 1281.7 1
4 10 74.0 225.6 3
6 3 633.2 784.9 3
6 5 514.0 931.3 4
1 7 321.1 563.2 4
3 1 956.1 1338.1 2
0 3 551.9 1004.8 2
3 2 926.2 1905.9 4
7 4 498.4 1413.7 2
6 4 445.1 837.4 2
3 8 164.1 270.6 3
7 2 963.6 2032.1 2
8 3 892.8 975.0 1
8 2 0.4 929.0 2
2 3 235.0 294.0 3
0 1 311.7 491.5 1
5 8 212.9 1052.0 4
2 7 832.4 1381.3 4
8 4 563.9 762.3 1
3 8 426.7 1218.6 4
2 5 87.4 799.8 1
4 1 62.2 1081.4 1
6 4 132.0 1085.7 4
4 5 758.9 1057.6 2
6 7 682.9 1404.8 1
2 8 280.1 355.6 1
8 10 439.5 867.5 1
9 8 208.8 1143.2 3
9 3 531.7 1323.8 3
8 9 856.5 993.5 3
8 9 804.7 1140.1 4
8 10 751.2 1692.7 4
3 9 572.4 1475.6 2
2 8 609.7 912.3 3
7 3 935.7 1263.2 1
1 8 979.6 1647.0 3
9 1 149.0 990.2 3
4 6 601.0 816.5 2
2 10 567.7 669.7 1
0 3 1006.9 1119.4 4
0 5 286.0 869.7 3
5 3 933.0 1414.1 2
9 3 248.5 357.5 1
9 4 348.1 525.6 3
3 2 964.0 1268.5 1
5 4 737.4 1399.4 3
7 1 210.0 1063.3 2
0 7 13.4 480.9 2
5 8 565.5 1581.1 4
9 1 332.2 1304.5 2
3 4 388.1 1180.4 2
4 9 646.7 1440.4 1
5 1 553.0 1295.6 2
5 2 444.3 971.4 4
2 1 570.3 1568.5 3
8 2 790.1 1044.0 1
0 8 64.8 591.4 3
3 1 538.9 852.2 2
2 10 671.0 919.6 1
0 8 381.8 1413.2 1
6 9 848.9 1703.6 4
3 8 338.1 1011.7 3
4 2 112.9 1077.9 1
7 4 297.0 881.3 4
9 1 72.0 843.6 2
7 8 447.8 896.5 1
4 7 399.7 874.4 3
8 5 996.5 1800.6 4
8 7 612.5 1302.6 4
3 1 48.1 889.9 4
6 3 669.4 936.5 4
5 9 281.3 741.2 1
3 7 42.5 778.7 4
2 7 837.6 1570.5 3
2 7 521.8 1095.7 4
9 10 363.0 892.5 4
0 8 153.8 908.1 1
7 8 896.2 1694.2 4
4 3 931.4 1624.0 2
6 7 769.6 1750.9 2
1 6 279.3 1226.5 2
5 1 925.9 1025.6 3
4 9 184.2 1152.1 3
3 8 566.6 803.0 4
5 7 949.1 1044.6 4
6 9 410.4 872.3 2
1 5 150.4 457.9 4
8 2 705.9 1077.8 2
9 10 529.2 1066.4 2
5 7 27.9 280.5 4
5 4 434.3 895.3 3
7 6 376.7 1090.2 4
5 9 154.1 669.7 4
9 7 108.0 1163.4 3
3 5 818.4 1546.8 2
5 9 631.0 862.1 3
7 8 620.6 1056.4 1
0 5 236.4 923.9 2
6 3 773.8 1225.6 1
2 5 989.4 1563.5 3
9 8 429.5 1001.8 2
1 10 9.2 134.7 3
4 6 117.3 222.1 1
4 9 258.7 815.2 3
6 7 80.8 514.8 2
8 1 934.4 1797.0 1
7 2 818.4 1795.3 2
8 7 539.9 1007.2 2
6 8 370.5 1181.6 4
1 6 295.5 1155.4 1
0 3 766.1 1158.7 4
5 1 133.7 1027.7 1
0 4 815.9 1148.5 2
9 4 454.2 780.1 3
1 10 935.3 1774.1 4
8 5 866.3 1009.1 2
7 6 249.2 1079.8 4
3 9 927.3 1912.5 2
0 8 429.5 764.7 4
2 9 229.0 692.6 4
9 8 602.6 672.7 1
1 9 798.8 1683.1 3
1 8 839.9 1635.8 3
0 5 1001.2 1621.7 3
4 6 610.9 1041.5 4
7 5 239.8 1301.0 3
9 6 522.6 1218.8 1
8 5 583.0 913.3 1
EOF
