NUM_STATIONS: 10
NUM_REQUESTS: 40
NUM_VEHICLES: 1
VEHICLE_CAPACITY: 2
DISTANCES
0 1 5.5
1 2 7.8
2 3 7.1
3 4 4.8
4 5 4.5
5 6 3.9
6 7 2.7
7 8 6.4
8 9 8.5
9 0 7.6
REQUEST_SECTION
8 7 277.6 740.1 1
8 6 701.5 1285.9 1
7 5 1100.9 1421.2 2
5 10 209.9 420.2 1
6 9 670.9 917.1 1
3 4 549.3 1177.7 1
4 2 866.4 1349.7 2
5 3 57.4 303.9 2
5 10 19.7 174.2 2
2 9 247.7 613.5 1
2 8 1116.5 1677.5 2
0 7 229.7 671.9 2
4 5 537.5 711.2 1
3 9 1127.6 1740.2 1
5 7 1170.2 1694.3 2
8 4 175.5 547.9 2
9 8 568.4 878.0 1
2 10 450.1 611.1 1
4 7 333.6 770.1 1
4 10 686.1 1286.9 2
7 2 284.9 526.4 2
3 5 510.0 795.4 1
1 9 155.2 741.9 1
9 8 768.8 1108.3 1
5 1 502.8 1017.4 1
5 3 310.2 551.2 2
5 8 970.7 1196.7 1
5 6 526.4 686.1 2
0 1 470.4 1054.2 1
5 2 271.5 430.3 1
5 3 937.7 1126.8 1
1 10 666.8 1050.9 2
2 4 491.2 642.7 2
8 3 58.5 263.8 2
5 7 1074.2 1682.2 1
1 10 988.5 1417.8 2
5 1 6.1 293.8 1
2 6 67.1 176.6 1
7 5 1071.1 1234.7 1
8 7 183.8 456.5 1
EOF
