NUM_STATIONS: 10
NUM_REQUESTS: 80
NUM_VEHICLES: 2
VEHICLE_CAPACITY: 8
DISTANCES
0 1 8.0
1 2 8.3
2 3 3.5
3 4 6.0
4 5 1.1
5 6 2.5
6 7 5.2
7 8 7.5
8 9 5.8
9 0 8.4
REQUEST_SECTION
9 3 630.3 712.4 2
9 7 1074.6 1343.7 3
9 1 467.9 873.1 6
2 6 924.0 1538.1 6
5 4 36.5 172.5 4
6 5 1040.3 1264.7 2
3 2 420.0 1021.6 1
6 2 1098.1 1343.6 4
0 9 379.5 940.0 3
3 8 664.6 1138.5 4
1 2 54.5 636.2 8
9 2 106.6 709.6 1
4 3 386.7 703.9 6
3 8 195.6 799.3 3
8 3 978.7 1354.1 6
8 5 25.5 281.8 7
8 5 790.8 1292.3 7
0 3 179.6 566.0 5
7 10 1005.0 1146.0 8
2 10 616.6 806.7 5
7 9 936.0 1353.8 2
6 5 215.6 738.2 1
4 8 970.4 1048.2 1
6 10 969.5 1183.4 3
3 4 32.1 238.1 5
9 5 104.1 458.2 4
7 6 426.7 556.3 1
9 7 157.3 389.6 2
5 9 804.2 1241.9 1
5 7 10.1 446.8 4
6 1 233.1 836.3 2
7 4 287.4 464.0 2
2 8 886.6 1262.9 7
9 1 766.7 1161.3 4
4 1 782.3 1104.3 3
5 6 677.5 966.5 2
0 9 134.6 666.3 7
8 2 938.9 1446.2 8
6 3 367.5 569.7 8
6 9 61.1 128.9 2
9 7 188.5 685.2 5
2 8 789.9 1057.5 2
6 8 451.4 871.3 2
5 2 60.7 443.7 4
4 6 798.2 1314.9 5
4 9 753.8 863.3 7
4 9 934.2 1119.4 3
9 8 913.4 1222.4 4
6 4 795.9 1389.6 2
8 6 48.7 156.4 3
4 3 69.8 190.6 5
9 10 718.2 1225.4 5
8 7 336.7 842.7 1
7 1 1065.5 1220.9 3
1 3 157.7 644.0 4
6 3 458.5 658.8 5
8 3 1026.3 1206.5 3
4 6 374.9 870.1 3
6 9 979.6 1296.6 1
9 4 150.5 282.5 3
7 8 555.0 970.6 3
6 3 158.8 506.5 5
7 5 138.4 435.2 8
9 3 767.2 1012.2 7
1 9 995.4 1574.7 4
8 1 626.5 899.5 5
9 8 299.4 646.9 5
9 7 667.6 1196.5 2
6 7 337.3 936.0 8
5 9 458.4 835.5 3
1 5 795.7 1184.7 3
8 6 56.7 585.7 7
2 1 1067.6 1554.9 5
1 7 773.1 1333.7 8
4 6 643.5 966.6 5
0 3 1077.4 1411.7 2
1 10 859.3 1084.3 8
7 8 218.3 774.3 4
9 6 571.9 942.3 1
3 10 155.9 384.1 7
EOF
