NUM_STATIONS: 10
NUM_REQUESTS: 80
NUM_VEHICLES: 3
VEHICLE_CAPACITY: 4
DISTANCES
0 1 2.4
1 2 8.8
2 3 9.2
3 4 4.4
4 5 2.3
5 6 10.0
6 7 6.1
7 8 3.9
8 9 6.9
9 0 4.1
REQUEST_SECTION
4 2 773.6 961.5 4
1 6 111.5 198.9 3
9 8 344.1 443.0 4
7 1 649.7 1225.6 4
1 5 215.6 359.6 3
5 9 725.4 1009.9 3
1 5 43.0 124.3 4
5 6 340.6 850.5 3
2 8 680.8 1071.6 4
6 1 759.1 1018.2 4
5 3 636.7 785.9 1
2 7 697.4 1228.9 1
5 9 753.4 989.2 2
0 2 658.4 823.1 4
1 8 762.0 1162.5 1
7 10 22.5 440.8 1
1 3 429.0 965.1 1
5 3 585.0 870.1 3
2 5 571.7 1074.1 1
4 8 377.3 665.1 2
2 4 379.1 498.6 4
4 2 771.1 1007.4 2
7 10 272.0 347.4 2
5 6 617.1 1180.9 2
5 9 535.9 667.1 4
7 6 419.8 697.4 4
1 5 306.7 910.6 2
1 2 381.4 941.6 4
9 1 326.0 926.7 1
3 7 580.1 658.1 3
7 2 88.4 237.7 2
1 7 302.4 640.4 3
3 8 551.4 831.4 2
1 5 138.6 311.1 3
1 8 703.6 762.9 1
3 9 760.5 1358.4 1
1 10 714.5 1050.9 2
7 2 439.8 731.9 3
3 6 734.9 1142.6 1
8 7 735.8 1346.3 3
1 2 317.7 582.6 4
0 7 696.3 1080.3 4
0 3 711.4 1163.1 1
0 4 634.3 1216.6 1
6 5 260.3 822.2 3
5 8 476.0 726.4 2
1 10 676.2 1291.0 4
5 6 558.8 870.5 4
4 7 454.0 982.6 3
8 9 734.9 867.3 1
5 8 177.2 357.7 4
6 7 226.5 763.7 3
0 8 637.9 1146.8 2
1 9 294.6 788.6 1
0 5 681.3 1266.8 1
0 4 535.3 1111.9 3
4 9 514.9 934.2 3
3 1 170.3 595.3 1
7 2 331.0 680.5 3
5 8 574.2 975.3 3
2 10 760.2 1147.9 3
7 9 242.5 721.2 4
8 5 429.9 688.7 1
5 6 158.1 323.5 3
8 2 250.0 841.2 1
5 2 676.9 1315.7 4
5 1 393.0 580.0 4
8 7 134.9 235.1 3
3 7 365.6 661.6 4
4 7 340.8 734.3 3
6 4 548.5 900.4 4
9 7 460.6 648.9 3
9 3 89.3 256.9 3
9 5 743.7 1081.9 4
9 10 384.3 992.8 1
8 10 700.1 902.4 4
9 6 502.8 794.6 4
3 9 769.7 838.7 4
2 9 768.3 874.5 1
2 4 623.6 730.8 2
EOF
