NUM_STATIONS: 10
NUM_REQUESTS: 160
NUM_VEHICLES: 2
VEHICLE_CAPACITY: 2
DISTANCES
0 1 3.6
1 2 7.3
2 3 7.4
3 4 1.6
4 5 9.1
5 6 1.1
6 7 5.1
7 8 5.3
8 9 9.0
9 0 2.6
REQUEST_SECTION
0 6 1234.4 1863.6 1
6 7 1387.4 1586.9 2
7 6 762.6 1072.1 1
0 1 1217.2 2225.3 1
4 3 1464.7 2072.8 2
6 10 218.5 708.3 1
5 2 422.2 652.2 2
1 3 950.8 1261.0 1
0 6 697.1 1444.2 2
6 1 414.7 684.3 1
4 5 531.3 1118.1 1
6 2 825.9 1705.8 2
3 4 436.2 1150.0 1
3 4 1532.4 2353.8 2
7 9 69.8 649.2 1
9 3 368.4 757.6 1
9 7 779.8 1195.9 2
4 8 1207.6 1623.5 1
3 7 1299.2 1436.9 2
2 3 462.7 1191.0 1
0 7 1352.1 1971.5 2
1 5 1518.6 1793.3 2
8 2 467.2 553.7 1
5 3 472.2 1559.1 1
5 9 47.0 671.1 1
1 6 772.6 1774.2 2
1 6 409.4 744.1 2
4 2 67.9 507.9 1
5 3 1098.3 1390.3 2
4 7 70.7 893.4 1
6 5 500.3 1001.7 1
3 7 1010.5 1135.9 1
5 3 865.7 1501.4 1
4 9 1472.2 1645.1 1
2 6 169.9 762.6 2
8 4 213.0 1073.6 2
0 3 494.3 1343.7 1
8 9 450.4 1420.2 2
9 5 1235.4 2148.2 1
5 7 693.5 1264.0 2
1 5 1287.7 1922.5 2
6 8 1216.8 2145.3 1
3 8 1353.3 2267.7 1
8 5 379.6 1344.6 1
3 10 587.5 1058.0 1
8 7 1145.6 1679.5 2
9 4 1477.8 1834.8 1
6 2 1058.6 2068.0 2
9 7 459.3 774.4 2
0 8 1104.3 2173.0 2
3 9 814.1 1196.5 2
7 10 569.7 1477.8 1
7 3 1495.0 2388.7 2
4 1 471.3 1326.6 1
1 3 583.3 1142.7 1
4 9 1122.7 2141.9 1
6 7 306.1 1044.8 1
3 9 708.9 1235.0 1
1 5 1063.9 2074.4 2
9 7 1545.4 2046.5 1
4 8 657.6 1111.1 2
7 10 1366.8 1796.4 2
2 9 682.5 1122.9 2
8 1 71.1 1087.4 1
1 7 356.3 1453.6 2
8 5 1407.4 2393.9 2
7 3 438.3 664.1 1
3 5 558.8 991.9 2
0 5 1484.2 2323.9 1
9 4 704.6 1311.2 2
5 8 474.8 637.7 1
9 8 143.5 810.2 2
6 9 1385.6 2217.4 2
8 1 492.4 1426.5 2
6 7 1496.7 1704.7 1
6 1 1392.6 2401.4 1
3 5 1019.3 1414.4 2
4 7 753.4 1192.3 2
6 3 980.6 1064.1 1
4 5 305.1 1393.5 2
0 1 632.8 1470.1 1
8 5 1163.7 1924.7 2
3 4 13.0 645.2 2
2 6 1072.2 1567.0 2
9 4 547.9 638.7 2
6 8 447.8 998.1 1
6 2 1296.3 2174.3 1
7 2 1092.7 1479.4 1
1 8 541.8 1158.1 1
9 5 760.3 925.8 2
6 2 40.2 992.6 2
1 5 299.5 691.0 1
5 4 1496.7 1718.9 2
8 10 969.5 1307.1 1
3 6 33.8 696.6 2
5 2 246.9 546.4 1
6 3 1232.9 2023.2 1
4 6 1143.7 1530.4 2
5 7 156.8 880.6 2
2 3 1534.3 2438.9 2
4 9 747.7 1120.0 2
4 1 545.8 1601.0 1
5 6 876.7 1487.2 2
5 10 1086.1 2035.1 1
8 9 226.2 741.3 1
3 5 458.8 1276.8 2
3 8 1082.0 1138.0 1
7 8 1000.5 1205.9 1
4 8 1046.7 1597.4 1
1 6 422.9 563.8 1
3 9 297.7 538.2 1
0 8 689.5 1118.6 1
0 5 988.9 1241.9 1
1 8 772.9 1230.1 1
3 6 155.8 352.7 2
7 1 1274.7 1893.1 2
7 1 435.7 808.6 1
4 1 57.1 891.8 2
1 2 1348.4 1508.3 1
8 5 231.9 506.3 2
6 4 504.1 999.7 2
3 6 228.1 1283.9 1
2 8 914.1 980.3 1
6 1 547.5 1372.2 1
6 10 1484.6 1946.5 1
0 2 342.7 837.1 1
0 1 200.0 952.2 1
3 9 1399.7 1480.9 1
2 8 1346.1 1961.3 1
4 5 1072.8 1538.0 2
1 5 120.0 356.3 2
4 2 900.1 1119.6 2
1 3 1116.1 1957.9 1
1 3 763.8 1238.2 2
6 1 325.7 1323.1 1
8 9 1435.1 1535.9 2
7 6 1210.8 2195.8 1
1 7 637.8 867.5 2
6 1 867.2 1639.6 1
4 6 1092.9 1880.3 2
3 9 229.7 739.9 2
2 9 1446.4 2422.5 1
6 9 1001.7 1560.0 2
2 4 922.1 1226.4 2
9 6 677.3 1724.4 1
1 6 1328.1 1568.3 2
3 2 3.3 251.5 1
4 1 530.3 750.1 1
8 9 191.5 467.3 2
4 3 701.6 1435.0 1
7 5 903.0 1856.3 2
3 5 791.3 892.4 2
6 7 972.0 1620.0 2
9 5 422.8 737.3 1
6 5 57.2 177.0 1
3 8 282.9 607.8 2
4 9 304.1 804.3 1
4 10 607.1 1095.2 2
6 8 1112.0 1697.6 2
3 1 1088.0 1889.1 1
EOF
