NUM_STATIONS: 10
NUM_REQUESTS: 80
NUM_VEHICLES: 2
VEHICLE_CAPACITY: 2
DISTANCES
0 1 9.9
1 2 5.8
2 3 2.8
3 4 4.2
4 5 8.2
5 6 9.6
6 7 7.3
7 8 4.0
8 9 8.9
9 0 4.1
REQUEST_SECTION
8 2 930.7 1552.0 2
3 8 921.6 1527.5 2
0 4 826.6 1142.0 2
4 8 787.1 1228.0 2
7 10 219.5 428.1 1
4 1 31.7 674.4 1
1 9 489.9 908.7 2
3 6 567.9 981.9 1
5 9 317.3 491.6 1
9 5 262.4 812.3 1
1 7 816.0 1530.5 1
7 3 896.6 1089.6 1
9 7 910.1 1278.1 2
1 6 496.4 1005.1 1
5 3 941.7 1166.2 1
0 4 822.2 1131.3 2
7 1 911.3 1578.9 1
0 4 934.2 1643.2 2
2 9 388.3 904.5 2
0 6 456.1 1091.6 1
0 9 713.4 1329.5 1
4 10 856.3 1403.1 1
2 5 638.0 832.6 2
1 10 437.6 513.7 1
7 10 675.5 768.4 1
2 10 635.8 1000.0 2
3 8 126.3 739.5 1
5 8 822.1 1478.6 2
6 8 562.0 1240.9 2
6 5 418.4 528.9 1
5 10 283.6 814.7 1
2 8 823.9 985.5 2
8 9 272.0 816.2 2
2 7 68.2 737.1 1
4 6 791.0 1439.2 1
5 8 357.9 1022.3 1
9 8 728.7 1437.3 1
3 1 591.8 868.7 1
3 4 706.6 1002.5 1
2 6 912.9 1115.1 2
4 9 394.2 955.5 1
7 5 921.3 1151.5 2
6 4 197.0 263.2 2
7 3 854.4 994.7 2
5 10 898.7 1388.4 2
3 8 11.9 617.5 2
9 6 37.9 491.6 1
5 1 230.1 907.5 1
8 4 681.3 1229.7 2
0 5 84.4 276.2 2
5 10 440.8 989.8 2
7 5 431.3 573.6 2
6 10 851.1 1525.7 1
6 1 504.9 707.7 2
2 6 269.4 768.8 2
4 5 140.1 559.1 2
7 3 217.7 694.3 1
0 4 543.7 1172.2 1
0 9 147.2 231.1 2
4 10 202.3 571.2 2
2 1 775.0 977.7 2
1 10 506.4 995.7 1
0 7 779.9 1143.7 1
0 4 340.0 715.1 2
2 6 588.9 857.2 2
6 8 964.3 1558.1 2
7 9 966.6 1074.6 2
0 1 343.0 870.6 2
3 6 244.9 542.7 2
5 1 295.7 874.9 1
1 8 264.4 716.0 1
7 5 348.3 981.6 1
3 2 777.8 1037.9 2
2 5 10.5 534.1 1
4 2 64.9 454.0 2
7 10 178.1 337.4 2
3 7 730.0 829.9 2
4 6 529.6 741.5 2
1 2 247.7 709.2 2
1 8 140.3 588.9 2
EOF
