NUM_STATIONS: 10
NUM_REQUESTS: 20
NUM_VEHICLES: 2
VEHICLE_CAPACITY: 8
DISTANCES
0 1 5.2
1 2 3.6
2 3 9.0
3 4 5.2
4 5 4.6
5 6 6.8
6 7 9.5
7 8 9.5
8 9 7.9
9 0 8.3
REQUEST_SECTION
3 5 103.9 304.0 1
5 3 80.5 285.4 5
0 4 201.2 310.6 6
0 7 66.3 164.2 6
0 5 71.2 250.1 7
3 5 69.1 191.8 4
2 7 50.9 235.2 5
4 5 156.7 346.4 8
7 10 56.4 210.0 1
4 5 5.6 132.9 2
9 5 229.9 342.9 4
5 8 89.3 271.3 6
0 8 246.4 460.6 2
4 5 177.6 270.4 6
1 9 84.6 198.7 6
7 8 183.4 380.2 3
1 3 234.0 459.9 5
1 8 158.9 290.6 4
6 3 79.6 263.1 6
6 7 171.6 413.0 8
EOF
