NUM_STATIONS: 10
NUM_REQUESTS: 40
NUM_VEHICLES: 3
VEHICLE_CAPACITY: 8
DISTANCES
0 1 3.4
1 2 6.2
2 3 7.9
3 4 7.1
4 5 5.2
5 6 1.5
6 7 5.2
7 8 1.2
8 9 5.0
9 0 2.1
REQUEST_SECTION
3 7 116.6 305.4 8
4 5 201.3 305.3 5
4 5 234.2 466.6 7
2 9 259.2 437.0 2
4 6 89.4 145.2 6
2 7 53.3 155.5 4
2 4 95.5 284.3 6
5 6 120.6 302.7 4
4 1 283.6 378.3 4
0 7 151.8 418.6 2
6 3 22.0 81.3 5
0 2 118.9 378.1 5
9 3 191.1 428.6 2
7 6 248.4 340.5 7
7 5 34.8 87.4 1
3 7 184.5 370.3 8
4 2 137.6 270.6 5
0 9 220.8 378.8 1
2 3 171.7 315.4 4
2 9 176.3 327.2 5
0 4 179.7 243.1 8
2 10 283.5 374.5 3
2 6 297.7 351.5 3
8 4 260.7 387.7 2
3 7 232.1 443.1 5
0 1 43.5 285.4 1
7 1 250.6 514.8 1
8 4 134.3 187.7 3
0 3 231.7 297.2 3
9 7 276.0 425.2 8
0 4 23.5 287.2 5
7 2 73.4 231.5 8
8 6 40.7 247.3 1
4 10 266.3 315.5 1
9 6 283.3 348.6 7
1 5 231.9 310.4 5
4 2 282.1 483.6 2
3 5 255.8 322.6 6
9 7 243.0 317.7 1
5 7 274.2 407.8 7
EOF
