NUM_STATIONS: 10
NUM_REQUESTS: 20
NUM_VEHICLES: 1
VEHICLE_CAPACITY: 4
DISTANCES
0 1 5.2
1 2 3.6
2 3 9.0
3 4 5.2
4 5 4.6
5 6 6.8
6 7 9.5
7 8 9.5
8 9 7.9
9 0 8.3
REQUEST_SECTION
3 5 376.4 542.7 3
5 3 31.8 201.2 2
0 4 685.4 1091.4 4
0 7 195.2 472.4 2
0 5 184.1 511.7 1
3 5 264.7 411.1 1
2 7 20.1 198.7 1
4 5 516.9 892.2 2
7 10 618.0 704.4 1
4 5 126.7 505.0 4
9 5 70.5 149.3 1
5 8 263.4 662.3 4
0 8 595.5 782.7 1
4 5 428.2 513.8 3
1 9 110.6 361.2 3
7 8 62.6 362.1 4
1 3 618.1 877.7 3
1 8 402.7 778.9 4
6 3 10.3 172.1 1
6 7 511.0 804.1 4
EOF
