NUM_STATIONS: 10
NUM_REQUESTS: 40
NUM_VEHICLES: 1
VEHICLE_CAPACITY: 4
DISTANCES
0 1 4.3
1 2 4.7
2 3 7.7
3 4 5.3
4 5 3.2
5 6 1.5
6 7 9.1
7 8 3.7
8 9 3.4
9 0 3.5
REQUEST_SECTION
2 7 434.0 576.1 4
8 10 37.6 437.9 3
4 9 268.8 333.0 2
1 7 72.7 467.2 2
9 5 844.4 1253.0 2
8 6 16.8 319.0 2
2 6 286.9 412.4 4
6 5 64.3 457.8 2
4 9 572.1 951.1 3
6 9 517.6 717.4 4
1 5 423.6 583.1 4
3 8 359.8 839.6 1
9 10 351.0 517.5 1
4 5 82.3 280.5 3
5 6 458.5 804.9 4
3 9 783.3 1274.0 1
5 7 927.3 1315.8 4
0 5 379.9 796.0 3
5 10 671.2 845.2 2
0 2 316.9 507.9 4
0 4 347.7 542.6 2
1 7 388.7 809.5 4
0 3 582.0 909.4 4
9 3 632.2 1111.8 2
3 6 655.9 887.0 2
9 7 914.0 1263.0 4
4 7 596.2 818.7 4
2 5 446.4 687.4 3
2 5 768.1 1085.5 1
0 4 861.8 1319.0 1
0 9 47.3 523.1 3
7 1 215.7 670.6 3
7 2 614.1 819.1 1
1 9 130.3 630.8 1
2 7 3.1 93.3 4
9 8 439.5 675.7 3
7 6 749.2 908.3 2
4 2 761.3 1090.1 4
1 6 612.2 1046.3 3
4 1 82.5 213.2 2
EOF
