NUM_STATIONS: 10
NUM_REQUESTS: 80
NUM_VEHICLES: 3
VEHICLE_CAPACITY: 4
DISTANCES
0 1 2.4
1 2 8.8
2 3 9.2
3 4 4.4
4 5 2.3
5 6 10.0
6 7 6.1
7 8 3.9
8 9 6.9
9 0 4.1
REQUEST_SECTION
4 2 302.0 667.8 4
1 6 573.9 975.1 3
9 8 577.9 878.6 4
7 1 351.9 612.9 4
1 5 25.2 430.0 3
5 9 132.3 313.0 3
1 5 277.9 540.5 4
5 6 401.7 820.7 3
2 8 463.0 643.0 4
6 1 460.6 747.4 4
5 3 518.2 783.7 1
2 7 221.8 532.4 1
5 9 375.4 463.3 2
0 2 385.2 576.7 4
1 8 13.3 447.9 1
7 10 322.7 708.2 1
1 3 458.7 785.5 1
5 3 461.2 687.7 3
2 5 0.5 276.1 1
4 8 95.4 255.6 2
2 4 311.8 442.1 4
4 2 45.8 453.5 2
7 10 442.8 652.7 2
5 6 359.1 801.7 2
5 9 397.0 592.2 4
7 6 262.5 538.0 4
1 5 54.8 172.1 2
1 2 411.3 675.3 4
9 1 35.2 279.4 1
3 7 40.6 215.1 3
7 2 60.2 169.6 2
1 7 177.3 464.2 3
3 8 214.3 361.6 2
1 5 44.6 371.2 3
1 8 248.3 666.9 1
3 9 317.1 533.8 1
1 10 505.0 922.9 2
7 2 515.9 961.7 3
3 6 34.8 233.0 1
8 7 414.2 850.4 3
1 2 26.9 454.2 4
0 7 278.4 405.6 4
0 3 73.4 333.7 1
0 4 320.8 751.4 1
6 5 483.1 718.8 3
5 8 380.9 813.7 2
1 10 256.1 497.5 4
5 6 130.6 474.6 4
4 7 266.2 382.9 3
8 9 432.9 746.5 1
5 8 118.3 382.3 4
6 7 362.2 538.8 3
0 8 340.1 525.0 2
1 9 413.7 724.5 1
0 5 394.7 691.2 1
0 4 153.4 398.8 3
4 9 430.1 835.9 3
3 1 81.8 279.8 1
7 2 110.0 411.5 3
5 8 282.5 416.7 3
2 10 407.6 705.4 3
7 9 41.6 332.0 4
8 5 163.5 354.5 1
5 6 92.2 236.1 3
8 2 526.9 682.6 1
5 2 82.5 146.1 4
5 1 230.8 583.1 4
8 7 367.9 509.2 3
3 7 276.4 667.7 4
4 7 11.1 330.3 3
6 4 524.4 735.5 4
9 7 82.2 286.3 3
9 3 554.0 984.4 3
9 5 338.1 549.6 4
9 10 469.8 718.6 1
8 10 220.3 510.3 4
9 6 202.7 560.4 4
3 9 476.7 890.6 4
2 9 23.0 311.9 1
2 4 272.8 495.3 2
EOF
