NUM_STATIONS: 10
NUM_REQUESTS: 160
NUM_VEHICLES: 2
VEHICLE_CAPACITY: 1
DISTANCES
0 1 3.3
1 2 8.6
2 3 9.8
3 4 4.8
4 5 3.7
5 6 5.0
6 7 1.8
7 8 2.0
8 9 1.3
9 0 2.7
REQUEST_SECTION
9 3 1076.6 1785.4 1
8 4 260.9 801.4 1
4 8 474.6 970.5 1
6 3 943.3 1841.2 1
8 2 422.4 766.4 1
7 2 1068.2 1581.4 1
8 1 401.0 498.6 1
6 4 1058.7 1699.4 1
7 2 1254.5 1740.0 1
2 6 971.7 1356.2 1
3 7 356.1 459.7 1
8 4 1238.2 1630.5 1
0 8 85.5 669.4 1
8 10 679.6 929.2 1
8 2 692.6 1221.4 1
4 2 1225.0 1706.7 1
3 5 870.2 1574.3 1
5 7 1259.2 1821.1 1
3 7 996.7 1382.7 1
7 4 977.7 1738.5 1
6 7 1150.2 1596.7 1
3 7 823.7 915.0 1
5 2 461.3 1146.5 1
4 7 1034.1 1659.1 1
3 5 986.2 1225.7 1
1 3 90.6 201.9 1
9 10 157.6 369.4 1
3 6 411.0 949.6 1
3 7 124.4 602.6 1
7 10 718.4 1488.1 1
8 9 1225.9 1547.9 1
3 9 666.2 1319.5 1
4 7 853.7 1265.9 1
4 6 234.1 1085.3 1
6 10 68.4 391.1 1
1 3 992.9 1230.6 1
8 7 1263.7 2083.5 1
8 10 850.7 1435.6 1
2 1 251.4 782.4 1
5 1 681.8 1033.8 1
2 4 214.7 598.0 1
5 10 25.2 754.1 1
8 6 1100.7 1674.8 1
5 2 241.0 886.3 1
6 2 11.4 91.1 1
5 4 604.5 755.1 1
0 9 678.6 1284.8 1
3 4 812.5 1227.6 1
0 2 1123.9 1485.5 1
9 7 707.1 1253.1 1
8 3 97.4 805.5 1
1 4 882.3 1681.7 1
3 1 632.3 939.4 1
2 7 1184.7 2011.1 1
3 10 621.9 776.5 1
2 4 196.9 457.9 1
5 8 297.3 934.4 1
8 1 1087.3 1175.8 1
2 3 1064.0 1440.3 1
6 8 893.7 1676.3 1
8 10 1257.6 1343.1 1
6 8 996.8 1255.7 1
2 6 1051.3 1508.5 1
6 7 345.2 1010.6 1
7 2 245.2 966.5 1
0 7 61.5 847.5 1
3 5 975.4 1102.3 1
4 5 401.2 1169.2 1
5 2 281.6 857.8 1
5 4 177.7 623.3 1
5 3 348.7 1148.8 1
3 10 559.5 637.1 1
6 7 657.6 965.1 1
2 9 581.4 925.2 1
1 8 788.3 1574.1 1
0 1 1032.1 1633.3 1
2 9 991.9 1530.4 1
9 5 148.4 214.6 1
6 5 1226.6 1276.2 1
3 7 1218.9 2112.0 1
7 1 868.2 1205.4 1
3 2 940.9 1693.4 1
2 7 559.5 935.7 1
1 8 291.0 1065.6 1
1 10 306.8 1181.6 1
9 8 760.0 951.2 1
7 8 467.9 515.3 1
2 7 805.6 1652.1 1
6 1 551.0 1300.9 1
7 3 349.6 915.9 1
8 2 505.0 1068.6 1
2 6 224.5 733.9 1
8 6 148.5 869.4 1
1 3 167.9 419.8 1
9 5 19.3 568.9 1
0 3 795.4 1149.8 1
5 10 1221.1 1271.7 1
7 3 814.0 1372.1 1
5 10 291.7 656.6 1
6 2 833.7 1490.1 1
6 8 354.1 846.7 1
8 5 4.5 543.6 1
0 2 904.5 1172.0 1
9 5 435.5 551.4 1
8 3 830.8 954.7 1
4 9 189.5 681.5 1
4 9 418.0 656.4 1
1 6 68.9 350.1 1
9 4 95.5 854.7 1
9 6 437.3 536.2 1
0 2 511.3 1094.3 1
6 8 672.9 779.8 1
6 2 728.6 1606.8 1
2 6 804.2 1516.1 1
6 3 542.7 830.7 1
7 3 407.5 1041.0 1
3 9 102.1 468.6 1
6 10 525.3 826.9 1
3 2 953.7 1763.4 1
9 1 537.1 1357.3 1
6 9 576.8 712.8 1
4 9 262.7 1103.9 1
3 9 1185.5 1472.3 1
8 5 179.0 413.5 1
4 5 548.1 1209.6 1
0 4 19.9 403.3 1
5 8 258.1 668.0 1
9 10 104.8 866.0 1
0 2 493.8 974.0 1
1 3 391.7 1119.9 1
4 2 1093.7 1757.1 1
4 3 463.7 1237.1 1
0 1 1028.1 1433.1 1
9 3 42.4 415.1 1
5 6 1046.9 1510.1 1
4 9 1057.1 1527.8 1
5 2 145.8 941.3 1
0 6 933.7 1149.7 1
1 9 547.9 718.7 1
9 3 592.3 1287.9 1
4 10 49.9 259.8 1
2 7 68.7 339.7 1
5 1 761.1 865.4 1
3 10 975.3 1209.6 1
3 6 1210.5 1970.4 1
2 4 1106.6 1409.7 1
0 4 333.8 845.9 1
0 8 228.2 685.2 1
3 5 468.0 705.1 1
0 3 211.8 836.6 1
3 8 665.2 1439.5 1
4 9 640.2 1535.3 1
3 10 368.3 675.3 1
6 3 41.1 598.8 1
7 3 231.8 1030.3 1
6 10 325.5 933.1 1
9 7 307.7 873.9 1
0 6 1096.8 1304.0 1
6 5 243.4 547.3 1
7 4 1218.1 1281.8 1
EOF
