NUM_STATIONS: 10
NUM_REQUESTS: 40
NUM_VEHICLES: 3
VEHICLE_CAPACITY: 1
DISTANCES
0 1 2.8
1 2 2.9
2 3 8.4
3 4 7.3
4 5 6.1
5 6 1.6
6 7 8.4
7 8 7.7
8 9 3.2
9 0 1.5
REQUEST_SECTION
4 8 230.9 523.0 1
3 10 97.7 270.0 1
6 4 133.6 336.8 1
1 6 127.6 326.1 1
0 4 247.0 406.2 1
5 3 241.5 530.2 1
6 9 38.1 304.9 1
1 10 236.6 314.2 1
1 9 159.8 428.8 1
0 6 138.8 243.1 1
6 9 10.1 306.7 1
5 6 221.3 389.2 1
9 3 204.4 289.1 1
6 2 147.6 208.3 1
9 3 158.6 308.4 1
0 2 206.3 462.3 1
9 5 41.4 117.8 1
7 4 3.0 259.7 1
1 5 32.0 182.4 1
5 4 69.7 221.7 1
8 5 163.4 406.2 1
7 6 13.3 112.5 1
4 1 165.0 351.5 1
4 10 156.3 446.5 1
7 5 93.4 377.1 1
1 10 44.9 147.6 1
3 5 168.0 377.3 1
2 5 28.7 272.1 1
6 8 102.5 279.2 1
4 7 33.7 140.3 1
9 1 86.5 227.9 1
6 3 240.1 372.4 1
8 9 218.5 381.3 1
6 3 28.1 169.8 1
5 2 48.3 236.7 1
8 5 150.9 349.7 1
7 9 12.3 152.5 1
5 4 15.4 219.5 1
0 2 190.1 252.0 1
2 4 12.4 297.7 1
EOF
