NUM_STATIONS: 10
NUM_REQUESTS: 40
NUM_VEHICLES: 2
VEHICLE_CAPACITY: 8
DISTANCES
0 1 5.8
1 2 5.9
2 3 5.5
3 4 4.6
4 5 6.6
5 6 8.5
6 7 2.2
7 8 4.0
8 9 2.7
9 0 5.9
REQUEST_SECTION
5 3 230.6 465.5 4
6 3 308.3 523.9 5
4 5 148.7 283.7 4
3 7 155.9 207.8 8
8 3 299.8 585.4 3
2 5 92.5 157.5 7
2 8 84.1 320.0 4
4 7 67.1 367.4 2
9 1 72.3 325.0 2
2 4 264.1 561.9 7
1 10 230.1 538.8 4
7 2 268.4 467.1 1
5 4 66.9 303.1 8
2 8 148.5 241.2 6
2 5 55.5 276.7 8
8 3 245.1 333.2 6
6 2 53.0 348.0 5
9 5 336.0 553.6 7
5 8 345.2 519.3 8
6 9 327.4 531.7 8
3 2 89.6 363.7 7
7 2 254.6 356.4 6
3 5 379.1 618.7 2
9 2 6.2 144.4 6
9 5 102.8 332.8 5
5 3 327.8 532.8 8
5 9 377.4 595.2 3
1 9 175.0 437.3 4
0 4 72.4 226.3 1
3 5 81.7 169.2 5
8 7 140.4 269.6 7
3 4 369.7 613.1 7
7 2 379.9 527.9 7
9 8 37.5 313.2 4
4 6 120.1 354.6 7
2 3 103.1 319.1 4
2 9 125.8 396.8 3
3 1 305.2 440.0 5
4 2 116.9 239.0 4
3 8 18.4 270.3 5
EOF
