NUM_STATIONS: 10
NUM_REQUESTS: 40
NUM_VEHICLES: 1
VEHICLE_CAPACITY: 8
DISTANCES
0 1 5.8
1 2 5.9
2 3 5.5
3 4 4.6
4 5 6.6
5 6 8.5
6 7 2.2
7 8 4.0
8 9 2.7
9 0 5.9
REQUEST_SECTION
5 3 1008.9 1103.4 7
6 3 234.0 626.3 4
4 5 527.0 987.4 6
3 7 109.2 272.0 1
8 3 669.4 1138.6 1
2 5 233.9 775.7 5
2 8 336.5 719.4 8
4 7 643.6 1001.2 6
9 1 354.9 613.4 6
2 4 962.7 1442.1 7
1 10 390.6 641.8 2
7 2 787.6 1254.3 5
5 4 580.1 1137.3 3
2 8 150.5 412.5 2
2 5 804.5 1046.5 7
8 3 487.7 583.5 1
6 2 355.2 486.7 3
9 5 845.2 1145.5 8
5 8 215.2 445.2 7
6 9 78.0 478.8 2
3 2 370.9 829.0 2
7 2 809.5 1024.4 3
3 5 580.6 920.7 2
9 2 74.5 337.0 2
9 5 111.8 349.0 2
5 3 645.5 726.8 8
5 9 741.8 1011.9 6
1 9 64.8 600.5 8
0 4 266.7 827.6 2
3 5 683.2 1131.1 2
8 7 447.1 935.5 6
3 4 827.4 1180.7 5
7 2 100.7 172.1 4
9 8 64.0 158.1 1
4 6 372.3 509.1 4
2 3 380.3 850.8 5
2 9 123.2 382.0 6
3 1 86.7 397.5 4
4 2 203.6 626.2 8
3 8 491.0 706.6 7
EOF
