NUM_STATIONS: 10
NUM_REQUESTS: 20
NUM_VEHICLES: 2
VEHICLE_CAPACITY: 1
DISTANCES
0 1 8.3
1 2 2.5
2 3 8.9
3 4 6.4
4 5 8.5
5 6 5.9
6 7 7.6
7 8 9.1
8 9 7.1
9 0 6.5
REQUEST_SECTION
4 1 338.5 514.3 1
9 3 321.6 520.7 1
9 10 57.8 159.2 1
7 2 254.8 364.6 1
9 1 62.6 273.2 1
4 2 156.6 348.3 1
1 10 296.1 515.8 1
1 5 228.3 411.8 1
5 7 136.3 327.9 1
6 7 186.4 291.7 1
2 1 303.3 475.4 1
0 3 249.7 463.5 1
8 5 167.2 350.5 1
0 6 341.0 441.9 1
3 2 193.1 307.8 1
1 2 251.9 487.6 1
0 9 339.1 542.5 1
2 5 166.9 307.8 1
2 1 253.0 483.4 1
9 8 50.3 267.7 1
EOF
