NUM_STATIONS: 10
NUM_REQUESTS: 160
NUM_VEHICLES: 2
VEHICLE_CAPACITY: 8
DISTANCES
0 1 3.3
1 2 8.6
2 3 9.8
3 4 4.8
4 5 3.7
5 6 5.0
6 7 1.8
7 8 2.0
8 9 1.3
9 0 2.7
REQUEST_SECTION
9 3 442.0 1657.5 3
8 4 1067.4 2232.4 1
4 8 1080.7 2014.4 5
6 3 313.7 1195.6 8
8 2 766.2 1703.2 2
7 2 1009.8 1460.0 8
8 1 1177.2 1548.4 1
6 4 236.0 1553.9 2
7 2 1282.2 2026.3 2
2 6 157.0 843.3 1
3 7 317.2 679.1 4
8 4 471.4 1308.9 6
0 8 787.1 1044.3 2
8 10 53.6 1211.2 7
8 2 451.6 1229.1 8
4 2 927.7 2074.5 2
3 5 147.4 902.3 2
5 7 642.7 1619.2 5
3 7 997.7 1258.0 7
7 4 867.1 1779.6 5
6 7 1160.7 2043.8 4
3 7 291.0 582.8 7
5 2 349.6 1032.6 6
4 7 937.7 2163.0 7
3 5 439.4 1315.3 5
1 3 1111.6 2128.4 7
9 10 117.6 969.8 6
3 6 228.9 535.8 1
3 7 152.6 1307.2 5
7 10 320.1 973.4 7
8 9 537.3 1827.7 6
3 9 1192.8 1772.0 6
4 7 946.7 1393.7 4
4 6 1016.0 2061.5 6
6 10 1177.2 2005.6 6
1 3 598.7 1721.9 1
8 7 164.7 1294.9 6
8 10 6.1 1248.2 5
2 1 522.5 946.3 5
5 1 1197.5 2414.2 1
2 4 500.5 1749.1 1
5 10 192.1 341.3 4
8 6 856.2 931.9 6
5 2 428.6 1249.1 1
6 2 832.4 1010.8 4
5 4 1283.5 2555.1 8
0 9 457.9 852.6 7
3 4 1120.9 1704.5 4
0 2 61.8 1302.5 2
9 7 946.9 1223.5 7
8 3 90.9 1213.8 2
1 4 521.1 602.9 1
3 1 1111.0 2102.3 8
2 7 1252.9 1582.0 6
3 10 659.1 1115.9 8
2 4 31.1 744.3 2
5 8 955.2 2100.4 3
8 1 1155.2 2417.0 2
2 3 1024.5 1334.6 2
6 8 979.0 1383.8 2
8 10 78.9 834.2 6
6 8 690.1 1794.4 5
2 6 1123.0 1942.9 2
6 7 550.4 1232.0 7
7 2 534.6 1287.7 2
0 7 199.0 1184.0 3
3 5 103.2 896.3 2
4 5 723.5 1133.7 5
5 2 308.7 609.9 7
5 4 995.3 1555.9 5
5 3 1046.7 1287.4 3
3 10 668.4 1289.0 5
6 7 691.5 1061.6 3
2 9 1055.1 1725.3 4
1 8 438.4 1582.9 2
0 1 865.8 2005.2 6
2 9 964.0 1376.4 1
9 5 1142.9 1512.6 1
6 5 913.8 2235.9 5
3 7 965.5 1560.3 2
7 1 951.9 1928.2 4
3 2 823.0 2015.3 4
2 7 1050.1 1702.2 5
1 8 372.3 1450.0 3
1 10 1170.8 1871.5 3
9 8 1053.3 1703.6 4
7 8 728.9 1126.7 7
2 7 278.9 1040.2 6
6 1 563.7 1097.9 7
7 3 518.0 1187.7 6
8 2 238.4 1001.5 3
2 6 720.4 887.9 8
8 6 820.3 1871.7 4
1 3 1110.8 1240.0 8
9 5 820.1 1357.1 1
0 3 358.3 604.2 8
5 10 582.9 1154.0 5
7 3 736.1 1782.5 7
5 10 239.1 347.2 1
6 2 279.3 1533.3 4
6 8 86.8 586.3 4
8 5 397.7 552.0 6
0 2 73.3 219.0 2
9 5 246.5 1404.2 8
8 3 824.2 2025.7 8
4 9 1173.3 1719.2 2
4 9 320.6 1403.2 5
1 6 250.5 1505.2 3
9 4 231.2 1474.1 7
9 6 65.9 1068.6 3
0 2 587.6 1420.6 4
6 8 935.5 1978.0 3
6 2 663.2 1951.8 6
2 6 143.0 397.3 5
6 3 155.1 1172.9 5
7 3 333.0 643.3 4
3 9 550.0 1647.5 7
6 10 286.6 1042.9 7
3 2 772.3 1922.7 4
9 1 1031.7 1781.2 4
6 9 1123.5 2296.5 3
4 9 516.7 943.8 3
3 9 621.5 667.9 8
8 5 810.1 1471.2 3
4 5 462.7 541.7 8
0 4 1052.8 1652.8 7
5 8 2.3 607.2 4
9 10 127.3 867.0 8
0 2 542.3 806.8 5
1 3 251.9 901.9 2
4 2 754.6 2018.8 1
4 3 783.5 1169.7 6
0 1 314.4 878.0 4
9 3 413.3 1542.7 2
5 6 705.3 1809.6 3
4 9 887.6 2132.8 8
5 2 509.9 1566.1 8
0 6 900.3 2184.5 5
1 9 1117.4 1732.3 2
9 3 260.8 1530.1 1
4 10 894.2 1921.0 7
2 7 413.0 1639.6 5
5 1 174.3 870.2 2
3 10 862.9 2009.3 1
3 6 251.7 545.4 2
2 4 705.5 1762.9 1
0 4 749.8 1928.7 4
0 8 957.5 2211.4 4
3 5 384.9 441.8 3
0 3 189.6 979.5 1
3 8 360.4 508.9 6
4 9 997.4 1698.3 5
3 10 1282.8 1978.5 6
6 3 542.1 1620.2 2
7 3 540.7 1031.1 1
6 10 678.8 1703.9 2
9 7 303.1 672.1 3
0 6 629.0 1522.8 2
6 5 969.7 1514.2 3
7 4 10.5 429.9 8
EOF
