NUM_STATIONS: 10
NUM_REQUESTS: 20
NUM_VEHICLES: 1
VEHICLE_CAPACITY: 1
DISTANCES
0 1 5.2
1 2 3.6
2 3 9.0
3 4 5.2
4 5 4.6
5 6 6.8
6 7 9.5
7 8 9.5
8 9 7.9
9 0 8.3
REQUEST_SECTION
3 5 467.2 1039.6 1
5 3 110.6 561.2 1
0 4 7.5 206.8 1
0 7 508.3 1069.9 1
0 5 429.1 849.3 1
3 5 324.5 854.6 1
2 7 233.8 392.6 1
4 5 445.7 730.4 1
7 10 485.8 685.3 1
4 5 422.4 844.0 1
9 5 348.2 807.4 1
5 8 193.5 422.8 1
0 8 202.7 293.2 1
4 5 102.4 417.5 1
1 9 361.8 729.0 1
7 8 396.7 914.6 1
1 3 347.8 472.2 1
1 8 96.2 332.2 1
6 3 323.2 731.4 1
6 7 75.8 284.0 1
EOF
