NUM_STATIONS: 10
NUM_REQUESTS: 40
NUM_VEHICLES: 1
VEHICLE_CAPACITY: 1
DISTANCES
0 1 3.4
1 2 6.2
2 3 7.9
3 4 7.1
4 5 5.2
5 6 1.5
6 7 5.2
7 8 1.2
8 9 5.0
9 0 2.1
REQUEST_SECTION
3 7 326.6 609.7 1
4 5 200.3 799.3 1
4 5 641.8 1010.6 1
2 9 683.7 1398.4 1
4 6 111.7 536.9 1
2 7 316.7 646.0 1
2 4 92.1 375.0 1
5 6 326.6 803.7 1
4 1 492.7 589.8 1
0 7 732.1 1414.7 1
6 3 28.8 228.7 1
0 2 152.4 632.8 1
9 3 94.7 278.3 1
7 6 481.3 531.0 1
7 5 547.3 633.3 1
3 7 467.5 788.4 1
4 2 285.1 463.4 1
0 9 252.4 816.0 1
2 3 749.1 964.0 1
2 9 12.6 531.1 1
0 4 188.7 868.9 1
2 10 448.2 836.3 1
2 6 73.1 258.7 1
8 4 786.8 1168.9 1
3 7 757.6 1030.5 1
0 1 253.0 765.0 1
7 1 632.5 1003.4 1
8 4 463.7 781.0 1
0 3 9.3 211.3 1
9 7 389.5 948.8 1
0 4 720.4 1152.6 1
7 2 122.3 651.9 1
8 6 3.5 84.1 1
4 10 620.2 1005.4 1
9 6 53.7 318.6 1
1 5 463.4 610.4 1
4 2 515.1 565.8 1
3 5 45.5 123.7 1
9 7 657.0 1350.0 1
5 7 821.1 935.9 1
EOF
