NUM_STATIONS: 10
NUM_REQUESTS: 160
NUM_VEHICLES: 2
VEHICLE_CAPACITY: 8
DISTANCES
0 1 6.3
1 2 1.5
2 3 7.8
3 4 9.8
4 5 9.9
5 6 6.9
6 7 1.6
7 8 5.2
8 9 2.2
9 0 6.8
REQUEST_SECTION
3 7 1726.5 1878.0 4
2 4 821.2 1767.4 4
2 7 1520.5 1823.2 5
7 4 372.5 1316.7 3
4 10 558.7 1256.3 4
1 4 622.9 1283.6 6
2 1 96.9 853.4 8
5 9 324.2 1308.6 3
7 3 168.4 831.6 3
0 7 564.3 1731.9 1
0 3 617.9 1452.4 8
0 5 807.8 874.8 4
0 3 1192.0 2183.0 4
8 4 966.6 1559.9 2
3 4 1113.9 2280.4 6
0 7 165.7 1099.0 6
5 4 1644.1 2486.4 4
9 8 758.1 1161.3 2
8 6 449.0 1317.9 2
9 7 1357.0 2409.3 3
9 4 511.9 1217.4 2
2 4 713.8 1231.3 4
9 3 1557.3 1767.6 6
9 5 514.6 1372.8 4
1 6 619.0 1784.4 3
9 4 322.6 533.0 5
9 2 540.4 764.8 8
7 2 428.9 852.9 3
3 9 1565.9 2197.4 2
1 2 1495.9 1906.9 3
5 6 1604.0 2143.7 7
0 8 1695.2 1892.3 1
1 4 534.4 1081.3 7
8 3 138.4 248.9 2
0 1 1213.9 1968.5 1
3 2 1709.3 2831.6 1
9 8 464.5 957.6 6
0 9 1421.9 2481.9 3
7 6 591.0 1419.8 4
6 2 1241.4 2453.5 4
2 3 1618.3 2610.7 2
2 3 1490.4 2192.7 6
2 8 371.4 1547.1 3
7 3 39.5 173.5 6
5 1 408.5 1472.7 3
9 6 1027.5 1310.0 2
0 2 0.7 248.4 3
5 2 336.2 1089.6 2
0 4 1094.9 1311.0 5
0 1 376.2 1496.2 3
8 5 939.4 1682.6 5
1 9 1453.1 2088.3 2
9 10 1564.6 2773.5 3
9 10 1609.0 2511.4 3
3 10 1441.5 1621.6 6
0 5 894.3 1628.6 2
9 3 575.8 642.8 4
1 7 309.2 425.0 4
2 9 1126.1 1297.6 4
2 9 787.0 1859.2 6
2 7 1602.9 1891.4 3
5 1 1164.8 1465.5 6
6 4 1365.2 2230.0 3
1 4 252.4 437.9 1
5 3 1484.5 2079.2 4
2 5 101.0 870.5 4
4 10 561.0 1519.5 1
0 6 412.0 1045.0 8
3 2 1673.1 1806.0 5
6 1 126.5 1126.5 3
6 1 1666.0 2749.2 5
7 1 871.4 1089.6 6
9 10 697.3 1341.7 2
3 4 135.9 394.6 6
3 6 1429.9 2224.8 7
1 4 463.6 684.3 1
2 4 414.4 1190.0 5
6 9 1216.5 1722.9 4
3 7 1352.4 2244.3 3
9 4 239.7 1249.9 5
5 4 328.2 663.5 5
0 3 1032.8 1692.2 4
1 3 1125.8 1265.7 7
9 1 602.0 695.2 7
4 3 367.4 761.9 6
9 10 1690.1 2713.2 2
8 7 619.7 1059.7 6
1 7 1010.6 1107.5 5
7 6 323.7 1108.5 1
2 5 1651.8 1819.0 2
0 2 781.5 1022.5 5
5 7 1121.1 2248.1 5
3 7 678.4 1298.4 4
4 10 590.1 1333.2 5
5 10 1658.4 2330.4 6
7 5 1341.0 1431.2 4
1 6 1720.5 2796.0 4
7 1 1672.1 2378.7 1
1 5 95.1 813.3 2
6 8 1662.9 2088.3 1
3 5 464.9 1429.1 1
9 7 127.0 499.0 7
4 9 979.2 1092.5 4
7 4 242.1 540.2 8
4 9 1416.5 2006.7 3
8 2 34.3 636.6 7
4 9 1076.6 1270.5 2
2 1 1020.8 2016.1 3
8 10 658.5 1596.0 3
5 1 1184.8 1697.0 7
9 1 1099.5 1604.7 7
0 4 536.9 629.0 6
0 2 1084.2 1994.7 4
6 1 1434.0 1592.9 4
5 4 1568.8 2697.8 6
5 1 1511.0 2195.0 2
0 9 842.9 1413.1 2
6 9 1655.4 2008.7 8
6 5 1562.8 1962.4 1
7 9 722.1 821.2 5
8 6 637.2 956.4 3
1 6 1274.9 1698.3 5
2 8 1168.3 1468.7 2
1 9 507.9 1492.5 8
0 8 1531.8 2030.0 5
7 1 1082.1 2230.7 1
3 9 617.1 1700.7 8
7 10 101.0 159.4 2
2 4 616.8 1247.1 7
8 7 1300.6 2232.8 3
7 1 403.9 1292.7 6
3 7 472.7 1377.7 3
9 5 1442.6 1896.5 4
0 8 1169.9 1723.3 5
9 3 593.6 1058.5 8
5 8 1523.6 1826.2 3
1 3 1314.1 2135.6 4
1 9 204.3 1289.2 3
5 9 130.6 1056.3 7
2 5 923.6 1185.3 4
8 3 209.0 1011.9 5
1 8 420.4 1454.3 3
6 9 1318.6 1764.5 5
0 9 1290.3 2355.3 6
4 7 371.0 1044.4 1
2 8 992.9 1495.0 5
1 6 1142.6 2172.8 4
1 10 197.0 997.3 2
0 5 1311.3 1475.3 1
3 9 299.3 1313.5 5
5 9 704.3 1804.2 4
4 5 1029.5 1799.8 1
7 1 1040.1 1533.1 2
9 1 291.5 980.7 7
4 10 521.9 629.6 3
6 1 36.4 534.0 6
7 3 1300.4 2017.4 6
3 8 306.6 400.1 2
0 9 780.1 993.1 2
5 3 1517.2 1790.6 2
EOF
