NUM_STATIONS: 10
NUM_REQUESTS: 40
NUM_VEHICLES: 2
VEHICLE_CAPACITY: 8
DISTANCES
0 1 3.4
1 2 6.2
2 3 7.9
3 4 7.1
4 5 5.2
5 6 1.5
6 7 5.2
7 8 1.2
8 9 5.0
9 0 2.1
REQUEST_SECTION
3 7 129.4 327.5 3
4 5 19.7 65.0 2
4 5 284.3 342.0 2
2 9 173.7 454.8 8
4 6 143.6 333.8 4
2 7 103.3 233.5 6
2 4 160.6 470.2 8
5 6 295.9 376.8 7
4 1 230.6 401.9 6
0 7 310.0 429.2 2
6 3 217.8 431.5 6
0 2 247.5 465.7 2
9 3 205.2 552.4 1
7 6 66.6 327.0 1
7 5 100.3 440.6 8
3 7 143.3 383.4 6
4 2 75.0 126.8 1
0 9 282.0 369.1 2
2 3 130.6 404.1 2
2 9 246.9 541.8 7
0 4 266.7 353.2 3
2 10 20.9 367.8 4
2 6 215.2 431.4 7
8 4 181.1 328.8 5
3 7 218.2 455.4 8
0 1 262.4 373.4 5
7 1 134.4 256.2 7
8 4 192.2 275.3 6
0 3 30.1 385.1 2
9 7 322.2 451.0 4
0 4 208.8 585.2 3
7 2 108.1 449.2 2
8 6 147.6 453.2 6
4 10 18.1 374.1 4
9 6 331.3 675.0 3
1 5 15.6 106.3 6
4 2 78.1 205.3 1
3 5 200.6 575.9 3
9 7 46.9 184.1 3
5 7 309.6 612.6 3
EOF
