NUM_STATIONS: 10
NUM_REQUESTS: 80
NUM_VEHICLES: 2
VEHICLE_CAPACITY: 8
DISTANCES
0 1 9.9
1 2 5.8
2 3 2.8
3 4 4.2
4 5 8.2
5 6 9.6
6 7 7.3
7 8 4.0
8 9 8.9
9 0 4.1
REQUEST_SECTION
8 2 184.5 538.3 1
3 8 845.3 935.4 8
0 4 618.2 973.9 5
4 8 683.5 908.7 7
7 10 829.5 1499.5 7
4 1 147.9 362.7 6
1 9 349.5 737.6 1
3 6 39.1 473.4 7
5 9 916.6 1114.4 4
9 5 339.8 431.0 2
1 7 13.1 236.7 1
7 3 284.7 625.7 7
9 7 1.9 388.9 2
1 6 594.6 766.1 7
5 3 97.7 541.7 4
0 4 207.2 436.4 3
7 1 110.2 240.0 5
0 4 591.4 1183.7 3
2 9 6.4 626.4 2
0 6 374.9 611.1 7
0 9 938.9 1339.6 6
4 10 546.5 926.6 5
2 5 743.9 1420.7 6
1 10 851.1 1146.9 6
7 10 795.0 1470.7 2
2 10 378.5 718.0 6
3 8 777.8 1098.1 4
5 8 37.0 460.1 2
6 8 192.3 620.7 2
6 5 169.5 269.7 5
5 10 754.9 997.1 3
2 8 946.7 1372.9 3
8 9 645.6 1130.4 4
2 7 674.7 940.3 6
4 6 112.1 808.9 4
5 8 521.9 929.0 5
9 8 460.1 1104.5 3
3 1 193.7 336.5 4
3 4 289.4 804.9 4
2 6 448.3 934.3 4
4 9 519.2 1211.5 2
7 5 199.5 895.6 5
6 4 506.6 1106.4 6
7 3 463.5 925.0 2
5 10 427.0 987.5 7
3 8 448.2 1051.8 7
9 6 813.1 1477.0 5
5 1 924.4 1366.3 5
8 4 935.1 1202.3 6
0 5 834.9 1094.9 2
5 10 320.1 735.9 1
7 5 960.7 1519.0 2
6 10 805.1 1392.3 4
6 1 466.3 768.3 5
2 6 451.4 896.3 8
4 5 467.9 614.4 5
7 3 136.8 674.6 6
0 4 495.3 900.8 5
0 9 149.6 509.2 8
4 10 61.3 417.3 5
2 1 265.0 691.9 8
1 10 212.5 737.1 2
0 7 669.2 1158.2 2
0 4 423.0 600.6 2
2 6 559.3 1261.1 3
6 8 737.4 1312.0 3
7 9 70.2 216.5 1
0 1 36.9 279.3 2
3 6 745.8 893.3 1
5 1 931.3 1010.5 5
1 8 892.9 1605.7 3
7 5 538.8 1025.0 4
3 2 314.1 878.9 3
2 5 848.4 1130.6 6
4 2 407.7 1102.9 7
7 10 161.4 346.5 3
3 7 706.1 1393.6 5
4 6 271.2 770.3 8
1 2 561.8 675.2 8
1 8 92.7 191.9 7
EOF
