NUM_STATIONS: 10
NUM_REQUESTS: 80
NUM_VEHICLES: 1
VEHICLE_CAPACITY: 8
DISTANCES
0 1 5.3
1 2 5.1
2 3 4.1
3 4 5.8
4 5 8.8
5 6 4.0
6 7 7.4
7 8 2.6
8 9 6.4
9 0 5.7
REQUEST_SECTION
7 4 793.1 1043.0 1
7 1 1006.0 1347.6 2
9 2 186.4 1331.1 2
2 9 1048.6 1486.7 8
6 10 440.2 500.5 5
0 9 1350.5 1672.6 1
6 8 1132.5 1505.6 6
2 3 1144.6 2614.3 2
4 7 1137.1 2476.7 2
1 4 986.5 2439.7 3
5 9 932.8 2217.7 7
7 1 833.5 2396.7 2
5 3 594.3 1128.6 2
4 10 539.8 1112.9 2
0 1 1360.4 1579.1 6
8 9 1168.5 2090.1 5
8 2 1332.7 1849.2 7
8 4 1389.0 2943.5 6
1 5 1465.0 2530.0 1
5 3 577.0 973.6 4
8 2 829.3 1328.1 6
3 6 1232.3 1751.9 6
5 4 624.4 1777.6 8
7 9 856.3 2532.2 4
3 5 868.0 1888.7 4
7 8 598.3 1598.0 7
0 8 978.0 1451.4 5
9 2 984.6 2053.2 6
1 6 1402.5 2287.8 7
4 7 478.4 1693.2 4
0 7 979.8 2171.9 1
5 7 224.8 1894.3 1
4 7 408.2 1315.4 8
1 6 990.3 2376.0 6
0 9 1548.3 2315.1 4
8 9 609.5 1559.2 7
2 5 1374.1 2634.9 7
1 10 1075.3 2415.1 7
3 2 32.7 167.8 4
9 6 545.5 2227.4 6
7 8 351.2 1037.7 7
6 8 878.9 2506.5 2
6 3 80.0 626.2 1
0 6 1015.6 2611.0 8
1 6 465.9 1325.3 3
0 7 209.1 1750.3 5
6 3 1058.0 1656.9 7
3 2 1248.0 2659.4 6
8 10 1033.4 2086.2 8
6 3 1330.1 1974.1 2
9 8 75.5 169.4 5
1 6 375.4 1894.0 1
3 2 919.7 2187.4 4
2 5 1225.3 1732.0 2
6 1 1642.3 2431.5 5
9 4 125.6 634.1 1
7 9 1284.4 1897.5 6
1 2 1412.5 3105.9 3
8 4 278.2 1031.7 5
3 7 284.9 810.7 1
1 8 1095.6 1944.5 8
3 5 619.6 1573.8 4
6 4 498.3 988.2 4
5 9 150.4 1409.8 2
4 3 285.6 508.5 2
1 8 56.4 246.2 7
0 9 1486.7 2493.6 8
9 5 1014.1 1764.1 8
2 9 634.7 1365.9 8
6 2 1460.0 2212.0 7
9 1 975.1 1417.9 6
9 3 1419.8 2778.7 2
5 2 1080.3 1795.8 5
8 10 1215.5 2472.3 2
3 7 153.5 963.6 3
7 5 61.0 1136.3 6
0 5 665.5 1550.2 1
6 1 377.8 937.0 1
7 1 1353.2 1429.9 3
3 9 1362.6 2913.5 5
EOF
