NUM_STATIONS: 10
NUM_REQUESTS: 20
NUM_VEHICLES: 1
VEHICLE_CAPACITY: 1
DISTANCES
0 1 8.9
1 2 4.6
2 3 7.4
3 4 8.4
4 5 9.1
5 6 4.1
6 7 8.9
7 8 3.5
8 9 7.1
9 0 5.5
REQUEST_SECTION
2 3 349.8 611.4 1
4 1 182.1 522.5 1
1 10 189.1 335.6 1
5 4 122.2 352.3 1
6 5 339.2 693.4 1
0 8 214.5 580.3 1
2 9 127.1 285.4 1
9 1 500.7 703.9 1
2 3 164.2 698.1 1
5 9 1.5 132.5 1
6 4 102.4 427.6 1
5 1 434.9 932.9 1
8 4 349.7 621.4 1
8 1 17.5 556.7 1
9 2 41.3 595.6 1
5 8 133.8 322.6 1
3 5 14.3 552.4 1
8 1 349.0 780.6 1
4 9 45.6 587.7 1
6 4 502.6 622.9 1
EOF
