NUM_STATIONS: 10
NUM_REQUESTS: 160
NUM_VEHICLES: 2
VEHICLE_CAPACITY: 8
DISTANCES
0 1 7.9
1 2 8.7
2 3 5.6
3 4 8.4
4 5 6.3
5 6 1.2
6 7 4.8
7 8 8.8
8 9 1.4
9 0 2.6
REQUEST_SECTION
0 1 1553.1 2577.5 4
7 1 1325.9 1756.4 2
6 4 1320.3 2012.8 7
1 3 1512.5 1907.1 2
3 4 1303.3 2397.0 8
6 5 978.9 1968.0 6
7 4 353.9 739.5 2
2 1 1115.9 1204.6 5
6 2 544.6 1288.0 7
1 2 1446.4 1973.4 7
1 6 1137.7 2018.1 2
5 4 1225.5 1937.0 4
4 2 740.0 1249.9 1
8 6 648.8 1191.7 3
6 7 1392.3 2504.9 6
7 1 317.4 865.2 6
6 5 1414.3 1527.4 5
0 8 871.5 1024.0 4
9 7 954.4 1451.1 2
7 3 115.2 287.4 8
5 6 1064.0 1462.4 4
1 10 1123.7 1211.3 4
9 4 193.4 473.8 4
0 1 59.0 1172.1 7
3 5 434.0 977.4 3
8 7 809.3 1595.9 1
3 8 560.8 1196.3 2
0 1 1076.0 1477.2 7
7 2 378.3 904.8 5
4 6 868.1 1956.1 4
1 9 1577.7 1992.7 6
1 7 212.7 1378.2 2
7 10 729.3 1191.7 8
4 6 1079.7 1218.5 8
7 5 1102.0 1480.1 5
8 1 315.7 1249.5 4
2 8 750.6 865.7 6
3 10 1420.5 1534.8 8
7 8 1543.4 1638.7 5
7 10 1274.3 1366.6 6
3 7 911.8 1134.5 8
9 10 1151.1 1254.4 1
5 2 447.2 928.5 5
7 1 356.9 1430.7 8
1 10 1546.0 2689.6 6
9 10 178.4 1222.7 1
3 4 1547.0 2600.2 1
9 10 1587.9 2196.7 4
5 6 1471.0 1930.8 2
1 4 1388.8 2309.4 7
1 3 1307.3 1824.0 7
8 2 1515.3 1735.5 7
2 7 492.1 1139.7 7
8 1 107.3 208.6 5
3 6 426.2 1351.3 4
6 7 1467.0 1983.5 3
4 9 511.4 1101.7 4
3 5 1167.3 1661.3 2
5 6 336.1 943.9 3
9 5 273.5 1393.3 2
4 10 802.2 1791.7 5
0 4 1272.3 1836.1 4
9 10 739.5 1371.0 6
1 7 836.4 1598.9 5
8 6 561.7 1354.8 4
2 8 535.4 1625.1 6
5 1 7.9 1085.2 6
9 1 1237.8 1679.2 6
8 4 956.6 1163.7 4
6 4 936.0 1246.5 5
3 5 1107.9 1857.7 8
7 1 427.8 1247.1 1
0 7 1386.9 2172.4 7
5 9 418.8 1549.2 1
1 9 1480.9 2600.7 1
4 1 884.8 992.7 2
9 3 572.7 904.7 1
8 5 551.3 673.8 1
6 10 1300.7 1557.6 4
7 1 1511.5 1847.4 2
3 10 529.3 1497.9 4
6 8 1359.8 2419.5 7
5 8 176.3 1132.1 1
9 8 1607.4 1986.2 3
7 4 633.9 880.4 5
0 4 1262.9 1685.3 5
2 9 9.3 991.3 1
0 7 823.5 1191.9 5
0 4 1582.1 1949.9 7
1 6 794.3 1780.7 7
0 6 789.7 1573.5 7
0 5 895.0 1211.1 1
7 1 1419.3 2357.2 8
1 3 1288.9 2227.9 2
3 8 351.5 1407.2 2
7 2 744.6 1596.9 5
6 2 104.7 390.3 1
8 9 567.7 708.5 5
0 3 1588.3 2571.6 8
2 7 781.6 842.6 8
6 1 1478.5 2340.6 1
8 9 197.4 1266.5 6
6 4 1376.7 2132.2 5
0 4 1302.1 2299.5 1
7 3 671.8 963.7 5
6 4 1286.5 1656.7 8
3 8 1481.4 1712.7 5
9 7 787.7 1251.5 2
3 1 994.7 1357.2 1
2 8 49.7 984.1 3
3 2 644.8 1336.0 6
1 10 737.4 1118.4 2
8 5 1535.1 2575.9 2
1 8 222.4 523.2 3
1 10 1450.8 1893.6 2
8 10 1099.9 1167.3 2
6 8 1177.2 1832.5 7
3 6 64.9 973.0 5
8 9 1193.4 1322.2 3
2 7 1298.3 2035.4 7
0 7 389.0 928.6 5
6 2 1126.5 1353.8 6
3 1 339.7 1045.7 8
5 8 945.2 1532.7 1
4 6 1355.8 2081.7 3
5 3 1524.4 2246.2 6
6 1 1162.5 2188.0 8
2 9 195.0 836.2 3
1 10 1181.2 1768.7 6
0 5 849.6 1860.4 4
1 5 42.7 316.8 5
7 6 517.2 1348.7 3
1 6 463.2 1513.5 6
5 10 1182.9 1567.0 3
4 10 1178.9 2239.9 3
7 8 824.7 1745.5 3
5 7 236.9 1331.5 1
5 8 1246.3 1577.0 5
3 8 41.6 621.7 1
6 8 1439.8 1668.9 1
7 1 1233.0 2004.3 6
9 6 1605.1 2286.7 7
1 10 1085.6 1264.9 7
1 5 803.1 1536.9 3
1 9 173.6 285.9 5
4 6 1228.1 2005.9 4
7 6 1341.9 2047.1 1
6 9 752.9 1583.0 6
7 2 399.2 982.4 5
5 7 1652.0 2684.3 5
7 10 1057.8 1643.0 3
3 8 262.8 1291.9 8
1 3 1458.6 2148.1 6
2 8 726.9 1539.0 8
4 2 1425.9 2213.8 5
5 8 152.7 1236.5 4
4 2 1670.9 1856.4 1
4 2 548.7 813.8 8
9 8 421.3 614.0 1
0 9 333.0 1235.6 5
EOF
