NUM_STATIONS: 10
NUM_REQUESTS: 40
NUM_VEHICLES: 1
VEHICLE_CAPACITY: 4
DISTANCES
0 1 3.4
1 2 6.2
2 3 7.9
3 4 7.1
4 5 5.2
5 6 1.5
6 7 5.2
7 8 1.2
8 9 5.0
9 0 2.1
REQUEST_SECTION
3 7 482.5 670.5 2
4 5 221.9 646.5 2
4 5 721.8 946.6 4
2 9 402.7 709.1 3
4 6 451.0 854.8 4
2 7 140.6 446.6 2
2 4 545.9 941.9 1
5 6 423.2 623.7 1
4 1 604.4 664.2 4
0 7 754.1 1046.2 4
6 3 127.2 312.5 1
0 2 170.4 330.9 2
9 3 749.6 1070.2 2
7 6 554.8 790.2 4
7 5 494.9 564.5 2
3 7 753.5 919.8 4
4 2 89.4 272.5 2
0 9 869.6 1134.0 3
2 3 685.3 1126.7 2
2 9 772.8 1212.5 3
0 4 509.4 998.1 1
2 10 566.9 793.5 3
2 6 190.8 361.0 3
8 4 473.0 606.2 1
3 7 139.9 305.8 4
0 1 713.5 1019.0 3
7 1 626.0 990.5 4
8 4 643.4 964.9 1
0 3 444.3 798.4 4
9 7 399.7 527.0 4
0 4 351.6 713.1 4
7 2 734.2 853.4 2
8 6 3.8 315.5 4
4 10 725.7 1109.9 4
9 6 835.8 1095.4 1
1 5 663.0 894.6 4
4 2 40.7 350.8 3
3 5 850.3 1115.0 2
9 7 607.1 757.8 4
5 7 49.9 127.2 3
EOF
