NUM_STATIONS: 10
NUM_REQUESTS: 160
NUM_VEHICLES: 3
VEHICLE_CAPACITY: 1
DISTANCES
0 1 3.3
1 2 8.6
2 3 9.8
3 4 4.8
4 5 3.7
5 6 5.0
6 7 1.8
7 8 2.0
8 9 1.3
9 0 2.7
REQUEST_SECTION
9 3 495.8 938.2 1
8 4 27.0 311.1 1
4 8 796.7 1237.8 1
6 3 538.5 684.3 1
8 2 231.0 826.1 1
7 2 374.8 633.4 1
8 1 661.0 786.3 1
6 4 105.6 431.7 1
7 2 559.0 1042.3 1
2 6 481.5 568.6 1
3 7 614.1 850.2 1
8 4 423.2 645.8 1
0 8 355.8 655.8 1
8 10 129.3 735.5 1
8 2 92.5 582.6 1
4 2 251.3 410.3 1
3 5 138.5 577.4 1
5 7 799.1 1343.1 1
3 7 581.0 1106.0 1
7 4 453.9 669.3 1
6 7 574.3 698.2 1
3 7 665.2 845.6 1
5 2 15.2 478.9 1
4 7 268.6 465.6 1
3 5 127.8 173.1 1
1 3 0.2 169.5 1
9 10 650.9 881.1 1
3 6 709.3 887.8 1
3 7 489.4 768.4 1
7 10 266.6 697.3 1
8 9 727.1 1182.8 1
3 9 303.9 698.6 1
4 7 600.8 1064.1 1
4 6 294.1 597.7 1
6 10 612.6 714.7 1
1 3 479.8 581.8 1
8 7 762.1 1121.8 1
8 10 217.8 520.4 1
2 1 613.6 1104.9 1
5 1 663.5 1121.9 1
2 4 206.2 559.3 1
5 10 306.8 699.6 1
8 6 581.2 1176.2 1
5 2 404.7 608.3 1
6 2 205.5 793.8 1
5 4 224.5 482.1 1
0 9 759.5 879.3 1
3 4 579.5 1181.2 1
0 2 378.6 959.0 1
9 7 401.7 876.7 1
8 3 312.9 696.4 1
1 4 435.0 871.0 1
3 1 262.5 542.0 1
2 7 791.9 1162.9 1
3 10 678.5 785.2 1
2 4 507.3 882.6 1
5 8 665.8 1098.7 1
8 1 402.1 1000.0 1
2 3 766.6 856.2 1
6 8 472.6 823.9 1
8 10 601.8 972.1 1
6 8 572.5 1072.1 1
2 6 570.2 772.3 1
6 7 249.2 385.8 1
7 2 585.2 772.1 1
0 7 845.6 1439.5 1
3 5 208.0 578.2 1
4 5 259.8 722.2 1
5 2 384.7 699.6 1
5 4 670.3 904.9 1
5 3 688.3 1092.9 1
3 10 610.5 1202.5 1
6 7 302.8 622.5 1
2 9 64.1 275.7 1
1 8 266.1 345.1 1
0 1 232.2 770.4 1
2 9 68.6 255.1 1
9 5 490.6 843.7 1
6 5 387.5 972.1 1
3 7 24.0 437.7 1
7 1 134.7 358.5 1
3 2 789.4 964.1 1
2 7 538.6 744.0 1
1 8 766.3 1303.4 1
1 10 319.3 887.9 1
9 8 545.6 605.7 1
7 8 273.6 453.0 1
2 7 701.7 1193.4 1
6 1 584.1 999.6 1
7 3 597.8 771.3 1
8 2 581.9 1048.0 1
2 6 677.1 863.7 1
8 6 603.3 837.3 1
1 3 230.6 526.0 1
9 5 608.6 849.8 1
0 3 335.9 887.1 1
5 10 344.3 595.0 1
7 3 442.0 508.2 1
5 10 724.0 1257.0 1
6 2 105.6 164.6 1
6 8 27.5 200.3 1
8 5 844.3 1390.7 1
0 2 250.4 671.5 1
9 5 176.9 300.0 1
8 3 831.0 1107.0 1
4 9 447.0 743.3 1
4 9 843.3 1035.3 1
1 6 86.3 238.2 1
9 4 425.7 699.5 1
9 6 153.2 739.6 1
0 2 408.5 998.5 1
6 8 374.0 814.5 1
6 2 118.1 205.1 1
2 6 94.1 476.8 1
6 3 539.8 682.8 1
7 3 511.1 1048.0 1
3 9 562.9 633.4 1
6 10 763.9 1047.8 1
3 2 373.1 620.8 1
9 1 560.7 975.5 1
6 9 252.8 504.6 1
4 9 224.2 274.7 1
3 9 696.3 1285.3 1
8 5 767.6 849.3 1
4 5 292.3 423.0 1
0 4 620.5 961.7 1
5 8 629.0 915.3 1
9 10 546.9 935.1 1
0 2 549.3 860.5 1
1 3 11.3 158.2 1
4 2 438.7 905.3 1
4 3 485.2 581.5 1
0 1 110.8 202.5 1
9 3 734.4 1269.6 1
5 6 511.2 770.1 1
4 9 262.3 797.2 1
5 2 836.6 1111.8 1
0 6 35.5 525.9 1
1 9 624.5 797.0 1
9 3 388.0 731.1 1
4 10 392.8 585.2 1
2 7 177.0 774.9 1
5 1 675.9 962.4 1
3 10 662.6 852.4 1
3 6 103.8 581.3 1
2 4 327.2 685.3 1
0 4 159.7 526.7 1
0 8 686.0 1228.7 1
3 5 303.3 896.6 1
0 3 598.8 911.1 1
3 8 114.7 295.9 1
4 9 462.0 850.3 1
3 10 818.2 1178.7 1
6 3 229.3 702.6 1
7 3 558.3 835.1 1
6 10 429.3 952.6 1
9 7 671.0 867.6 1
0 6 579.7 1115.8 1
6 5 551.8 905.6 1
7 4 678.1 1162.2 1
EOF
