NUM_STATIONS: 10
NUM_REQUESTS: 160
NUM_VEHICLES: 2
VEHICLE_CAPACITY: 1
DISTANCES
0 1 3.3
1 2 8.6
2 3 9.8
3 4 4.8
4 5 3.7
5 6 5.0
6 7 1.8
7 8 2.0
8 9 1.3
9 0 2.7
REQUEST_SECTION
9 3 495.2 1675.1 1
8 4 1672.5 2739.0 1
4 8 601.0 963.1 1
6 3 964.8 1060.1 1
8 2 869.6 1441.3 1
7 2 472.1 1783.4 1
8 1 596.7 707.5 1
6 4 424.8 760.9 1
7 2 1054.1 2246.8 1
2 6 1636.8 2838.3 1
3 7 1193.5 2340.8 1
8 4 1511.4 1963.2 1
0 8 1513.8 2732.1 1
8 10 164.7 1304.6 1
8 2 1376.2 1939.5 1
4 2 665.9 912.5 1
3 5 1594.2 1814.2 1
5 7 236.7 530.0 1
3 7 1006.1 1066.8 1
7 4 933.8 1171.7 1
6 7 570.4 1226.9 1
3 7 694.4 1706.7 1
5 2 265.6 1044.7 1
4 7 118.3 174.0 1
3 5 624.1 1799.9 1
1 3 1280.7 2491.9 1
9 10 1029.9 1240.2 1
3 6 1409.2 1623.2 1
3 7 1472.7 2467.1 1
7 10 533.2 925.9 1
8 9 1602.2 1792.4 1
3 9 252.0 1083.2 1
4 7 348.3 1575.8 1
4 6 740.7 795.3 1
6 10 225.9 507.5 1
1 3 542.6 1695.9 1
8 7 754.5 1353.8 1
8 10 1126.8 2172.4 1
2 1 522.4 1472.5 1
5 1 212.1 1376.9 1
2 4 887.2 1833.8 1
5 10 1522.4 1962.5 1
8 6 19.8 1140.1 1
5 2 999.6 1148.2 1
6 2 1106.6 1788.0 1
5 4 1114.6 1889.0 1
0 9 1156.1 1544.8 1
3 4 1314.7 2500.9 1
0 2 1348.2 1964.1 1
9 7 835.3 1655.2 1
8 3 235.6 990.1 1
1 4 1301.6 2350.1 1
3 1 460.8 776.0 1
2 7 825.1 2113.5 1
3 10 573.0 735.6 1
2 4 1266.9 1421.3 1
5 8 895.5 1285.7 1
8 1 1538.0 2601.3 1
2 3 165.3 1143.1 1
6 8 321.4 810.7 1
8 10 1621.8 2076.8 1
6 8 1633.5 2290.5 1
2 6 127.0 1406.4 1
6 7 374.4 846.2 1
7 2 1532.6 1989.7 1
0 7 1221.5 1270.0 1
3 5 1351.9 2439.9 1
4 5 65.7 965.3 1
5 2 1350.5 1591.3 1
5 4 182.6 1359.2 1
5 3 1389.5 1793.2 1
3 10 900.0 1037.9 1
6 7 611.0 1808.4 1
2 9 128.9 1090.2 1
1 8 97.3 713.2 1
0 1 1607.8 1993.6 1
2 9 1709.2 2722.2 1
9 5 1439.7 1980.0 1
6 5 369.9 663.7 1
3 7 1282.9 1900.0 1
7 1 461.9 1238.8 1
3 2 513.4 1693.3 1
2 7 519.9 1290.6 1
1 8 1021.0 1619.9 1
1 10 856.9 907.3 1
9 8 930.6 1919.7 1
7 8 572.6 1543.8 1
2 7 635.3 1211.5 1
6 1 905.2 1349.2 1
7 3 859.0 1001.2 1
8 2 212.5 959.9 1
2 6 723.4 1196.6 1
8 6 969.6 1975.7 1
1 3 1221.1 1703.3 1
9 5 368.3 1533.5 1
0 3 1523.7 2707.2 1
5 10 319.0 1156.9 1
7 3 375.5 1165.7 1
5 10 1587.8 2043.2 1
6 2 273.2 513.0 1
6 8 748.0 1972.4 1
8 5 1000.8 1563.9 1
0 2 913.7 1956.4 1
9 5 765.9 1896.8 1
8 3 134.9 999.2 1
4 9 68.4 809.1 1
4 9 961.2 1641.3 1
1 6 864.4 1167.2 1
9 4 1625.8 2517.1 1
9 6 1290.6 1389.7 1
0 2 372.0 1456.1 1
6 8 774.5 1423.1 1
6 2 771.4 1196.1 1
2 6 384.9 536.6 1
6 3 1608.0 2282.1 1
7 3 1259.2 1375.0 1
3 9 276.9 904.2 1
6 10 1375.4 1954.1 1
3 2 120.6 1080.2 1
9 1 354.0 734.2 1
6 9 991.2 1568.4 1
4 9 571.7 1169.4 1
3 9 1134.6 2020.8 1
8 5 571.3 1482.1 1
4 5 1673.2 2036.0 1
0 4 1586.9 2721.8 1
5 8 684.0 1658.1 1
9 10 907.1 1166.6 1
0 2 684.1 1812.2 1
1 3 1457.0 1551.7 1
4 2 1110.8 1664.9 1
4 3 1048.0 1769.6 1
0 1 1318.4 2101.5 1
9 3 949.2 2223.8 1
5 6 1091.7 2034.9 1
4 9 656.0 1611.6 1
5 2 225.1 1017.4 1
0 6 1384.4 2349.4 1
1 9 1290.2 1722.9 1
9 3 578.8 1544.5 1
4 10 17.0 937.8 1
2 7 1673.9 2712.6 1
5 1 1660.9 2014.7 1
3 10 849.8 1029.5 1
3 6 1544.3 2751.6 1
2 4 707.4 1715.9 1
0 4 680.4 1067.1 1
0 8 614.9 798.5 1
3 5 1520.2 2404.6 1
0 3 1667.7 2831.1 1
3 8 1641.8 2735.6 1
4 9 1697.4 2249.6 1
3 10 634.9 1306.9 1
6 3 1147.4 1231.9 1
7 3 326.2 1161.2 1
6 10 390.4 1011.1 1
9 7 1609.1 2343.8 1
0 6 740.9 1412.1 1
6 5 287.9 1478.2 1
7 4 12.9 785.9 1
EOF
