NUM_STATIONS: 10
NUM_REQUESTS: 20
NUM_VEHICLES: 2
VEHICLE_CAPACITY: 1
DISTANCES
0 1 8.3
1 2 2.5
2 3 8.9
3 4 6.4
4 5 8.5
5 6 5.9
6 7 7.6
7 8 9.1
8 9 7.1
9 0 6.5
REQUEST_SECTION
4 1 221.9 395.4 1
9 3 79.6 192.9 1
9 10 125.5 260.2 1
7 2 140.3 314.8 1
9 1 43.6 194.0 1
4 2 173.2 355.2 1
1 10 85.9 302.5 1
1 5 184.6 343.7 1
5 7 99.2 173.6 1
6 7 201.4 407.6 1
2 1 41.9 256.9 1
0 3 180.1 369.4 1
8 5 254.0 391.3 1
0 6 262.7 486.0 1
3 2 66.3 175.3 1
1 2 166.8 249.9 1
0 9 203.0 280.4 1
2 5 207.2 318.7 1
2 1 255.1 475.1 1
9 8 168.5 341.7 1
EOF
