NUM_STATIONS: 10
NUM_REQUESTS: 40
NUM_VEHICLES: 1
VEHICLE_CAPACITY: 4
DISTANCES
0 1 3.4
1 2 6.2
2 3 7.9
3 4 7.1
4 5 5.2
5 6 1.5
6 7 5.2
7 8 1.2
8 9 5.0
9 0 2.1
REQUEST_SECTION
3 7 236.9 365.4 2
4 5 541.2 938.7 2
4 5 466.6 818.1 4
2 9 244.9 336.6 3
4 6 70.7 343.9 4
2 7 10.1 474.4 2
2 4 620.2 771.7 1
5 6 581.0 846.0 1
4 1 591.6 802.1 4
0 7 244.1 370.9 4
6 3 41.7 498.3 1
0 2 348.3 641.0 2
9 3 26.5 369.5 2
7 6 611.1 949.4 4
7 5 180.0 465.7 2
3 7 159.4 343.6 4
4 2 650.9 771.5 2
0 9 91.1 518.5 3
2 3 267.4 637.2 2
2 9 567.7 778.3 3
0 4 64.3 517.4 1
2 10 142.7 501.7 3
2 6 166.9 474.4 3
8 4 388.8 570.5 1
3 7 50.0 518.1 4
0 1 360.2 780.3 3
7 1 669.6 1043.6 4
8 4 168.3 224.1 1
0 3 547.0 890.9 4
9 7 315.4 479.3 4
0 4 464.9 611.5 4
7 2 212.2 458.1 2
8 6 264.1 514.0 4
4 10 520.1 973.1 4
9 6 77.5 266.4 1
1 5 369.0 580.2 4
4 2 307.2 720.4 3
3 5 477.5 624.0 2
9 7 590.3 891.1 4
5 7 367.9 775.5 3
EOF
