NUM_STATIONS: 10
NUM_REQUESTS: 20
NUM_VEHICLES: 2
VEHICLE_CAPACITY: 1
DISTANCES
0 1 5.2
1 2 3.6
2 3 9.0
3 4 5.2
4 5 4.6
5 6 6.8
6 7 9.5
7 8 9.5
8 9 7.9
9 0 8.3
REQUEST_SECTION
3 5 202.4 373.9 1
5 3 177.0 502.3 1
0 4 74.8 324.3 1
0 7 294.3 567.0 1
0 5 299.6 425.1 1
3 5 41.8 293.7 1
2 7 346.1 611.7 1
4 5 291.9 394.0 1
7 10 88.1 291.5 1
4 5 170.1 428.5 1
9 5 260.9 415.7 1
5 8 206.8 381.8 1
0 8 283.3 491.2 1
4 5 228.0 460.3 1
1 9 243.8 568.8 1
7 8 262.0 513.5 1
1 3 100.1 187.5 1
1 8 35.9 174.1 1
6 3 105.6 223.6 1
6 7 117.5 334.2 1
EOF
