NUM_STATIONS: 10
NUM_REQUESTS: 160
NUM_VEHICLES: 1
VEHICLE_CAPACITY: 2
DISTANCES
0 1 7.9
1 2 8.7
2 3 5.6
3 4 8.4
4 5 6.3
5 6 1.2
6 7 4.8
7 8 8.8
8 9 1.4
9 0 2.6
REQUEST_SECTION
0 1 1693.8 3693.7 1
7 1 997.0 2142.5 2
6 4 560.3 1712.8 1
1 3 2906.8 3562.4 2
3 4 3216.1 4460.6 2
6 5 1227.3 3759.2 2
7 4 438.4 3779.4 1
2 1 1349.4 2702.7 2
6 2 2683.1 3506.9 1
1 2 4.5 2853.9 2
1 6 215.1 1193.3 1
5 4 2010.2 3697.1 2
4 2 3487.9 6582.0 1
8 6 1432.6 3973.3 1
6 7 3988.7 5717.5 2
7 1 298.3 438.9 2
6 5 1122.8 2982.5 1
0 8 2033.3 4844.0 1
9 7 2220.0 3118.3 1
7 3 3725.2 5544.4 2
5 6 3048.0 4239.9 2
1 10 166.0 1314.0 2
9 4 3021.9 4318.9 2
0 1 1484.8 4795.7 1
3 5 81.8 2986.3 1
8 7 1547.1 3854.6 2
3 8 1601.0 3361.7 1
0 1 1455.5 4499.7 1
7 2 755.8 3562.1 1
4 6 3039.7 4333.7 1
1 9 3747.3 4881.0 1
1 7 894.0 1254.8 1
7 10 3821.1 6236.1 1
4 6 3744.4 5611.6 1
7 5 846.0 1844.5 1
8 1 2264.5 5628.3 1
2 8 2513.6 5215.2 2
3 10 3276.5 3638.2 1
7 8 3398.1 3862.6 2
7 10 2877.3 4958.5 1
3 7 2750.5 6018.8 2
9 10 598.4 2282.6 2
5 2 3774.1 6851.5 2
7 1 2916.5 3468.3 2
1 10 1765.1 2036.4 2
9 10 2326.5 2951.9 2
3 4 1932.5 4345.9 2
9 10 651.1 1506.0 1
5 6 2959.6 6110.2 1
1 4 389.6 2427.2 2
1 3 492.5 3689.7 1
8 2 1577.2 4177.5 2
2 7 111.8 3411.6 2
8 1 3738.3 6719.8 1
3 6 362.4 1409.4 2
6 7 1370.4 2535.5 1
4 9 2258.2 3919.4 1
3 5 3745.5 4111.9 1
5 6 1385.1 2468.3 1
9 5 600.2 1993.3 1
4 10 1184.1 2818.4 1
0 4 2571.8 3251.5 2
9 10 3538.7 5391.9 1
1 7 2169.5 5465.0 2
8 6 1878.1 2608.8 2
2 8 1969.1 3685.7 2
5 1 4238.1 5641.3 2
9 1 397.6 3609.6 2
8 4 53.5 1088.3 1
6 4 1557.1 4701.6 1
3 5 650.3 2748.5 1
7 1 1862.8 2269.3 2
0 7 343.1 2038.2 2
5 9 2113.3 4556.1 2
1 9 1483.1 2296.5 2
4 1 2226.0 4634.7 1
9 3 3850.3 4040.3 2
8 5 507.6 3467.1 2
6 10 3669.7 4945.3 1
7 1 3731.0 6086.0 1
3 10 713.0 3084.4 1
6 8 3021.0 3677.5 1
5 8 813.6 2562.2 2
9 8 2057.2 3939.8 2
7 4 3345.3 4509.4 2
0 4 3563.9 6596.4 1
2 9 1106.5 2629.5 1
0 7 476.5 3156.2 2
0 4 4454.4 5272.2 1
1 6 2568.1 5898.2 2
0 6 1226.2 4036.9 2
0 5 2279.3 2404.7 2
7 1 2481.9 5610.6 1
1 3 4149.0 4444.9 2
3 8 911.6 2265.8 2
7 2 3756.1 6178.4 1
6 2 853.8 3292.2 1
8 9 451.0 3762.8 1
0 3 263.1 2792.9 2
2 7 1110.9 2779.9 1
6 1 3332.1 6112.8 2
8 9 1127.6 3969.7 2
6 4 2059.1 4822.4 2
0 4 2388.9 2904.1 1
7 3 1006.9 1349.3 2
6 4 971.0 4117.9 1
3 8 1255.9 4381.2 1
9 7 4300.7 5087.3 2
3 1 4423.9 5870.5 1
2 8 1591.4 1842.5 1
3 2 1790.9 3404.0 2
1 10 805.2 1691.3 1
8 5 486.5 2992.8 1
1 8 2448.7 4570.4 2
1 10 2739.7 3633.9 2
8 10 1168.8 3139.9 2
6 8 3528.1 5685.1 2
3 6 1357.9 2142.9 2
8 9 2860.2 4285.7 1
2 7 4001.0 6847.5 1
0 7 4415.4 6519.9 1
6 2 9.0 3378.5 1
3 1 1237.8 4582.9 2
5 8 3053.9 3346.2 1
4 6 444.2 3822.5 2
5 3 1128.6 2844.6 1
6 1 2944.0 3371.1 2
2 9 2493.3 4002.0 1
1 10 3508.0 4836.6 1
0 5 1741.0 2654.6 1
1 5 2964.2 5834.1 1
7 6 1522.4 3398.0 2
1 6 4243.7 7017.7 2
5 10 360.0 3477.6 2
4 10 1887.2 3883.5 2
7 8 1852.8 3430.5 1
5 7 3601.6 5377.6 1
5 8 279.6 425.8 1
3 8 4320.4 4885.3 2
6 8 2358.1 3273.9 1
7 1 395.2 1360.4 2
9 6 49.5 1645.8 2
1 10 31.4 1739.9 1
1 5 3201.2 4253.1 2
1 9 1696.4 3221.0 1
4 6 2338.2 3867.6 1
7 6 3597.5 6902.8 1
6 9 1602.5 1758.3 1
7 2 2584.7 4533.8 1
5 7 1064.4 1802.6 1
7 10 1000.1 2126.8 1
3 8 1539.4 3211.3 2
1 3 2114.7 4351.9 2
2 8 290.6 1303.8 2
4 2 3761.7 4522.0 2
5 8 1713.7 2987.3 1
4 2 2009.8 2153.3 1
4 2 2469.2 3968.1 1
9 8 1112.4 2646.0 2
0 9 1907.1 4558.1 1
EOF
