NUM_STATIONS: 10
NUM_REQUESTS: 160
NUM_VEHICLES: 2
VEHICLE_CAPACITY: 1
DISTANCES
0 1 7.9
1 2 8.7
2 3 5.6
3 4 8.4
4 5 6.3
5 6 1.2
6 7 4.8
7 8 8.8
8 9 1.4
9 0 2.6
REQUEST_SECTION
0 1 698.3 1427.1 1
7 1 769.9 1299.2 1
6 4 762.8 1285.8 1
1 3 695.4 1787.6 1
3 4 1525.5 2252.7 1
6 5 1745.4 2361.6 1
7 4 1919.0 2896.6 1
2 1 1176.2 2310.5 1
6 2 1124.7 1600.9 1
1 2 1443.8 2233.2 1
1 6 439.5 784.3 1
5 4 815.3 1627.6 1
4 2 1803.9 2762.0 1
8 6 735.6 1475.7 1
6 7 1109.7 1528.4 1
7 1 1881.3 2456.7 1
6 5 40.4 937.2 1
0 8 2062.7 2233.2 1
9 7 1129.4 2266.8 1
7 3 1341.3 2505.6 1
5 6 872.3 1673.9 1
1 10 776.2 1419.1 1
9 4 1301.4 1819.2 1
0 1 167.3 961.6 1
3 5 1365.3 2386.6 1
8 7 1268.7 1595.0 1
3 8 1895.3 2754.1 1
0 1 1778.5 2614.5 1
7 2 1103.3 1598.5 1
4 6 2183.0 2765.0 1
1 9 1019.5 2173.4 1
1 7 1845.2 2894.8 1
7 10 1814.7 2472.0 1
4 6 1957.1 2945.7 1
7 5 2187.4 2416.7 1
8 1 661.4 1746.8 1
2 8 589.9 1712.9 1
3 10 191.9 826.2 1
7 8 2101.8 2681.8 1
7 10 192.8 647.3 1
3 7 1207.9 1736.7 1
9 10 1525.0 1631.5 1
5 2 1007.5 1649.2 1
7 1 1404.3 1712.7 1
1 10 1225.4 1523.3 1
9 10 1953.2 2788.2 1
3 4 2176.8 3311.4 1
9 10 1865.4 2209.8 1
5 6 1631.8 1818.7 1
1 4 2179.7 2852.1 1
1 3 531.0 1488.3 1
8 2 321.5 1185.9 1
2 7 1181.5 1282.3 1
8 1 1179.2 1382.4 1
3 6 513.9 979.5 1
6 7 1542.7 2615.8 1
4 9 2148.3 2525.2 1
3 5 1187.8 2019.1 1
5 6 813.0 1801.8 1
9 5 1393.2 1693.7 1
4 10 758.1 1292.4 1
0 4 1825.1 2048.8 1
9 10 1645.8 2231.0 1
1 7 1152.4 2189.8 1
8 6 186.5 1136.9 1
2 8 1183.3 1889.9 1
5 1 1182.0 1706.6 1
9 1 2056.8 2462.7 1
8 4 1548.4 2324.3 1
6 4 1651.5 2180.9 1
3 5 1159.2 1366.9 1
7 1 119.1 279.2 1
0 7 1851.7 2854.9 1
5 9 416.7 727.7 1
1 9 1632.4 2215.7 1
4 1 1286.4 1951.1 1
9 3 1145.0 1576.9 1
8 5 303.9 458.4 1
6 10 461.0 922.5 1
7 1 1215.0 2358.6 1
3 10 1029.4 1159.1 1
6 8 834.0 1633.9 1
5 8 1988.6 2197.8 1
9 8 985.7 1610.0 1
7 4 1219.0 2010.2 1
0 4 705.8 1722.9 1
2 9 1484.9 2055.4 1
0 7 808.9 1502.5 1
0 4 838.6 1629.5 1
1 6 555.2 707.7 1
0 6 1069.7 2138.9 1
0 5 694.9 1843.6 1
7 1 2227.6 2734.4 1
1 3 1536.5 1794.1 1
3 8 1397.9 1619.9 1
7 2 1403.0 2205.8 1
6 2 1651.3 2303.9 1
8 9 1952.9 3066.3 1
0 3 310.8 1216.8 1
2 7 1211.8 1312.5 1
6 1 348.4 541.2 1
8 9 852.5 1260.7 1
6 4 679.8 1500.6 1
0 4 1882.3 2971.4 1
7 3 256.8 782.7 1
6 4 1902.0 2088.1 1
3 8 699.1 1062.6 1
9 7 1528.0 1809.5 1
3 1 17.0 351.8 1
2 8 1938.6 2554.8 1
3 2 58.4 114.6 1
1 10 1135.8 2300.2 1
8 5 170.0 1333.2 1
1 8 2087.5 3234.3 1
1 10 1937.0 2834.9 1
8 10 221.5 876.6 1
6 8 1947.2 2262.3 1
3 6 1327.9 1454.7 1
8 9 1902.8 2859.3 1
2 7 1679.1 2451.6 1
0 7 1880.6 3049.0 1
6 2 1482.3 2177.4 1
3 1 1607.3 2065.5 1
5 8 1307.3 2252.3 1
4 6 66.0 846.5 1
5 3 1338.9 1990.2 1
6 1 471.8 1356.8 1
2 9 2131.4 3175.8 1
1 10 2016.8 2496.7 1
0 5 2198.2 3050.8 1
1 5 1023.4 1336.8 1
7 6 28.8 688.3 1
1 6 737.8 1175.9 1
5 10 324.0 1258.7 1
4 10 1138.4 1731.3 1
7 8 837.6 1016.8 1
5 7 1425.1 1934.5 1
5 8 1962.9 2149.6 1
3 8 2164.7 2897.8 1
6 8 2081.4 2426.2 1
7 1 1868.3 2521.5 1
9 6 749.9 987.1 1
1 10 1722.3 2739.8 1
1 5 1719.4 1988.8 1
1 9 2105.5 3044.0 1
4 6 2200.5 2836.5 1
7 6 154.3 1281.5 1
6 9 488.3 1098.9 1
7 2 984.6 2114.7 1
5 7 1674.3 2377.9 1
7 10 570.3 646.6 1
3 8 65.7 820.4 1
1 3 1918.3 2890.1 1
2 8 508.3 1472.1 1
4 2 253.8 439.0 1
5 8 1511.0 2665.1 1
4 2 1086.1 2252.0 1
4 2 139.6 954.5 1
9 8 177.7 786.2 1
0 9 1757.1 2546.6 1
EOF
