NUM_STATIONS: 10
NUM_REQUESTS: 40
NUM_VEHICLES: 1
VEHICLE_CAPACITY: 8
DISTANCES
0 1 4.3
1 2 4.7
2 3 7.7
3 4 5.3
4 5 3.2
5 6 1.5
6 7 9.1
7 8 3.7
8 9 3.4
9 0 3.5
REQUEST_SECTION
2 7 642.0 1291.3 4
8 10 875.2 1484.3 8
4 9 689.0 1010.0 1
1 7 402.4 967.0 2
9 5 721.2 1146.4 4
8 6 811.5 1418.5 7
2 6 280.4 522.5 2
6 5 373.5 1084.5 3
4 9 728.6 1220.8 1
6 9 111.5 699.3 2
1 5 277.6 600.4 2
3 8 177.3 785.6 3
9 10 633.8 847.3 3
4 5 424.9 675.5 2
5 6 318.1 1035.4 8
3 9 914.2 1104.3 8
5 7 356.4 902.2 4
0 5 397.7 962.4 8
5 10 187.3 824.4 6
0 2 602.7 741.5 7
0 4 191.1 486.3 8
1 7 423.8 471.7 1
0 3 766.0 1166.5 7
9 3 847.7 971.3 7
3 6 418.9 895.2 7
9 7 78.8 618.5 7
4 7 448.2 881.8 2
2 5 615.6 878.4 4
2 5 106.1 848.9 5
0 4 315.6 486.5 1
0 9 36.8 744.1 5
7 1 346.3 579.6 1
7 2 664.7 1100.4 4
1 9 202.0 906.4 5
2 7 323.1 932.1 5
9 8 606.9 816.8 1
7 6 237.3 304.6 8
4 2 277.5 956.0 4
1 6 711.2 1354.9 5
4 1 861.3 1010.9 7
EOF
