NUM_STATIONS: 10
NUM_REQUESTS: 160
NUM_VEHICLES: 1
VEHICLE_CAPACITY: 1
DISTANCES
0 1 7.9
1 2 8.7
2 3 5.6
3 4 8.4
4 5 6.3
5 6 1.2
6 7 4.8
7 8 8.8
8 9 1.4
9 0 2.6
REQUEST_SECTION
0 1 2505.5 3980.9 1
7 1 1173.9 3220.0 1
6 4 2026.2 4152.2 1
1 3 3053.5 4601.3 1
3 4 1711.5 3906.7 1
6 5 3105.1 4567.2 1
7 4 1069.4 1762.6 1
2 1 63.2 436.5 1
6 2 840.6 2271.0 1
1 2 1242.7 2061.1 1
1 6 1689.7 2760.4 1
5 4 2914.4 3418.7 1
4 2 2939.9 3229.6 1
8 6 2781.5 4638.9 1
6 7 3273.2 3479.5 1
7 1 269.1 1151.9 1
6 5 3151.6 5001.3 1
0 8 2039.5 2231.4 1
9 7 1072.6 2662.9 1
7 3 2504.6 3839.4 1
5 6 1501.8 3514.1 1
1 10 3309.1 5041.4 1
9 4 3206.0 5359.8 1
0 1 1085.0 2167.8 1
3 5 2037.5 3021.9 1
8 7 1139.4 2803.7 1
3 8 98.7 827.6 1
0 1 1699.7 2983.7 1
7 2 2800.4 4676.3 1
4 6 693.1 2099.6 1
1 9 2023.5 3835.8 1
1 7 677.4 1338.4 1
7 10 2864.8 4783.3 1
4 6 2011.4 3922.4 1
7 5 1295.8 1926.5 1
8 1 3196.8 4344.9 1
2 8 839.9 1594.1 1
3 10 743.1 2671.2 1
7 8 1520.2 2781.4 1
7 10 2953.3 4429.4 1
3 7 1031.6 1123.0 1
9 10 2721.0 4727.1 1
5 2 537.0 849.5 1
7 1 1740.3 1816.8 1
1 10 1667.5 3012.3 1
9 10 1299.9 1802.5 1
3 4 2601.0 3894.2 1
9 10 1979.7 2808.3 1
5 6 1438.2 1514.3 1
1 4 1768.5 1972.3 1
1 3 3273.1 4360.5 1
8 2 511.2 1194.8 1
2 7 2099.6 3782.8 1
8 1 1624.9 2313.0 1
3 6 2500.2 2792.3 1
6 7 254.0 1978.8 1
4 9 3274.0 4705.0 1
3 5 1001.5 2717.5 1
5 6 2736.5 3860.6 1
9 5 1189.1 3367.3 1
4 10 625.7 705.5 1
0 4 2177.9 3873.5 1
9 10 775.4 849.9 1
1 7 646.0 2893.0 1
8 6 264.5 696.9 1
2 8 2257.7 3165.7 1
5 1 353.4 1780.5 1
9 1 1118.4 2692.9 1
8 4 374.0 708.4 1
6 4 1470.1 1695.4 1
3 5 704.7 1570.7 1
7 1 2101.7 4019.3 1
0 7 3069.3 4070.3 1
5 9 1084.0 1632.1 1
1 9 1499.1 2452.4 1
4 1 921.8 1674.8 1
9 3 791.8 2420.1 1
8 5 21.1 404.7 1
6 10 2744.5 3758.6 1
7 1 2450.9 2992.0 1
3 10 246.6 1636.8 1
6 8 932.0 2178.5 1
5 8 3313.6 4234.9 1
9 8 2502.0 4042.7 1
7 4 1445.7 3513.8 1
0 4 1390.3 1865.7 1
2 9 75.6 1512.9 1
0 7 1632.8 2300.7 1
0 4 1545.9 2757.3 1
1 6 1025.8 2229.4 1
0 6 1323.1 1807.7 1
0 5 775.8 2961.4 1
7 1 1225.8 1504.0 1
1 3 254.0 1503.4 1
3 8 2985.4 4422.4 1
7 2 1996.5 2303.9 1
6 2 3051.8 5104.9 1
8 9 1363.4 3170.7 1
0 3 1493.4 3091.2 1
2 7 2570.1 4480.4 1
6 1 2980.6 4712.3 1
8 9 988.9 3151.3 1
6 4 1818.5 3293.5 1
0 4 2333.1 2739.7 1
7 3 1223.0 2913.5 1
6 4 1450.4 2702.1 1
3 8 941.3 1731.2 1
9 7 2475.7 2647.0 1
3 1 184.5 1023.9 1
2 8 3240.7 4507.6 1
3 2 2223.9 3995.6 1
1 10 2354.3 2702.9 1
8 5 2334.8 4282.2 1
1 8 2794.2 3486.7 1
1 10 824.4 2098.7 1
8 10 2580.1 4350.3 1
6 8 2468.2 3679.8 1
3 6 1285.7 2233.2 1
8 9 2314.0 3497.3 1
2 7 904.3 2435.9 1
0 7 577.8 1812.8 1
6 2 1786.4 2437.5 1
3 1 1260.9 2082.0 1
5 8 2528.8 3597.4 1
4 6 3061.9 3595.7 1
5 3 523.3 2203.3 1
6 1 2002.3 2816.9 1
2 9 1273.8 2469.2 1
1 10 1708.8 2451.2 1
0 5 3062.9 4103.8 1
1 5 1681.8 3877.7 1
7 6 35.1 1064.6 1
1 6 1818.8 2058.6 1
5 10 956.9 2595.0 1
4 10 1057.1 2281.3 1
7 8 218.4 1233.4 1
5 7 1985.9 3975.4 1
5 8 3192.6 3550.1 1
3 8 3273.8 4862.9 1
6 8 1836.9 2055.1 1
7 1 239.9 2330.1 1
9 6 1150.4 3303.2 1
1 10 2589.3 4726.6 1
1 5 794.7 2279.4 1
1 9 2625.2 2827.0 1
4 6 1529.6 2249.3 1
7 6 137.2 1978.2 1
6 9 1638.9 2895.2 1
7 2 1930.6 2502.5 1
5 7 2602.9 3795.1 1
7 10 1911.3 2120.0 1
3 8 2214.0 4367.8 1
1 3 2944.8 3196.7 1
2 8 1454.0 2384.6 1
4 2 2624.2 4051.9 1
5 8 1935.3 2544.6 1
4 2 1774.7 1867.4 1
4 2 1169.5 2774.5 1
9 8 890.8 1326.5 1
0 9 142.2 1167.0 1
EOF
