NUM_STATIONS: 10
NUM_REQUESTS: 40
NUM_VEHICLES: 1
VEHICLE_CAPACITY: 4
DISTANCES
0 1 4.3
1 2 4.7
2 3 7.7
3 4 5.3
4 5 3.2
5 6 1.5
6 7 9.1
7 8 3.7
8 9 3.4
9 0 3.5
REQUEST_SECTION
2 7 272.4 702.4 4
8 10 167.2 843.1 3
4 9 882.1 1280.4 2
1 7 212.5 939.2 2
9 5 193.1 863.3 2
8 6 719.6 1149.8 2
2 6 710.5 1199.1 4
6 5 529.7 848.0 2
4 9 711.1 1095.6 3
6 9 219.3 553.5 4
1 5 570.4 792.8 4
3 8 744.5 1274.7 1
9 10 91.2 163.2 1
4 5 70.7 796.2 3
5 6 915.0 1011.0 4
3 9 240.5 608.3 1
5 7 689.4 861.7 4
0 5 638.7 825.8 3
5 10 505.6 824.4 2
0 2 128.7 739.8 4
0 4 202.6 748.4 2
1 7 540.7 1164.8 4
0 3 262.2 773.4 4
9 3 740.1 1138.6 2
3 6 687.9 1076.5 2
9 7 700.6 932.9 4
4 7 726.4 1261.6 4
2 5 163.0 680.1 3
2 5 43.7 719.1 1
0 4 157.1 300.4 1
0 9 569.9 936.0 3
7 1 328.9 491.2 3
7 2 332.7 399.8 1
1 9 349.7 704.3 1
2 7 793.8 1193.9 4
9 8 208.3 609.6 3
7 6 424.6 739.4 2
4 2 230.3 506.9 4
1 6 681.5 788.7 3
4 1 270.5 679.9 2
EOF
