NUM_STATIONS: 10
NUM_REQUESTS: 40
NUM_VEHICLES: 3
VEHICLE_CAPACITY: 2
DISTANCES
0 1 5.5
1 2 7.8
2 3 7.1
3 4 4.8
4 5 4.5
5 6 3.9
6 7 2.7
7 8 6.4
8 9 8.5
9 0 7.6
REQUEST_SECTION
8 7 294.3 395.2 1
8 6 387.8 480.8 1
7 5 13.0 78.0 1
5 10 208.5 270.1 1
6 9 276.3 404.8 2
3 4 104.9 262.8 1
4 2 21.5 197.8 1
5 3 213.1 287.0 2
5 10 290.4 483.9 1
2 9 63.8 216.2 1
2 8 27.3 264.0 2
0 7 307.9 631.3 1
4 5 378.6 695.4 2
3 9 109.3 403.7 2
5 7 76.7 206.3 2
8 4 227.3 349.7 2
9 8 229.9 408.8 2
2 10 130.1 283.4 2
4 7 318.1 449.1 2
4 10 333.5 670.5 1
7 2 200.8 538.8 2
3 5 261.5 506.4 2
1 9 94.2 409.8 1
9 8 85.7 179.2 2
5 1 41.3 158.8 2
5 3 356.7 649.1 2
5 8 208.0 353.8 2
5 6 74.1 185.1 1
0 1 13.4 82.0 2
5 2 286.4 594.7 2
5 3 159.8 453.7 2
1 10 196.7 263.0 1
2 4 105.2 329.0 1
8 3 288.8 389.8 2
5 7 119.4 374.9 2
1 10 228.4 471.3 2
5 1 75.4 365.1 2
2 6 196.1 332.6 1
7 5 214.0 458.3 1
8 7 48.1 188.6 2
EOF
