NUM_STATIONS: 10
NUM_REQUESTS: 40
NUM_VEHICLES: 3
VEHICLE_CAPACITY: 1
DISTANCES
0 1 4.3
1 2 4.7
2 3 7.7
3 4 5.3
4 5 3.2
5 6 1.5
6 7 9.1
7 8 3.7
8 9 3.4
9 0 3.5
REQUEST_SECTION
2 7 210.2 335.8 1
8 10 176.5 414.6 1
4 9 152.0 343.3 1
1 7 58.1 230.6 1
9 5 74.6 123.2 1
8 6 92.2 325.1 1
2 6 140.8 294.5 1
6 5 142.6 409.3 1
4 9 52.3 120.0 1
6 9 67.0 150.6 1
1 5 26.2 113.9 1
3 8 195.0 452.0 1
9 10 42.8 205.3 1
4 5 198.2 282.1 1
5 6 191.2 354.1 1
3 9 164.7 246.6 1
5 7 173.1 296.1 1
0 5 137.9 403.4 1
5 10 91.2 199.9 1
0 2 73.8 261.6 1
0 4 121.0 308.7 1
1 7 193.9 310.2 1
0 3 29.8 188.0 1
9 3 202.9 477.4 1
3 6 91.2 295.3 1
9 7 136.3 205.3 1
4 7 176.1 224.5 1
2 5 144.9 420.6 1
2 5 196.4 289.0 1
0 4 124.1 239.8 1
0 9 75.6 329.9 1
7 1 210.5 302.0 1
7 2 98.6 324.5 1
1 9 34.7 228.1 1
2 7 48.6 165.9 1
9 8 75.3 237.9 1
7 6 73.3 167.4 1
4 2 215.8 466.3 1
1 6 62.2 129.5 1
4 1 10.9 110.4 1
EOF
