NUM_STATIONS: 10
NUM_REQUESTS: 20
NUM_VEHICLES: 1
VEHICLE_CAPACITY: 2
DISTANCES
0 1 10.0
1 2 3.1
2 3 7.4
3 4 2.1
4 5 5.5
5 6 6.0
6 7 3.5
7 8 7.1
8 9 7.6
9 0 5.4
REQUEST_SECTION
4 9 72.4 322.7 1
8 3 251.9 530.2 1
4 3 560.3 869.1 1
5 2 109.3 297.2 2
7 5 499.4 910.9 1
3 6 306.6 657.9 1
9 4 498.3 749.5 1
5 4 425.6 854.6 2
7 6 386.9 782.2 1
5 4 59.3 458.3 2
6 8 248.9 700.0 2
3 1 151.5 348.8 2
3 10 483.3 764.7 2
8 9 232.3 588.5 2
8 3 192.5 409.7 1
3 2 238.8 368.9 1
0 3 417.4 754.5 2
1 3 291.4 512.0 1
7 5 530.7 928.7 1
8 7 176.5 268.5 1
EOF
