NUM_STATIONS: 10
NUM_REQUESTS: 40
NUM_VEHICLES: 1
VEHICLE_CAPACITY: 8
DISTANCES
0 1 4.3
1 2 4.7
2 3 7.7
3 4 5.3
4 5 3.2
5 6 1.5
6 7 9.1
7 8 3.7
8 9 3.4
9 0 3.5
REQUEST_SECTION
2 7 556.4 743.0 4
8 10 472.2 667.4 8
4 9 106.0 758.0 1
1 7 74.3 658.2 2
9 5 360.1 1064.6 4
8 6 364.6 510.7 7
2 6 620.7 872.0 2
6 5 167.8 315.0 3
4 9 40.2 347.3 1
6 9 676.2 1355.0 2
1 5 230.4 711.1 2
3 8 532.5 1047.1 3
9 10 207.3 846.0 3
4 5 680.9 1095.0 2
5 6 505.4 654.1 8
3 9 454.7 1115.9 8
5 7 193.7 490.9 4
0 5 165.6 867.2 8
5 10 143.6 640.5 6
0 2 24.1 748.1 7
0 4 461.7 613.7 8
1 7 206.2 710.9 1
0 3 558.9 839.3 7
9 3 255.6 496.6 7
3 6 222.6 954.7 7
9 7 546.4 630.1 7
4 7 407.3 751.2 2
2 5 512.2 821.8 4
2 5 19.4 71.2 5
0 4 547.3 783.4 1
0 9 652.2 923.4 5
7 1 195.0 801.1 1
7 2 216.1 449.8 4
1 9 225.0 804.1 5
2 7 659.0 1005.9 5
9 8 520.6 845.5 1
7 6 271.2 900.8 8
4 2 677.5 1035.9 4
1 6 646.8 1118.2 5
4 1 114.6 364.1 7
EOF
