NUM_STATIONS: 10
NUM_REQUESTS: 20
NUM_VEHICLES: 1
VEHICLE_CAPACITY: 4
DISTANCES
0 1 10.0
1 2 3.1
2 3 7.4
3 4 2.1
4 5 5.5
5 6 6.0
6 7 3.5
7 8 7.1
8 9 7.6
9 0 5.4
REQUEST_SECTION
4 9 417.3 516.6 1
8 3 231.6 470.5 3
4 3 231.3 419.2 4
5 2 400.0 888.0 2
7 5 154.9 595.0 1
3 6 401.6 464.1 2
9 4 167.4 234.1 4
5 4 172.9 332.2 2
7 6 379.0 801.2 3
5 4 349.4 515.2 4
6 8 263.3 689.2 3
3 1 231.6 579.8 4
3 10 399.4 458.5 1
8 9 137.9 621.2 4
8 3 344.7 644.2 1
3 2 137.0 383.5 2
0 3 345.1 556.7 2
1 3 377.6 823.1 1
7 5 68.9 434.1 4
8 7 208.2 285.8 1
EOF
