NUM_STATIONS: 10
NUM_REQUESTS: 80
NUM_VEHICLES: 2
VEHICLE_CAPACITY: 8
DISTANCES
0 1 5.3
1 2 5.1
2 3 4.1
3 4 5.8
4 5 8.8
5 6 4.0
6 7 7.4
7 8 2.6
8 9 6.4
9 0 5.7
REQUEST_SECTION
7 4 49.7 801.1 1
7 1 631.1 1130.4 2
9 2 58.0 128.5 4
2 9 590.8 1440.1 4
6 10 683.8 801.5 7
0 9 252.8 842.3 4
6 8 137.0 666.9 8
2 3 146.8 368.1 8
4 7 139.5 234.1 4
1 4 724.4 825.4 4
5 9 685.0 868.0 8
7 1 9.9 164.2 4
5 3 589.4 1313.7 8
4 10 411.8 608.5 6
0 1 346.3 1174.7 1
8 9 763.2 1549.7 5
8 2 86.7 967.4 7
8 4 464.3 1277.5 8
1 5 720.7 1591.8 2
5 3 57.5 888.8 1
8 2 235.4 1101.5 1
3 6 326.5 410.4 1
5 4 661.5 1524.5 8
7 9 771.1 1127.0 7
3 5 333.7 490.0 5
7 8 374.3 846.3 2
0 8 177.1 236.6 8
9 2 688.0 1046.7 6
1 6 294.3 498.1 6
4 7 111.3 251.5 1
0 7 717.9 1232.3 4
5 7 38.4 835.6 3
4 7 776.2 1514.4 5
1 6 185.6 301.7 4
0 9 197.4 737.2 1
8 9 469.7 842.3 7
2 5 530.1 827.2 8
1 10 792.1 1616.5 2
3 2 94.5 753.0 7
9 6 403.0 949.2 8
7 8 40.1 206.8 3
6 8 592.3 965.3 1
6 3 680.7 1255.9 2
0 6 818.6 1393.1 7
1 6 727.8 892.3 6
0 7 279.4 656.4 4
6 3 69.0 447.9 8
3 2 819.5 899.5 3
8 10 540.8 847.9 7
6 3 51.4 373.9 3
9 8 385.6 584.3 3
1 6 319.2 393.4 5
3 2 796.7 900.7 8
2 5 79.8 372.2 8
6 1 417.2 1204.2 8
9 4 767.2 1547.5 3
7 9 326.7 758.7 3
1 2 667.1 1159.3 7
8 4 337.5 414.7 1
3 7 610.0 993.4 8
1 8 47.7 604.8 4
3 5 443.4 1322.6 6
6 4 342.3 924.6 8
5 9 352.8 847.1 4
4 3 616.3 832.3 8
1 8 34.7 103.2 6
0 9 627.3 1003.6 4
9 5 704.7 855.0 8
2 9 600.0 747.5 4
6 2 466.4 591.0 8
9 1 229.7 928.8 7
9 3 413.7 1072.6 6
5 2 119.4 370.7 7
8 10 429.5 1147.3 4
3 7 515.6 965.1 8
7 5 399.5 1031.3 7
0 5 51.3 377.6 4
6 1 672.9 1491.4 6
7 1 98.9 790.8 6
3 9 143.6 352.2 4
EOF
