NUM_STATIONS: 10
NUM_REQUESTS: 40
NUM_VEHICLES: 2
VEHICLE_CAPACITY: 4
DISTANCES
0 1 2.8
1 2 2.9
2 3 8.4
3 4 7.3
4 5 6.1
5 6 1.6
6 7 8.4
7 8 7.7
8 9 3.2
9 0 1.5
REQUEST_SECTION
4 8 447.9 706.9 1
3 10 35.4 266.8 2
6 4 330.3 564.2 1
1 6 285.6 408.3 4
0 4 368.7 485.6 2
5 3 251.8 428.1 1
6 9 159.9 227.3 1
1 10 401.2 570.9 4
1 9 409.5 504.0 2
0 6 6.8 92.3 2
6 9 146.1 301.2 4
5 6 106.5 170.5 2
9 3 56.8 346.5 1
6 2 257.3 452.2 2
9 3 310.3 367.3 3
0 2 1.9 219.9 4
9 5 422.0 559.9 1
7 4 265.0 340.1 1
1 5 489.5 629.0 4
5 4 150.0 287.7 2
8 5 389.4 593.8 3
7 6 300.0 357.8 2
4 1 252.4 457.8 3
4 10 318.5 370.5 4
7 5 300.5 445.6 2
1 10 420.0 496.6 1
3 5 373.4 647.4 2
2 5 285.5 490.4 2
6 8 220.1 282.4 1
4 7 309.5 467.8 2
9 1 381.7 651.5 4
6 3 208.3 262.5 2
8 9 257.6 529.5 1
6 3 176.2 250.1 3
5 2 159.1 277.1 4
8 5 56.1 174.0 1
7 9 451.5 681.8 2
5 4 216.6 357.6 3
0 2 105.9 349.0 2
2 4 102.7 342.1 1
EOF
