NUM_STATIONS: 10
NUM_REQUESTS: 80
NUM_VEHICLES: 2
VEHICLE_CAPACITY: 4
DISTANCES
0 1 9.9
1 2 5.8
2 3 2.8
3 4 4.2
4 5 8.2
5 6 9.6
6 7 7.3
7 8 4.0
8 9 8.9
9 0 4.1
REQUEST_SECTION
8 2 602.4 852.1 1
3 8 905.7 1509.9 2
0 4 1079.2 1528.1 4
4 8 834.1 987.3 3
7 10 368.3 920.4 3
4 1 952.2 1540.2 2
1 9 678.3 793.9 2
3 6 347.2 863.0 4
5 9 302.5 531.6 4
9 5 654.6 1146.8 2
1 7 592.9 1200.0 2
7 3 278.0 681.6 4
9 7 1038.6 1269.6 3
1 6 1096.9 1302.8 3
5 3 194.2 454.6 2
0 4 255.8 559.8 3
7 1 62.3 526.7 2
0 4 43.9 174.6 3
2 9 489.1 726.6 4
0 6 663.6 968.6 2
0 9 669.6 1316.5 4
4 10 1102.2 1534.0 3
2 5 816.2 1202.0 3
1 10 187.2 710.0 4
7 10 298.5 568.1 2
2 10 955.9 1651.5 3
3 8 901.0 1604.6 1
5 8 22.0 660.6 2
6 8 1110.7 1374.9 3
6 5 151.6 794.4 3
5 10 475.9 1086.0 2
2 8 447.5 937.0 4
8 9 1247.6 1775.9 1
2 7 1053.0 1650.6 4
4 6 360.4 934.1 1
5 8 162.7 578.5 3
9 8 539.1 995.9 3
3 1 760.9 1175.8 1
3 4 1106.8 1352.5 1
2 6 979.9 1046.2 4
4 9 1179.4 1706.2 1
7 5 1086.1 1197.5 3
6 4 507.7 757.4 2
7 3 989.3 1196.6 3
5 10 768.4 1160.9 1
3 8 494.8 749.2 1
9 6 361.5 840.5 4
5 1 877.2 1267.7 4
8 4 1107.0 1740.5 4
0 5 509.0 666.5 4
5 10 407.7 506.7 3
7 5 12.8 288.1 1
6 10 265.0 626.6 4
6 1 574.7 954.5 3
2 6 219.4 773.6 3
4 5 493.7 1200.9 4
7 3 401.6 832.9 3
0 4 889.6 1324.3 3
0 9 1259.3 1795.4 2
4 10 958.6 1613.7 2
2 1 157.7 716.9 4
1 10 194.5 347.1 1
0 7 2.5 454.8 1
0 4 957.5 1358.0 1
2 6 203.1 301.4 1
6 8 225.2 375.7 3
7 9 711.3 866.0 3
0 1 286.8 873.2 2
3 6 1150.9 1668.1 2
5 1 1230.3 1338.8 3
1 8 1086.5 1409.6 4
7 5 1085.1 1457.6 3
3 2 334.3 823.6 4
2 5 251.2 952.5 2
4 2 170.6 526.9 1
7 10 997.2 1540.6 3
3 7 439.9 923.9 4
4 6 1257.0 1345.8 1
1 2 1215.0 1781.8 4
1 8 791.6 1318.9 2
EOF
