NUM_STATIONS: 10
NUM_REQUESTS: 20
NUM_VEHICLES: 2
VEHICLE_CAPACITY: 1
DISTANCES
0 1 5.2
1 2 3.6
2 3 9.0
3 4 5.2
4 5 4.6
5 6 6.8
6 7 9.5
7 8 9.5
8 9 7.9
9 0 8.3
REQUEST_SECTION
3 5 12.7 226.3 1
5 3 174.9 409.1 1
0 4 302.2 524.5 1
0 7 146.7 367.3 1
0 5 143.3 261.7 1
3 5 77.8 164.2 1
2 7 286.2 486.5 1
4 5 251.8 462.3 1
7 10 71.1 239.8 1
4 5 277.5 473.5 1
9 5 297.0 537.7 1
5 8 280.0 518.2 1
0 8 105.6 207.7 1
4 5 93.6 187.9 1
1 9 248.3 368.4 1
7 8 209.7 329.3 1
1 3 216.6 317.0 1
1 8 52.0 274.1 1
6 3 210.1 395.7 1
6 7 116.7 271.4 1
EOF
