NUM_STATIONS: 10
NUM_REQUESTS: 20
NUM_VEHICLES: 1
VEHICLE_CAPACITY: 8
DISTANCES
0 1 5.2
1 2 3.6
2 3 9.0
3 4 5.2
4 5 4.6
5 6 6.8
6 7 9.5
7 8 9.5
8 9 7.9
9 0 8.3
REQUEST_SECTION
3 5 307.0 722.8 4
5 3 130.3 322.3 8
0 4 156.2 304.9 2
0 7 484.0 672.7 7
0 5 212.2 297.6 1
3 5 296.1 545.9 3
2 7 649.7 1045.8 1
4 5 472.6 596.9 2
7 10 154.1 303.2 7
4 5 13.4 250.9 3
9 5 190.1 537.9 1
5 8 493.0 725.8 6
0 8 260.1 557.7 6
4 5 455.5 570.5 3
1 9 533.2 852.0 7
7 8 453.0 845.6 3
1 3 32.5 365.1 7
1 8 129.5 360.1 7
6 3 494.9 874.1 4
6 7 423.4 530.7 5
EOF
