NUM_STATIONS: 10
NUM_REQUESTS: 20
NUM_VEHICLES: 2
VEHICLE_CAPACITY: 4
DISTANCES
0 1 10.0
1 2 3.1
2 3 7.4
3 4 2.1
4 5 5.5
5 6 6.0
6 7 3.5
7 8 7.1
8 9 7.6
9 0 5.4
REQUEST_SECTION
4 9 16.0 245.7 1
8 3 16.9 225.2 1
4 3 116.3 199.8 4
5 2 215.4 309.8 2
7 5 161.7 370.9 2
3 6 69.6 327.0 2
9 4 107.2 343.3 2
5 4 148.1 226.5 1
7 6 173.6 357.7 3
5 4 188.4 382.8 2
6 8 94.1 241.9 2
3 1 180.0 322.5 3
3 10 30.7 208.3 2
8 9 206.7 367.7 3
8 3 76.2 141.6 2
3 2 138.5 327.9 3
0 3 137.6 293.3 4
1 3 155.8 430.1 3
7 5 153.8 222.3 4
8 7 160.9 354.9 3
EOF
