NUM_STATIONS: 10
NUM_REQUESTS: 20
NUM_VEHICLES: 3
VEHICLE_CAPACITY: 8
DISTANCES
0 1 8.9
1 2 4.6
2 3 7.4
3 4 8.4
4 5 9.1
5 6 4.1
6 7 8.9
7 8 3.5
8 9 7.1
9 0 5.5
REQUEST_SECTION
2 3 2.0 106.5 1
4 1 111.8 279.6 8
1 10 21.5 207.8 3
5 4 78.2 173.8 8
6 5 42.6 194.4 1
0 8 79.7 186.6 5
2 9 159.5 263.7 6
9 1 83.2 311.4 6
2 3 88.2 163.1 2
5 9 9.7 240.1 2
6 4 143.8 293.9 2
5 1 133.7 271.2 2
8 4 157.8 354.9 6
8 1 153.5 322.4 2
9 2 94.2 323.4 7
5 8 58.9 242.1 4
3 5 135.8 305.4 6
8 1 100.4 227.5 4
4 9 117.4 339.4 4
6 4 120.5 328.9 2
EOF
