NUM_STATIONS: 10
NUM_REQUESTS: 40
NUM_VEHICLES: 3
VEHICLE_CAPACITY: 2
DISTANCES
0 1 5.5
1 2 7.8
2 3 7.1
3 4 4.8
4 5 4.5
5 6 3.9
6 7 2.7
7 8 6.4
8 9 8.5
9 0 7.6
REQUEST_SECTION
8 7 45.0 261.5 1
8 6 190.7 437.9 1
7 5 36.1 134.0 1
5 10 159.5 353.8 1
6 9 34.4 232.5 2
3 4 87.5 268.2 1
4 2 330.9 534.6 1
5 3 137.8 232.8 2
5 10 208.4 449.8 1
2 9 365.1 464.9 1
2 8 153.4 373.7 2
0 7 18.4 255.7 1
4 5 363.9 603.7 2
3 9 225.1 460.8 2
5 7 9.3 73.3 2
8 4 158.7 265.8 2
9 8 329.2 393.2 2
2 10 29.6 109.2 2
4 7 12.8 80.9 2
4 10 219.6 284.1 1
7 2 8.3 90.0 2
3 5 137.4 265.8 2
1 9 344.6 444.0 1
9 8 173.6 395.0 2
5 1 254.9 491.6 2
5 3 179.3 417.2 2
5 8 198.9 361.1 2
5 6 190.4 414.0 1
0 1 280.3 507.0 2
5 2 335.0 581.2 2
5 3 292.3 441.8 2
1 10 180.7 310.1 1
2 4 187.6 381.3 1
8 3 315.3 448.4 2
5 7 345.2 451.5 2
1 10 170.1 409.9 2
5 1 39.7 209.1 2
2 6 346.6 452.7 1
7 5 126.9 350.5 1
8 7 331.2 405.2 2
EOF
