NUM_STATIONS: 10
NUM_REQUESTS: 20
NUM_VEHICLES: 1
VEHICLE_CAPACITY: 8
DISTANCES
0 1 8.3
1 2 2.5
2 3 8.9
3 4 6.4
4 5 8.5
5 6 5.9
6 7 7.6
7 8 9.1
8 9 7.1
9 0 6.5
REQUEST_SECTION
4 1 428.6 503.1 4
9 3 283.3 548.3 3
9 10 180.5 552.9 1
7 2 633.4 994.6 3
9 1 496.3 611.9 5
4 2 22.7 142.7 8
1 10 533.2 739.8 7
1 5 512.3 779.3 4
5 7 266.2 645.2 5
6 7 218.0 405.3 4
2 1 335.6 513.7 2
0 3 601.8 720.0 7
8 5 652.7 1042.0 5
0 6 464.3 766.3 6
3 2 260.6 368.5 6
1 2 530.6 694.3 5
0 9 595.6 974.7 3
2 5 440.9 834.7 8
2 1 499.2 906.3 2
9 8 12.6 404.5 2
EOF
