NUM_STATIONS: 10
NUM_REQUESTS: 40
NUM_VEHICLES: 1
VEHICLE_CAPACITY: 8
DISTANCES
0 1 4.3
1 2 4.7
2 3 7.7
3 4 5.3
4 5 3.2
5 6 1.5
6 7 9.1
7 8 3.7
8 9 3.4
9 0 3.5
REQUEST_SECTION
2 7 519.9 792.1 4
8 10 240.9 630.7 8
4 9 27.2 110.0 1
1 7 322.2 496.8 2
9 5 784.2 1245.3 4
8 6 491.7 841.0 7
2 6 510.3 773.5 2
6 5 157.8 365.2 3
4 9 464.7 907.9 1
6 9 231.2 508.0 2
1 5 519.4 639.6 2
3 8 822.8 1311.2 3
9 10 40.5 232.0 3
4 5 119.3 414.3 2
5 6 78.2 417.0 8
3 9 388.2 562.7 8
5 7 42.2 166.1 4
0 5 585.7 1050.9 8
5 10 156.6 399.1 6
0 2 100.6 321.9 7
0 4 83.6 317.1 8
1 7 541.1 939.1 1
0 3 366.6 687.6 7
9 3 364.9 482.6 7
3 6 795.7 1235.4 7
9 7 850.8 932.8 7
4 7 489.8 892.5 2
2 5 558.8 1045.5 4
2 5 302.2 601.6 5
0 4 491.4 565.7 1
0 9 263.5 704.2 5
7 1 822.5 1223.9 1
7 2 103.7 505.3 4
1 9 255.6 379.5 5
2 7 211.9 406.8 5
9 8 247.2 348.7 1
7 6 855.8 1194.2 8
4 2 71.1 477.6 4
1 6 734.8 869.3 5
4 1 755.3 1039.1 7
EOF
