NUM_STATIONS: 10
NUM_REQUESTS: 80
NUM_VEHICLES: 2
VEHICLE_CAPACITY: 4
DISTANCES
0 1 9.9
1 2 5.8
2 3 2.8
3 4 4.2
4 5 8.2
5 6 9.6
6 7 7.3
7 8 4.0
8 9 8.9
9 0 4.1
REQUEST_SECTION
8 2 417.3 855.5 1
3 8 219.2 1032.7 2
0 4 1284.3 1454.0 4
4 8 525.3 659.9 3
7 10 440.9 894.6 3
4 1 151.8 524.5 2
1 9 42.9 420.9 2
3 6 636.9 1016.6 4
5 9 1277.5 1824.8 4
9 5 100.9 837.8 2
1 7 170.7 628.2 2
7 3 12.5 845.9 4
9 7 734.7 1441.5 3
1 6 405.8 897.8 3
5 3 832.2 1160.2 2
0 4 317.9 886.2 3
7 1 334.8 815.2 2
0 4 76.0 439.0 3
2 9 1244.1 2132.0 4
0 6 115.5 1004.9 2
0 9 1278.7 1539.2 4
4 10 755.3 897.2 3
2 5 1268.7 1998.6 3
1 10 208.6 338.4 4
7 10 574.2 825.6 2
2 10 453.7 576.7 3
3 8 871.6 1157.3 1
5 8 53.0 804.0 2
6 8 318.5 1340.2 3
6 5 434.6 657.6 3
5 10 1039.9 1773.4 2
2 8 828.0 1312.4 4
8 9 252.8 1019.8 1
2 7 571.1 1257.0 4
4 6 965.3 1556.9 1
5 8 873.1 1521.6 3
9 8 873.2 1851.7 3
3 1 61.3 533.8 1
3 4 587.2 1303.2 1
2 6 383.4 841.9 4
4 9 208.4 1233.6 1
7 5 905.0 1062.0 3
6 4 699.0 861.6 2
7 3 1068.8 1783.2 3
5 10 1153.1 1321.7 1
3 8 1148.7 1709.7 1
9 6 618.6 1073.3 4
5 1 779.6 1083.2 4
8 4 774.2 959.3 4
0 5 1285.0 2306.0 4
5 10 1218.4 1932.8 3
7 5 1287.2 1419.2 1
6 10 568.6 1370.2 4
6 1 421.3 636.1 3
2 6 322.0 546.1 3
4 5 635.1 1479.6 4
7 3 1290.7 1904.2 3
0 4 406.1 925.4 3
0 9 1255.9 1878.9 2
4 10 1244.4 1423.9 2
2 1 542.5 1101.8 4
1 10 1021.9 1332.9 1
0 7 775.6 1692.7 1
0 4 1291.1 1968.1 1
2 6 918.6 1128.4 1
6 8 539.1 1055.2 3
7 9 540.9 1433.7 3
0 1 537.2 992.3 2
3 6 125.1 637.7 2
5 1 329.6 406.8 3
1 8 563.4 832.4 4
7 5 1127.6 1315.6 3
3 2 749.5 1073.7 4
2 5 546.9 1346.0 2
4 2 612.6 1018.3 1
7 10 754.1 1701.1 3
3 7 703.7 1076.1 4
4 6 1167.3 1302.9 1
1 2 484.7 1260.0 4
1 8 273.0 975.6 2
EOF
