NUM_STATIONS: 10
NUM_REQUESTS: 20
NUM_VEHICLES: 2
VEHICLE_CAPACITY: 8
DISTANCES
0 1 6.6
1 2 8.7
2 3 5.9
3 4 9.0
4 5 3.2
5 6 7.2
6 7 4.7
7 8 8.2
8 9 3.5
9 0 6.8
REQUEST_SECTION
3 5 169.5 258.7 3
1 7 152.1 242.6 4
4 5 68.2 151.2 2
0 6 211.0 279.2 3
1 7 42.7 325.6 4
6 7 184.1 334.1 3
0 8 142.6 438.9 6
1 4 185.7 376.7 7
0 5 88.1 202.2 5
6 1 33.4 321.3 1
0 8 103.4 378.7 3
8 2 104.0 260.1 6
8 2 61.4 213.3 5
4 1 160.1 444.9 2
4 7 0.0 261.7 8
5 10 226.4 523.9 6
7 3 162.1 424.8 7
6 2 49.4 171.7 8
0 8 27.1 238.7 6
5 8 22.5 142.7 6
EOF
