NUM_STATIONS: 10
NUM_REQUESTS: 40
NUM_VEHICLES: 3
VEHICLE_CAPACITY: 4
DISTANCES
0 1 5.5
1 2 7.8
2 3 7.1
3 4 4.8
4 5 4.5
5 6 3.9
6 7 2.7
7 8 6.4
8 9 8.5
9 0 7.6
REQUEST_SECTION
8 7 157.0 216.4 4
8 6 284.2 350.2 3
7 5 88.3 353.7 1
5 10 181.5 392.6 2
6 9 94.7 330.2 3
3 4 169.1 248.7 3
4 2 77.9 248.1 4
5 3 74.0 295.2 2
5 10 201.6 347.0 3
2 9 165.3 411.0 1
2 8 238.2 443.1 2
0 7 30.6 357.5 1
4 5 73.4 275.2 1
3 9 262.8 395.9 2
5 7 23.6 223.7 4
8 4 120.4 291.3 4
9 8 60.7 408.3 2
2 10 286.5 422.1 4
4 7 112.4 270.7 4
4 10 81.2 214.8 4
7 2 239.9 452.4 1
3 5 11.8 257.8 1
1 9 225.5 287.7 4
9 8 185.3 385.6 3
5 1 7.4 339.1 3
5 3 195.8 381.1 3
5 8 202.7 362.9 3
5 6 92.1 272.9 1
0 1 53.1 378.6 2
5 2 129.3 430.8 2
5 3 237.5 499.5 3
1 10 80.4 194.8 3
2 4 269.9 461.3 2
8 3 206.3 513.1 4
5 7 269.3 366.5 3
1 10 266.8 537.0 1
5 1 43.3 357.0 2
2 6 134.7 384.4 3
7 5 291.4 440.8 2
8 7 153.6 314.0 3
EOF
