NUM_STATIONS: 10
NUM_REQUESTS: 40
NUM_VEHICLES: 2
VEHICLE_CAPACITY: 2
DISTANCES
0 1 5.8
1 2 5.9
2 3 5.5
3 4 4.6
4 5 6.6
5 6 8.5
6 7 2.2
7 8 4.0
8 9 2.7
9 0 5.9
REQUEST_SECTION
5 3 331.9 425.3 1
6 3 89.4 329.5 2
4 5 433.1 854.5 1
3 7 232.4 613.7 2
8 3 120.2 207.3 2
2 5 376.3 813.4 2
2 8 369.9 551.2 2
4 7 310.9 563.9 2
9 1 434.4 663.3 1
2 4 492.7 801.7 1
1 10 373.4 470.1 2
7 2 158.8 551.4 2
5 4 228.1 384.2 2
2 8 358.8 740.7 1
2 5 52.4 345.1 1
8 3 230.4 573.0 2
6 2 106.6 207.2 2
9 5 420.6 855.6 1
5 8 260.5 339.9 1
6 9 429.1 587.5 1
3 2 496.1 854.5 1
7 2 158.5 301.8 2
3 5 6.1 260.6 1
9 2 198.2 402.3 2
9 5 394.5 619.6 1
5 3 276.9 628.3 2
5 9 143.7 366.2 1
1 9 226.4 641.5 1
0 4 319.8 593.9 1
3 5 308.9 634.2 2
8 7 413.6 807.7 2
3 4 84.2 275.2 1
7 2 157.1 383.9 2
9 8 418.0 703.7 2
4 6 161.9 339.0 1
2 3 58.6 138.9 2
2 9 169.3 334.4 1
3 1 165.7 472.5 2
4 2 159.2 244.9 2
3 8 469.2 688.4 1
EOF
