NUM_STATIONS: 10
NUM_REQUESTS: 40
NUM_VEHICLES: 1
VEHICLE_CAPACITY: 8
DISTANCES
0 1 3.4
1 2 6.2
2 3 7.9
3 4 7.1
4 5 5.2
5 6 1.5
6 7 5.2
7 8 1.2
8 9 5.0
9 0 2.1
REQUEST_SECTION
3 7 550.1 782.2 4
4 5 417.6 1098.6 1
4 5 102.1 183.5 3
2 9 548.7 739.0 3
4 6 718.1 1198.0 1
2 7 378.4 622.0 1
2 4 170.4 320.4 2
5 6 213.2 774.6 8
4 1 170.9 446.4 1
0 7 667.4 802.9 7
6 3 127.9 312.4 4
0 2 365.6 499.3 7
9 3 841.6 1029.1 3
7 6 802.0 895.4 8
7 5 165.5 520.5 1
3 7 608.9 1113.9 1
4 2 673.7 1128.1 4
0 9 391.4 793.0 6
2 3 630.2 1195.3 8
2 9 381.2 755.8 1
0 4 821.4 1032.4 2
2 10 439.6 742.0 2
2 6 336.6 561.3 4
8 4 761.6 960.6 5
3 7 440.7 929.8 6
0 1 288.9 466.8 6
7 1 358.4 811.1 5
8 4 128.3 687.7 2
0 3 535.8 794.0 2
9 7 40.5 168.5 1
0 4 775.4 1438.8 4
7 2 659.5 937.5 8
8 6 762.5 1026.3 4
4 10 404.5 712.1 3
9 6 215.8 483.2 4
1 5 637.3 956.8 8
4 2 815.0 1393.0 1
3 5 872.7 1216.0 3
9 7 876.8 996.1 5
5 7 278.5 341.1 3
EOF
