NUM_STATIONS: 10
NUM_REQUESTS: 160
NUM_VEHICLES: 3
VEHICLE_CAPACITY: 2
DISTANCES
0 1 3.3
1 2 8.6
2 3 9.8
3 4 4.8
4 5 3.7
5 6 5.0
6 7 1.8
7 8 2.0
8 9 1.3
9 0 2.7
REQUEST_SECTION
9 3 512.2 971.2 2
8 4 527.1 591.2 2
4 8 336.6 621.1 2
6 3 294.3 650.7 2
8 2 29.4 188.7 1
7 2 534.8 1123.8 1
8 1 487.6 959.9 2
6 4 422.3 865.8 1
7 2 115.1 701.9 1
2 6 625.9 1165.6 1
3 7 53.0 524.2 1
8 4 744.7 915.2 1
0 8 799.6 1317.6 2
8 10 399.2 840.9 1
8 2 795.5 1313.8 2
4 2 306.2 918.1 2
3 5 429.2 871.8 1
5 7 178.2 267.5 1
3 7 290.8 404.6 2
7 4 786.1 1181.4 1
6 7 288.4 671.8 1
3 7 460.7 606.2 1
5 2 471.6 1026.6 2
4 7 266.8 369.2 1
3 5 442.0 876.8 2
1 3 433.9 908.2 2
9 10 311.7 686.2 1
3 6 770.1 1023.9 1
3 7 574.1 1014.0 2
7 10 236.4 347.5 1
8 9 346.2 559.2 2
3 9 208.6 418.5 2
4 7 341.6 410.5 2
4 6 92.6 157.9 1
6 10 55.2 330.3 2
1 3 621.4 1086.7 1
8 7 177.5 458.3 1
8 10 143.1 305.7 1
2 1 393.6 443.2 2
5 1 771.1 1030.4 2
2 4 482.9 1069.2 1
5 10 90.1 343.3 2
8 6 202.1 767.5 2
5 2 690.3 1088.7 2
6 2 146.2 657.6 2
5 4 771.5 1190.0 1
0 9 492.0 1092.8 2
3 4 810.5 1170.7 2
0 2 33.2 285.2 2
9 7 785.3 1014.1 1
8 3 204.6 447.5 2
1 4 143.9 290.6 2
3 1 398.7 754.7 2
2 7 555.4 800.6 1
3 10 4.6 368.5 1
2 4 125.3 645.8 2
5 8 433.8 994.1 1
8 1 110.4 221.9 2
2 3 276.4 840.2 1
6 8 602.2 709.3 2
8 10 28.6 503.1 2
6 8 396.7 819.9 2
2 6 466.1 595.4 2
6 7 577.0 696.0 1
7 2 834.6 1359.2 1
0 7 391.3 829.9 2
3 5 492.8 1056.1 2
4 5 461.6 806.7 1
5 2 712.8 854.7 1
5 4 692.7 1223.0 2
5 3 241.0 775.7 1
3 10 467.8 1054.7 1
6 7 57.4 228.6 2
2 9 717.8 1016.7 1
1 8 426.5 495.0 1
0 1 457.4 772.7 2
2 9 380.6 587.0 2
9 5 181.7 290.4 2
6 5 848.2 1109.5 2
3 7 155.8 612.2 2
7 1 806.9 915.7 1
3 2 552.7 942.5 2
2 7 173.8 672.5 2
1 8 770.8 852.2 2
1 10 260.2 672.7 1
9 8 33.5 221.4 1
7 8 121.4 701.9 2
2 7 72.3 540.7 1
6 1 717.0 1316.0 2
7 3 23.0 175.0 2
8 2 204.7 804.1 2
2 6 811.1 991.3 1
8 6 474.0 692.5 2
1 3 341.4 938.3 2
9 5 460.1 727.4 2
0 3 557.3 1032.8 1
5 10 200.6 327.7 1
7 3 317.6 716.0 2
5 10 34.8 275.2 2
6 2 818.1 948.0 1
6 8 450.4 707.7 2
8 5 144.9 634.5 2
0 2 491.9 781.5 1
9 5 90.6 217.3 2
8 3 560.0 882.5 2
4 9 767.6 1359.2 2
4 9 1.2 289.2 1
1 6 146.4 295.3 1
9 4 725.9 1169.3 2
9 6 129.4 495.5 1
0 2 112.3 690.0 2
6 8 479.1 958.8 1
6 2 63.5 170.3 2
2 6 314.6 788.4 1
6 3 149.0 415.4 1
7 3 793.4 1171.8 1
3 9 146.1 580.7 1
6 10 294.6 751.0 2
3 2 66.7 356.0 2
9 1 164.4 425.3 2
6 9 832.4 1017.6 2
4 9 798.3 1139.4 2
3 9 508.7 594.2 1
8 5 761.0 1221.2 1
4 5 451.2 615.5 1
0 4 299.3 901.8 2
5 8 355.6 785.1 1
9 10 480.3 955.2 2
0 2 850.1 1041.7 2
1 3 76.8 609.7 1
4 2 196.7 324.7 2
4 3 366.3 409.2 2
0 1 265.4 711.7 2
9 3 768.8 1265.8 1
5 6 29.9 292.9 1
4 9 30.7 267.9 1
5 2 206.9 676.3 1
0 6 665.9 802.0 1
1 9 475.3 741.4 2
9 3 98.0 314.4 1
4 10 752.8 978.5 1
2 7 429.0 706.6 2
5 1 90.8 167.9 1
3 10 305.2 688.8 1
3 6 173.4 673.1 1
2 4 503.9 546.9 1
0 4 642.5 733.7 1
0 8 291.8 456.0 2
3 5 677.6 856.7 2
0 3 196.3 535.2 1
3 8 75.4 665.9 2
4 9 271.0 858.4 1
3 10 240.6 495.5 2
6 3 93.3 178.1 2
7 3 449.9 806.2 1
6 10 57.1 509.5 2
9 7 561.1 670.0 1
0 6 526.1 883.0 2
6 5 313.8 464.6 1
7 4 489.6 747.9 2
EOF
