NUM_STATIONS: 10
NUM_REQUESTS: 160
NUM_VEHICLES: 3
VEHICLE_CAPACITY: 1
DISTANCES
0 1 6.3
1 2 1.5
2 3 7.8
3 4 9.8
4 5 9.9
5 6 6.9
6 7 1.6
7 8 5.2
8 9 2.2
9 0 6.8
REQUEST_SECTION
3 7 1523.9 2360.3 1
2 4 660.2 1009.7 1
2 7 624.3 1684.1 1
7 4 1315.9 2463.7 1
4 10 886.5 1318.1 1
1 4 891.0 1475.1 1
2 1 1511.6 1821.3 1
5 9 1126.2 1199.0 1
7 3 1046.6 1933.5 1
0 7 407.0 1487.3 1
0 3 1516.9 1674.7 1
0 5 413.9 1165.0 1
0 3 586.4 689.1 1
8 4 916.6 1200.1 1
3 4 797.2 1922.9 1
0 7 1329.7 1744.7 1
5 4 743.8 1916.7 1
9 8 566.1 1302.9 1
8 6 330.9 622.2 1
9 7 1426.2 1832.1 1
9 4 438.3 806.8 1
2 4 231.9 959.0 1
9 3 1295.2 2107.3 1
9 5 432.5 645.9 1
1 6 1547.1 2342.2 1
9 4 1495.1 2656.5 1
9 2 769.4 1476.1 1
7 2 260.3 1204.1 1
3 9 1224.0 1890.4 1
1 2 942.9 1926.9 1
5 6 781.7 1129.4 1
0 8 1335.9 2144.7 1
1 4 656.1 945.1 1
8 3 907.8 1770.0 1
0 1 1305.1 2120.8 1
3 2 1444.9 2649.8 1
9 8 863.8 1934.2 1
0 9 1060.9 2274.7 1
7 6 408.1 487.1 1
6 2 187.4 359.3 1
2 3 1014.8 2204.2 1
2 3 255.6 636.4 1
2 8 14.6 935.3 1
7 3 1304.2 2386.9 1
5 1 798.5 1494.5 1
9 6 884.7 1955.0 1
0 2 252.9 698.8 1
5 2 499.0 1089.6 1
0 4 674.8 1628.6 1
0 1 280.3 975.9 1
8 5 960.7 1580.2 1
1 9 529.3 1619.0 1
9 10 1541.1 2287.0 1
9 10 99.7 527.1 1
3 10 1062.6 1447.6 1
0 5 962.5 1075.2 1
9 3 725.1 1375.1 1
1 7 1206.4 1673.4 1
2 9 461.6 1151.9 1
2 9 1276.5 2037.8 1
2 7 1323.0 1917.0 1
5 1 1065.6 1169.7 1
6 4 1350.5 1727.5 1
1 4 285.1 518.2 1
5 3 842.9 1883.0 1
2 5 1388.5 1631.3 1
4 10 1208.0 1544.4 1
0 6 1172.7 1714.7 1
3 2 929.2 1760.4 1
6 1 1274.0 1542.6 1
6 1 684.6 1534.5 1
7 1 476.6 1293.7 1
9 10 1035.1 2019.8 1
3 4 598.0 1461.7 1
3 6 80.1 312.2 1
1 4 1244.2 1433.7 1
2 4 797.3 1306.6 1
6 9 1277.5 2441.9 1
3 7 1427.9 2012.3 1
9 4 854.6 1680.2 1
5 4 284.2 772.8 1
0 3 217.0 923.5 1
1 3 717.6 1644.3 1
9 1 1468.8 2129.1 1
4 3 1210.5 1398.0 1
9 10 241.8 595.4 1
8 7 1196.3 2116.0 1
1 7 1331.9 1533.1 1
7 6 1383.1 1649.3 1
2 5 337.4 1388.6 1
0 2 1336.2 1425.5 1
5 7 969.0 1162.6 1
3 7 944.3 1280.9 1
4 10 780.4 1185.0 1
5 10 787.6 1464.9 1
7 5 1062.8 1655.4 1
1 6 298.5 444.3 1
7 1 1501.2 2505.9 1
1 5 1109.6 1305.1 1
6 8 1300.1 2138.6 1
3 5 553.9 1457.6 1
9 7 1412.4 1747.0 1
4 9 1280.5 1647.7 1
7 4 183.7 462.7 1
4 9 288.7 1243.6 1
8 2 252.7 798.7 1
4 9 362.6 1493.6 1
2 1 454.4 1510.5 1
8 10 1020.8 1898.2 1
5 1 1397.0 2373.1 1
9 1 1134.2 1725.9 1
0 4 6.5 702.5 1
0 2 1267.0 1871.6 1
6 1 161.9 253.7 1
5 4 764.7 1680.8 1
5 1 790.8 1877.9 1
0 9 851.6 1024.8 1
6 9 927.3 1988.0 1
6 5 1022.4 1473.7 1
7 9 117.6 317.3 1
8 6 1541.8 2157.7 1
1 6 1187.5 1248.5 1
2 8 882.3 1954.6 1
1 9 1492.5 1687.4 1
0 8 912.7 1271.3 1
7 1 1323.4 1588.5 1
3 9 933.1 1522.5 1
7 10 118.5 711.7 1
2 4 1104.9 2148.8 1
8 7 1418.0 1857.5 1
7 1 1013.0 1399.0 1
3 7 307.1 1179.8 1
9 5 1529.8 2267.1 1
0 8 584.8 1681.3 1
9 3 361.7 798.8 1
5 8 1366.6 2256.2 1
1 3 277.5 1479.6 1
1 9 358.9 704.5 1
5 9 285.0 559.7 1
2 5 1476.0 1761.5 1
8 3 1133.8 1368.2 1
1 8 1318.7 1653.9 1
6 9 51.6 150.1 1
0 9 979.3 1337.6 1
4 7 1450.5 1839.0 1
2 8 673.8 1748.7 1
1 6 1492.1 2363.0 1
1 10 456.6 734.8 1
0 5 1096.0 1538.3 1
3 9 104.3 307.4 1
5 9 640.5 1716.7 1
4 5 1311.1 1721.2 1
7 1 1542.7 2473.7 1
9 1 641.3 1666.1 1
4 10 456.6 1043.5 1
6 1 1133.6 2272.6 1
7 3 1279.7 1824.2 1
3 8 62.6 1028.6 1
0 9 1306.5 2500.7 1
5 3 863.7 1545.2 1
EOF
