NUM_STATIONS: 10
NUM_REQUESTS: 20
NUM_VEHICLES: 1
VEHICLE_CAPACITY: 8
DISTANCES
0 1 5.2
1 2 3.6
2 3 9.0
3 4 5.2
4 5 4.6
5 6 6.8
6 7 9.5
7 8 9.5
8 9 7.9
9 0 8.3
REQUEST_SECTION
3 5 472.4 647.7 4
5 3 133.6 221.3 8
0 4 222.8 597.1 2
0 7 99.0 380.1 7
0 5 258.4 365.8 1
3 5 440.8 786.2 3
2 7 295.3 606.2 1
4 5 420.8 603.2 2
7 10 116.0 308.5 7
4 5 478.8 707.5 3
9 5 472.1 698.0 1
5 8 519.6 735.1 6
0 8 238.7 450.4 6
4 5 14.2 369.9 3
1 9 395.3 796.4 7
7 8 58.3 471.8 3
1 3 205.9 600.4 7
1 8 499.9 747.8 7
6 3 410.2 625.1 4
6 7 78.8 210.3 5
EOF
