NUM_STATIONS: 10
NUM_REQUESTS: 40
NUM_VEHICLES: 1
VEHICLE_CAPACITY: 2
DISTANCES
0 1 3.4
1 2 6.2
2 3 7.9
3 4 7.1
4 5 5.2
5 6 1.5
6 7 5.2
7 8 1.2
8 9 5.0
9 0 2.1
REQUEST_SECTION
3 7 241.8 754.3 1
4 5 46.7 164.5 2
4 5 73.7 445.3 1
2 9 336.6 822.7 1
4 6 114.2 462.4 1
2 7 245.1 423.3 2
2 4 621.9 1146.8 1
5 6 637.8 936.7 2
4 1 258.8 923.7 2
0 7 557.0 899.4 1
6 3 280.5 414.5 2
0 2 220.8 569.1 2
9 3 164.9 866.9 1
7 6 81.5 200.6 2
7 5 44.0 381.0 2
3 7 75.2 625.5 1
4 2 150.2 802.0 1
0 9 171.7 559.5 1
2 3 567.6 1258.3 1
2 9 317.6 487.9 1
0 4 220.2 605.0 2
2 10 213.8 848.2 2
2 6 398.6 850.3 2
8 4 372.1 1006.3 2
3 7 354.7 958.4 1
0 1 197.4 828.4 2
7 1 328.6 605.3 1
8 4 576.9 1287.3 2
0 3 205.9 600.6 1
9 7 15.8 537.6 2
0 4 451.0 768.9 2
7 2 520.1 679.3 2
8 6 222.4 785.3 2
4 10 191.9 850.7 1
9 6 656.2 734.9 1
1 5 142.9 591.6 1
4 2 174.7 853.0 1
3 5 4.9 518.6 2
9 7 539.9 1241.0 2
5 7 255.9 778.4 2
EOF
