NUM_STATIONS: 10
NUM_REQUESTS: 40
NUM_VEHICLES: 2
VEHICLE_CAPACITY: 2
DISTANCES
0 1 5.5
1 2 7.8
2 3 7.1
3 4 4.8
4 5 4.5
5 6 3.9
6 7 2.7
7 8 6.4
8 9 8.5
9 0 7.6
REQUEST_SECTION
8 7 103.9 276.6 1
8 6 73.5 155.6 2
7 5 169.3 368.5 2
5 10 171.9 430.1 1
6 9 280.3 501.6 1
3 4 367.8 585.4 2
4 2 121.1 287.0 2
5 3 10.1 326.4 1
5 10 174.0 496.2 2
2 9 189.5 538.8 2
2 8 420.3 679.2 1
0 7 32.9 343.1 1
4 5 167.7 242.1 1
3 9 224.6 478.7 1
5 7 293.1 450.7 1
8 4 179.7 450.0 2
9 8 207.0 334.1 2
2 10 322.9 461.1 2
4 7 205.1 354.9 1
4 10 124.2 427.6 1
7 2 391.3 620.6 1
3 5 304.4 464.8 1
1 9 152.3 418.2 1
9 8 213.0 356.0 2
5 1 78.3 330.0 2
5 3 10.4 302.6 1
5 8 304.4 577.5 1
5 6 406.5 465.7 1
0 1 378.7 665.9 1
5 2 124.7 228.8 2
5 3 197.4 426.4 1
1 10 175.8 325.4 1
2 4 193.5 384.1 2
8 3 236.2 496.5 1
5 7 360.2 628.0 2
1 10 329.2 494.1 1
5 1 337.3 567.7 1
2 6 59.5 393.2 2
7 5 375.4 568.7 1
8 7 54.4 169.4 1
EOF
