NUM_STATIONS: 10
NUM_REQUESTS: 20
NUM_VEHICLES: 3
VEHICLE_CAPACITY: 8
DISTANCES
0 1 10.0
1 2 3.1
2 3 7.4
3 4 2.1
4 5 5.5
5 6 6.0
6 7 3.5
7 8 7.1
8 9 7.6
9 0 5.4
REQUEST_SECTION
4 9 85.2 183.3 1
8 3 61.3 187.7 2
4 3 133.7 205.7 4
5 2 32.2 133.4 3
7 5 124.2 192.5 8
3 6 28.2 107.1 7
9 4 1.8 103.8 8
5 4 119.6 245.6 4
7 6 48.7 119.1 1
5 4 16.4 130.4 5
6 8 7.4 94.5 3
3 1 67.9 190.7 1
3 10 13.3 151.4 8
8 9 125.2 199.9 2
8 3 89.2 225.8 8
3 2 44.5 120.4 1
0 3 107.9 212.0 4
1 3 93.0 194.7 1
7 5 139.2 279.5 7
8 7 98.7 163.2 4
EOF
