NUM_STATIONS: 10
NUM_REQUESTS: 80
NUM_VEHICLES: 2
VEHICLE_CAPACITY: 8
DISTANCES
0 1 8.0
1 2 8.3
2 3 3.5
3 4 6.0
4 5 1.1
5 6 2.5
6 7 5.2
7 8 7.5
8 9 5.8
9 0 8.4
REQUEST_SECTION
9 3 320.2 551.0 2
9 7 624.9 1175.4 3
9 1 707.2 834.6 6
2 6 713.4 1008.4 6
5 4 131.2 310.0 4
6 5 97.7 446.0 2
3 2 750.8 1323.1 1
6 2 430.9 629.0 4
0 9 363.1 535.7 3
3 8 359.6 577.1 4
1 2 843.1 1365.4 8
9 2 556.2 843.4 1
4 3 125.1 433.9 6
3 8 747.2 1245.8 3
8 3 502.3 746.1 6
8 5 661.9 892.9 7
8 5 517.9 797.7 7
0 3 480.8 841.4 5
7 10 456.8 1020.2 8
2 10 443.6 568.4 5
7 9 385.5 578.5 2
6 5 230.3 463.2 1
4 8 602.6 1004.6 1
6 10 36.6 388.3 3
3 4 143.0 594.4 5
9 5 276.9 617.7 4
7 6 320.1 618.1 1
9 7 29.5 386.5 2
5 9 239.4 771.7 1
5 7 735.1 925.9 4
6 1 594.0 661.5 2
7 4 93.1 286.5 2
2 8 669.8 842.9 7
9 1 431.0 611.5 4
4 1 200.4 645.2 3
5 6 635.7 1156.9 2
0 9 775.2 1322.6 7
8 2 745.7 1348.0 8
6 3 616.6 851.1 8
6 9 483.8 897.8 2
9 7 673.6 1160.7 5
2 8 33.5 374.6 2
6 8 84.9 592.4 2
5 2 72.5 559.6 4
4 6 177.3 725.9 5
4 9 136.3 250.9 7
4 9 784.6 1395.1 3
9 8 609.2 1164.1 4
6 4 769.6 1168.2 2
8 6 461.2 623.2 3
4 3 243.9 583.7 5
9 10 241.4 705.4 5
8 7 576.5 642.8 1
7 1 299.6 905.7 3
1 3 245.5 617.3 4
6 3 513.2 581.8 5
8 3 585.7 698.3 3
4 6 65.0 662.4 3
6 9 130.7 221.1 1
9 4 476.5 708.8 3
7 8 216.0 776.6 3
6 3 155.9 674.6 5
7 5 148.0 263.3 8
9 3 192.5 454.7 7
1 9 489.0 887.1 4
8 1 796.5 1338.2 5
9 8 346.7 565.3 5
9 7 287.5 705.3 2
6 7 513.0 826.1 8
5 9 718.6 1095.2 3
1 5 376.8 877.4 3
8 6 703.1 1098.2 7
2 1 459.9 792.3 5
1 7 571.0 841.5 8
4 6 62.5 515.4 5
0 3 519.1 693.4 2
1 10 126.0 220.1 8
7 8 468.9 673.0 4
9 6 196.4 595.9 1
3 10 300.2 627.5 7
EOF
