NUM_STATIONS: 10
NUM_REQUESTS: 80
NUM_VEHICLES: 1
VEHICLE_CAPACITY: 4
DISTANCES
0 1 9.9
1 2 5.8
2 3 2.8
3 4 4.2
4 5 8.2
5 6 9.6
6 7 7.3
7 8 4.0
8 9 8.9
9 0 4.1
REQUEST_SECTION
8 2 1707.9 2806.7 3
3 8 1471.6 2800.9 4
0 4 692.9 1194.8 4
4 8 782.7 1251.1 4
7 10 2063.1 2956.2 4
4 1 631.3 1304.0 3
1 9 2137.0 3123.9 2
3 6 1505.0 2510.5 2
5 9 1268.3 2275.3 3
9 5 1434.9 2249.9 2
1 7 312.9 1315.0 4
7 3 1223.9 1722.6 2
9 7 1566.7 1819.1 4
1 6 545.7 917.2 2
5 3 288.8 689.8 1
0 4 260.7 863.5 1
7 1 997.5 2309.6 4
0 4 1610.6 2248.0 2
2 9 477.0 565.0 4
0 6 2048.1 3114.6 3
0 9 267.0 698.5 3
4 10 1750.0 2916.1 1
2 5 967.3 2179.9 1
1 10 2380.7 2645.7 3
7 10 2150.2 3460.1 3
2 10 1759.3 3117.9 2
3 8 1791.5 3067.2 4
5 8 2377.7 2820.9 2
6 8 822.1 2041.5 2
6 5 1043.3 1308.4 4
5 10 1512.6 1656.4 3
2 8 980.8 1757.9 2
8 9 98.7 1422.1 4
2 7 672.2 1769.3 4
4 6 1335.4 1714.9 1
5 8 771.6 1115.2 4
9 8 819.6 1735.3 4
3 1 1563.9 2523.8 2
3 4 1747.0 2334.5 4
2 6 1119.0 1720.7 3
4 9 1548.5 1816.2 3
7 5 393.8 1280.6 4
6 4 2080.0 3346.2 3
7 3 2046.9 2938.3 3
5 10 2196.8 2587.2 1
3 8 1420.2 2513.7 3
9 6 401.3 1478.8 1
5 1 630.9 1870.3 3
8 4 176.7 1185.5 3
0 5 50.4 992.7 3
5 10 1520.4 1945.5 1
7 5 712.3 1494.0 4
6 10 2470.4 3118.7 2
6 1 512.5 1531.2 2
2 6 1936.5 2583.7 3
4 5 2148.6 3042.7 2
7 3 1643.6 1775.4 2
0 4 72.2 893.2 4
0 9 1095.3 1219.2 1
4 10 782.9 2123.9 2
2 1 1557.6 1949.9 1
1 10 2156.7 3318.5 2
0 7 2576.4 2868.1 1
0 4 1731.4 2863.8 4
2 6 1828.7 2925.5 1
6 8 1220.1 2104.2 4
7 9 15.0 790.6 2
0 1 1812.5 2006.2 2
3 6 802.0 885.9 3
5 1 1715.5 2601.5 3
1 8 2325.7 2857.3 3
7 5 884.7 1433.6 2
3 2 1448.9 1557.2 2
2 5 1011.0 2172.2 3
4 2 2083.5 3183.6 4
7 10 517.6 1036.3 2
3 7 1998.7 2805.2 3
4 6 1215.6 2467.5 4
1 2 1397.5 1673.6 3
1 8 387.8 514.2 4
EOF
