NUM_STATIONS: 10
NUM_REQUESTS: 80
NUM_VEHICLES: 3
VEHICLE_CAPACITY: 1
DISTANCES
0 1 8.0
1 2 8.3
2 3 3.5
3 4 6.0
4 5 1.1
5 6 2.5
6 7 5.2
7 8 7.5
8 9 5.8
9 0 8.4
REQUEST_SECTION
9 3 430.2 744.8 1
9 7 26.2 583.5 1
9 1 93.9 454.0 1
2 6 250.1 446.6 1
5 4 11.4 301.6 1
6 5 448.9 716.4 1
3 2 398.5 625.8 1
6 2 482.2 711.7 1
0 9 411.8 647.2 1
3 8 513.3 1013.7 1
1 2 299.0 719.4 1
9 2 212.8 341.6 1
4 3 0.9 405.1 1
3 8 409.9 489.0 1
8 3 71.3 370.1 1
8 5 238.0 554.0 1
8 5 351.7 877.4 1
0 3 3.1 568.9 1
7 10 13.2 366.7 1
2 10 3.7 267.8 1
7 9 36.4 423.4 1
6 5 461.9 704.8 1
4 8 473.4 903.3 1
6 10 116.0 658.5 1
3 4 324.4 529.8 1
9 5 326.9 604.3 1
7 6 259.8 818.2 1
9 7 415.8 558.8 1
5 9 245.6 471.0 1
5 7 99.4 631.8 1
6 1 189.9 635.4 1
7 4 376.9 732.4 1
2 8 176.2 280.8 1
9 1 139.1 377.8 1
4 1 513.6 958.2 1
5 6 138.7 683.2 1
0 9 422.9 765.3 1
8 2 323.5 468.6 1
6 3 96.2 157.9 1
6 9 481.5 956.5 1
9 7 441.8 558.3 1
2 8 340.2 853.0 1
6 8 180.3 373.6 1
5 2 55.6 230.5 1
4 6 381.2 923.5 1
4 9 50.1 640.6 1
4 9 329.0 412.0 1
9 8 5.9 153.3 1
6 4 441.5 837.4 1
8 6 484.6 614.2 1
4 3 75.0 338.8 1
9 10 214.4 461.1 1
8 7 304.4 383.9 1
7 1 405.5 532.3 1
1 3 75.4 294.3 1
6 3 121.2 717.5 1
8 3 324.5 625.9 1
4 6 260.1 796.7 1
6 9 521.1 858.9 1
9 4 179.7 783.9 1
7 8 536.0 1083.4 1
6 3 8.5 599.8 1
7 5 178.8 460.1 1
9 3 0.7 586.9 1
1 9 294.1 450.7 1
8 1 403.0 1001.5 1
9 8 11.9 527.6 1
9 7 512.1 870.2 1
6 7 240.7 554.4 1
5 9 392.7 540.2 1
1 5 110.2 364.9 1
8 6 553.5 989.8 1
2 1 396.0 590.2 1
1 7 233.6 845.4 1
4 6 70.3 331.5 1
0 3 303.2 511.9 1
1 10 10.8 236.2 1
7 8 161.3 277.0 1
9 6 10.7 377.7 1
3 10 268.4 669.5 1
EOF
