NUM_STATIONS: 10
NUM_REQUESTS: 80
NUM_VEHICLES: 1
VEHICLE_CAPACITY: 4
DISTANCES
0 1 2.4
1 2 8.8
2 3 9.2
3 4 4.4
4 5 2.3
5 6 10.0
6 7 6.1
7 8 3.9
8 9 6.9
9 0 4.1
REQUEST_SECTION
4 2 1318.8 1550.6 4
1 6 340.9 406.1 3
9 8 326.7 1469.4 1
7 1 90.9 265.4 2
1 5 1360.8 2399.2 2
5 9 342.2 861.4 4
1 5 598.6 807.1 3
5 6 210.5 1366.7 1
2 8 249.2 1222.7 4
6 1 1068.2 1460.5 3
5 3 284.2 364.8 1
2 7 616.9 689.8 2
5 9 737.0 1595.3 4
0 2 347.4 475.3 4
1 8 418.5 1440.4 3
7 10 670.3 1614.3 4
1 3 1058.5 1694.4 2
5 3 866.0 1944.8 2
2 5 1034.8 2162.2 3
4 8 910.0 1478.0 2
2 4 1013.6 1449.2 4
4 2 1415.1 2178.4 3
7 10 1252.4 1326.4 2
5 6 909.4 1720.3 4
5 9 1661.7 2119.5 1
7 6 138.9 323.1 4
1 5 1671.5 2256.4 2
1 2 1141.7 1217.8 2
9 1 1406.5 2504.2 2
3 7 1002.6 2219.3 3
7 2 78.2 1246.7 4
1 7 513.4 931.3 1
3 8 849.4 1503.6 2
1 5 1615.8 2186.9 2
1 8 252.6 1294.2 3
3 9 1291.4 2324.6 2
1 10 1744.4 1927.9 4
7 2 742.6 960.7 2
3 6 456.2 781.1 4
8 7 862.5 1497.9 2
1 2 216.1 1428.5 2
0 7 146.3 212.6 1
0 3 583.4 718.9 4
0 4 1248.2 1632.8 2
6 5 1453.1 2670.9 1
5 8 710.1 1630.8 3
1 10 1534.1 2322.3 4
5 6 107.9 902.0 3
4 7 200.5 705.7 3
8 9 634.3 1597.8 3
5 8 894.4 1295.5 3
6 7 1131.9 1708.5 2
0 8 1375.9 2340.7 4
1 9 888.7 1878.7 1
0 5 358.1 622.1 1
0 4 581.0 733.8 3
4 9 705.5 1736.2 1
3 1 1290.2 1765.5 3
7 2 1060.2 1709.1 2
5 8 85.5 423.1 2
2 10 1448.4 2505.6 4
7 9 1108.7 1978.6 1
8 5 508.5 911.1 1
5 6 716.3 809.1 1
8 2 1064.3 1238.0 4
5 2 1531.2 2057.4 4
5 1 438.2 725.3 3
8 7 522.7 665.8 3
3 7 1210.6 2366.9 4
4 7 1203.9 2346.5 2
6 4 887.6 1028.9 3
9 7 1151.9 1212.5 1
9 3 1096.8 1985.8 2
9 5 1374.5 2197.3 3
9 10 288.7 587.6 3
8 10 377.2 644.9 3
9 6 1408.2 1810.6 3
3 9 1386.7 2002.1 2
2 9 1301.6 2128.0 3
2 4 578.3 1794.8 2
EOF
