NUM_STATIONS: 10
NUM_REQUESTS: 80
NUM_VEHICLES: 2
VEHICLE_CAPACITY: 4
DISTANCES
0 1 8.0
1 2 8.3
2 3 3.5
3 4 6.0
4 5 1.1
5 6 2.5
6 7 5.2
7 8 7.5
8 9 5.8
9 0 8.4
REQUEST_SECTION
9 3 374.9 963.2 2
9 7 372.3 909.4 1
9 1 799.9 1393.7 4
2 6 13.7 222.3 3
5 4 320.9 440.7 1
6 5 902.4 1162.3 4
3 2 997.1 1594.7 3
6 2 574.1 1128.9 1
0 9 159.9 431.3 4
3 8 730.1 972.0 2
1 2 38.9 435.0 1
9 2 616.1 766.3 3
4 3 292.3 745.7 3
3 8 1074.1 1518.4 2
8 3 945.8 1239.9 3
8 5 848.9 1167.8 4
8 5 984.6 1332.2 1
0 3 1101.3 1697.3 3
7 10 945.1 1286.4 4
2 10 838.9 1064.5 3
7 9 383.8 451.8 2
6 5 342.6 856.2 1
4 8 825.7 1212.4 4
6 10 932.6 1122.0 3
3 4 561.4 671.7 3
9 5 124.0 332.6 2
7 6 909.9 1396.0 1
9 7 940.7 1216.7 4
5 9 175.2 702.1 3
5 7 630.6 978.5 2
6 1 547.3 1081.7 2
7 4 89.9 461.1 4
2 8 795.2 1247.9 4
9 1 364.9 613.0 3
4 1 3.3 253.5 1
5 6 495.5 1101.2 3
0 9 974.0 1212.7 3
8 2 254.0 421.1 4
6 3 234.5 310.4 3
6 9 633.9 1074.9 4
9 7 600.2 1156.2 1
2 8 8.8 575.8 3
6 8 551.4 727.8 2
5 2 224.0 586.6 4
4 6 885.4 1047.0 2
4 9 259.6 861.3 4
4 9 929.2 1282.8 3
9 8 742.3 1286.1 3
6 4 1111.1 1325.9 2
8 6 323.8 661.2 4
4 3 1079.2 1391.0 1
9 10 444.2 869.7 4
8 7 24.0 517.5 2
7 1 622.7 1131.9 2
1 3 787.6 1064.6 1
6 3 795.5 1133.3 1
8 3 753.2 1223.7 1
4 6 731.5 1105.5 2
6 9 395.6 672.6 3
9 4 648.5 742.7 1
7 8 91.3 270.0 4
6 3 950.8 1376.2 4
7 5 292.6 629.6 1
9 3 701.1 891.8 1
1 9 454.4 755.5 2
8 1 638.1 1025.9 2
9 8 551.4 1016.0 2
9 7 208.6 748.9 1
6 7 572.4 931.7 3
5 9 61.3 442.4 4
1 5 703.7 1126.2 4
8 6 597.7 721.1 2
2 1 968.8 1040.9 2
1 7 138.7 322.0 3
4 6 782.7 1201.0 2
0 3 206.2 576.3 3
1 10 567.4 1068.7 2
7 8 66.5 602.2 4
9 6 254.2 708.4 4
3 10 432.3 876.6 1
EOF
