NUM_STATIONS: 10
NUM_REQUESTS: 160
NUM_VEHICLES: 2
VEHICLE_CAPACITY: 4
DISTANCES
0 1 7.9
1 2 8.7
2 3 5.6
3 4 8.4
4 5 6.3
5 6 1.2
6 7 4.8
7 8 8.8
8 9 1.4
9 0 2.6
REQUEST_SECTION
0 1 1385.7 2606.0 1
7 1 2049.6 2818.7 1
6 4 713.7 880.4 2
1 3 75.4 1060.0 2
3 4 201.9 1205.6 1
6 5 549.8 1143.5 1
7 4 2076.7 3075.4 1
2 1 1952.3 2054.6 2
6 2 1486.3 3037.8 3
1 2 2203.3 2655.8 4
1 6 1811.1 3349.2 3
5 4 1045.6 1424.3 3
4 2 1001.8 1677.8 4
8 6 238.3 599.4 4
6 7 560.0 983.0 1
7 1 235.8 1347.2 4
6 5 730.6 1524.1 2
0 8 2061.6 2464.5 3
9 7 87.9 751.4 1
7 3 1907.3 3158.9 2
5 6 976.4 2594.9 2
1 10 536.5 697.6 4
9 4 1095.0 2282.0 1
0 1 1654.1 1847.8 3
3 5 1662.8 2250.0 3
8 7 1259.4 2126.7 2
3 8 1310.9 2438.1 4
0 1 93.7 1375.9 4
7 2 1679.5 2693.6 2
4 6 1081.5 1317.6 3
1 9 552.6 697.4 4
1 7 1587.8 2905.6 4
7 10 737.1 1969.1 1
4 6 341.1 2059.0 1
7 5 1604.3 3067.4 1
8 1 2096.7 3265.7 1
2 8 1500.2 2994.9 4
3 10 2001.9 3395.4 3
7 8 230.9 1136.2 2
7 10 1829.8 2540.7 1
3 7 854.7 1076.9 1
9 10 2154.1 3142.4 2
5 2 2216.2 2594.1 1
7 1 343.4 1839.9 2
1 10 1513.5 2834.2 4
9 10 853.8 1053.2 4
3 4 561.6 1230.1 4
9 10 833.8 1275.4 2
5 6 1612.7 2428.0 3
1 4 2097.2 2195.3 1
1 3 1996.2 2299.7 2
8 2 1334.3 2606.6 2
2 7 187.1 1463.0 3
8 1 699.9 1589.3 4
3 6 274.8 739.0 3
6 7 1794.3 2064.2 1
4 9 697.1 1235.7 2
3 5 658.6 1376.6 1
5 6 1016.9 1936.5 3
9 5 291.2 1770.3 3
4 10 1460.1 2994.1 2
0 4 358.8 891.2 1
9 10 19.7 365.5 4
1 7 666.5 1866.3 3
8 6 1962.5 3390.6 2
2 8 350.2 1986.4 2
5 1 1967.4 3001.5 2
9 1 380.2 649.4 1
8 4 535.3 730.6 3
6 4 255.1 1196.4 4
3 5 1529.9 2801.1 3
7 1 932.3 1605.6 4
0 7 1223.2 1431.1 3
5 9 414.9 1053.1 3
1 9 401.6 865.7 4
4 1 732.1 2263.1 3
9 3 873.3 1055.5 2
8 5 1584.3 2107.9 2
6 10 100.5 397.2 3
7 1 1619.9 2757.5 1
3 10 1019.0 1219.5 1
6 8 448.3 1850.9 3
5 8 1733.7 1977.6 1
9 8 64.2 1789.6 3
7 4 2212.6 3303.0 2
0 4 1018.5 2195.7 4
2 9 1583.0 2399.0 2
0 7 926.6 1150.5 2
0 4 864.3 2370.4 3
1 6 1791.5 2129.0 2
0 6 342.4 1505.8 3
0 5 301.9 426.3 1
7 1 1962.8 3032.0 3
1 3 1015.7 1156.4 1
3 8 1490.1 2557.4 3
7 2 2068.6 3055.3 3
6 2 870.0 2081.0 3
8 9 8.8 170.6 4
0 3 1023.7 1656.8 1
2 7 1285.8 1977.4 1
6 1 1055.4 1429.1 2
8 9 67.5 300.3 1
6 4 1990.8 3019.5 1
0 4 1301.3 1712.1 1
7 3 907.2 1191.3 3
6 4 1883.1 1967.5 3
3 8 324.1 1575.7 2
9 7 2163.8 2753.8 3
3 1 878.9 2452.6 1
2 8 779.9 2482.3 2
3 2 2158.4 3115.0 4
1 10 456.8 1778.8 1
8 5 2001.2 2442.3 3
1 8 61.9 1090.6 2
1 10 1307.1 2291.5 2
8 10 556.4 976.6 4
6 8 214.1 1619.0 2
3 6 121.1 887.4 4
8 9 1593.7 3186.6 1
2 7 1649.9 2544.7 2
0 7 1037.0 2048.7 4
6 2 1197.4 2023.4 3
3 1 1572.7 1632.5 2
5 8 635.2 1722.0 1
4 6 1085.1 2092.2 2
5 3 1959.4 3479.0 3
6 1 1816.5 2849.1 1
2 9 1985.1 2875.5 1
1 10 1068.0 1887.5 4
0 5 592.8 1703.9 2
1 5 1337.2 2514.7 3
7 6 1143.7 1807.1 1
1 6 1236.6 2355.4 4
5 10 625.0 1724.7 2
4 10 973.4 2591.2 1
7 8 1635.5 2815.7 2
5 7 1565.3 1627.6 1
5 8 1426.2 2271.5 1
3 8 368.9 1728.2 1
6 8 1247.5 2536.1 1
7 1 2213.9 2827.8 2
9 6 134.0 1731.3 3
1 10 1916.6 2034.0 4
1 5 779.2 2404.3 3
1 9 2038.9 2560.4 2
4 6 542.0 2081.2 3
7 6 1608.8 2125.9 2
6 9 1927.3 2944.0 2
7 2 1840.2 3566.4 1
5 7 2208.6 2443.2 4
7 10 224.2 1533.5 2
3 8 991.0 1605.2 1
1 3 1202.1 1958.5 2
2 8 987.7 1763.8 2
4 2 1421.1 3081.6 2
5 8 686.0 1398.9 3
4 2 67.5 295.4 3
4 2 983.0 2259.5 2
9 8 1194.7 2667.6 2
0 9 2178.8 2466.5 1
EOF
