NUM_STATIONS: 10
NUM_REQUESTS: 40
NUM_VEHICLES: 2
VEHICLE_CAPACITY: 4
DISTANCES
0 1 5.5
1 2 7.8
2 3 7.1
3 4 4.8
4 5 4.5
5 6 3.9
6 7 2.7
7 8 6.4
8 9 8.5
9 0 7.6
REQUEST_SECTION
8 7 77.4 512.3 3
8 6 173.0 615.5 3
7 5 77.5 351.6 2
5 10 15.5 503.8 3
6 9 352.7 725.9 4
3 4 120.2 545.3 3
4 2 253.9 396.1 4
5 3 422.1 881.6 1
5 10 225.3 333.7 3
2 9 131.5 497.8 2
2 8 156.4 261.2 2
0 7 145.6 583.9 3
4 5 103.1 560.8 2
3 9 421.3 835.8 1
5 7 41.3 404.2 2
8 4 67.6 424.1 3
9 8 370.7 536.4 4
2 10 226.6 416.0 2
4 7 269.4 688.3 4
4 10 364.4 483.4 1
7 2 11.6 489.7 3
3 5 343.0 745.6 1
1 9 395.2 887.6 4
9 8 214.4 697.8 3
5 1 117.9 442.3 3
5 3 1.6 363.6 1
5 8 67.4 202.6 3
5 6 194.7 456.5 4
0 1 424.8 547.6 3
5 2 393.6 535.2 3
5 3 424.8 621.2 3
1 10 341.1 726.9 3
2 4 294.3 442.5 4
8 3 339.3 730.9 2
5 7 273.4 502.6 1
1 10 18.4 357.3 3
5 1 193.0 685.4 4
2 6 361.3 586.9 3
7 5 228.5 355.2 2
8 7 44.0 179.4 1
EOF
