NUM_STATIONS: 10
NUM_REQUESTS: 20
NUM_VEHICLES: 2
VEHICLE_CAPACITY: 1
DISTANCES
0 1 6.6
1 2 8.7
2 3 5.9
3 4 9.0
4 5 3.2
5 6 7.2
6 7 4.7
7 8 8.2
8 9 3.5
9 0 6.8
REQUEST_SECTION
3 5 14.1 303.5 1
1 7 66.4 197.9 1
4 5 201.9 287.5 1
0 6 18.6 294.6 1
1 7 188.7 418.1 1
6 7 210.1 502.0 1
0 8 87.2 179.1 1
1 4 168.6 345.4 1
0 5 212.8 289.5 1
6 1 19.9 227.6 1
0 8 45.3 260.5 1
8 2 68.6 144.1 1
8 2 15.1 121.0 1
4 1 166.1 257.3 1
4 7 192.8 434.1 1
5 10 193.9 439.6 1
7 3 141.8 228.0 1
6 2 229.6 449.9 1
0 8 239.0 369.6 1
5 8 46.8 245.4 1
EOF
