NUM_STATIONS: 10
NUM_REQUESTS: 80
NUM_VEHICLES: 3
VEHICLE_CAPACITY: 4
DISTANCES
0 1 7.9
1 2 8.1
2 3 2.5
3 4 7.9
4 5 2.3
5 6 7.4
6 7 8.2
7 8 1.4
8 9 7.4
9 0 3.5
REQUEST_SECTION
9 4 448.7 740.5 3
8 6 100.6 487.7 4
1 2 29.5 235.2 2
8 4 247.2 639.8 1
2 7 139.5 208.7 1
1 8 474.0 791.3 2
5 7 260.3 491.1 3
1 9 352.3 581.2 3
1 4 365.7 510.1 1
4 6 264.2 364.7 3
0 8 535.1 741.5 4
7 6 103.6 532.7 2
7 6 516.2 832.3 4
4 10 426.2 702.2 3
8 2 520.1 928.5 1
1 4 282.3 680.5 3
2 8 309.4 390.2 1
0 3 106.7 388.3 4
8 6 30.1 142.4 4
8 1 245.6 530.3 2
9 8 156.0 275.2 4
6 3 177.5 370.8 4
2 4 335.5 541.2 1
3 10 294.6 448.2 2
5 6 14.2 409.6 1
5 6 37.0 142.3 1
2 9 172.1 369.4 3
6 8 128.1 334.3 4
9 10 532.6 617.1 1
5 8 447.8 694.6 3
0 5 564.3 765.5 1
2 4 73.3 416.7 2
3 9 388.8 599.8 2
0 3 32.2 254.2 1
5 6 78.0 291.0 1
5 10 204.2 390.9 2
4 8 400.5 677.3 2
9 4 451.3 545.0 1
1 9 264.1 364.4 4
0 9 82.7 196.6 2
6 3 407.4 713.9 3
0 1 545.1 735.0 2
8 1 83.5 241.1 3
3 9 448.2 730.0 1
4 2 65.0 407.9 1
5 10 110.5 203.8 4
9 2 204.7 579.6 1
2 5 550.5 624.3 3
3 4 284.7 441.4 3
3 1 373.7 471.7 4
3 2 486.7 638.2 1
4 3 362.6 582.4 4
1 4 73.8 319.1 1
2 7 363.0 680.4 2
1 9 234.2 608.3 2
0 6 237.8 470.7 3
5 2 203.2 304.7 1
8 2 535.3 888.4 1
8 4 362.8 533.8 4
2 4 467.5 656.4 1
6 8 543.9 645.9 1
2 9 431.3 790.7 2
2 8 106.9 164.6 4
1 8 83.7 331.8 3
9 7 240.2 601.7 1
6 2 17.5 400.4 2
2 8 405.3 798.7 3
0 4 188.8 353.5 4
7 10 558.5 820.0 2
2 4 530.9 853.4 4
6 1 381.9 465.8 3
5 2 421.5 514.1 2
6 8 365.2 655.1 2
7 5 358.0 758.6 3
8 10 186.2 458.5 3
5 2 54.1 469.0 1
9 7 460.9 567.4 1
7 6 411.2 758.4 2
4 9 1.4 249.0 1
3 10 244.1 640.2 1
EOF
