NUM_STATIONS: 10
NUM_REQUESTS: 80
NUM_VEHICLES: 1
VEHICLE_CAPACITY: 1
DISTANCES
0 1 7.9
1 2 8.1
2 3 2.5
3 4 7.9
4 5 2.3
5 6 7.4
6 7 8.2
7 8 1.4
8 9 7.4
9 0 3.5
REQUEST_SECTION
9 4 577.1 1699.1 1
8 6 573.7 1034.2 1
1 2 1669.6 2528.7 1
8 4 1435.1 2561.6 1
2 7 1059.5 2076.7 1
1 8 608.0 979.2 1
5 7 1140.1 2276.9 1
1 9 1601.6 2028.2 1
1 4 499.7 944.5 1
4 6 810.3 1389.8 1
0 8 275.6 1045.1 1
7 6 1154.1 1271.7 1
7 6 578.4 1676.1 1
4 10 302.6 602.3 1
8 2 379.6 1158.2 1
1 4 809.7 1629.8 1
2 8 1572.9 2205.7 1
0 3 1384.9 2225.6 1
8 6 1499.7 1826.2 1
8 1 582.1 1090.3 1
9 8 1010.8 1884.1 1
6 3 1168.0 1327.6 1
2 4 1368.3 2323.1 1
3 10 635.3 1773.4 1
5 6 1360.1 1558.0 1
5 6 309.4 987.5 1
2 9 491.1 1277.6 1
6 8 563.9 903.3 1
9 10 848.8 1308.1 1
5 8 1036.4 1133.7 1
0 5 1464.7 1734.0 1
2 4 226.2 569.9 1
3 9 1691.2 2252.6 1
0 3 1399.3 2455.1 1
5 6 1623.3 2543.6 1
5 10 1018.2 1228.8 1
4 8 1338.1 1594.1 1
9 4 321.4 644.2 1
1 9 997.5 1565.1 1
0 9 542.0 675.0 1
6 3 1027.3 2009.9 1
0 1 42.7 199.3 1
8 1 953.3 1404.9 1
3 9 1593.4 2431.7 1
4 2 643.4 829.4 1
5 10 184.5 441.4 1
9 2 239.2 797.9 1
2 5 1301.9 2170.9 1
3 4 599.4 1572.2 1
3 1 543.9 1054.0 1
3 2 1100.5 1912.6 1
4 3 1687.3 2443.5 1
1 4 93.6 859.1 1
2 7 65.0 145.7 1
1 9 1677.7 1990.4 1
0 6 686.7 1733.9 1
5 2 587.4 1744.1 1
8 2 620.8 1063.4 1
8 4 909.7 1862.2 1
2 4 1526.4 2463.7 1
6 8 466.2 830.7 1
2 9 1354.9 1521.7 1
2 8 632.8 1448.4 1
1 8 1185.6 1479.3 1
9 7 1596.8 1915.5 1
6 2 695.8 1054.4 1
2 8 583.8 1223.1 1
0 4 914.3 1430.3 1
7 10 180.1 1261.4 1
2 4 267.2 917.6 1
6 1 1512.9 2351.8 1
5 2 1246.2 1489.3 1
6 8 1261.8 2328.9 1
7 5 684.1 807.1 1
8 10 246.3 1315.3 1
5 2 735.3 1297.7 1
9 7 480.2 1113.7 1
7 6 411.0 1553.7 1
4 9 380.1 547.0 1
3 10 1545.2 2583.5 1
EOF
