NUM_STATIONS: 10
NUM_REQUESTS: 160
NUM_VEHICLES: 2
VEHICLE_CAPACITY: 8
DISTANCES
0 1 3.3
1 2 8.6
2 3 9.8
3 4 4.8
4 5 3.7
5 6 5.0
6 7 1.8
7 8 2.0
8 9 1.3
9 0 2.7
REQUEST_SECTION
9 3 471.8 863.1 3
8 4 80.1 349.0 1
4 8 237.9 364.9 5
6 3 736.0 1444.0 8
8 2 298.5 1091.5 2
7 2 418.9 531.9 8
8 1 805.3 1690.9 1
6 4 441.7 1149.7 2
7 2 23.6 582.4 2
2 6 141.1 416.0 1
3 7 489.7 659.0 4
8 4 740.7 1044.7 6
0 8 611.5 854.1 2
8 10 1196.8 1649.3 7
8 2 539.6 1182.9 8
4 2 389.1 1278.6 2
3 5 963.7 1294.2 2
5 7 549.0 813.5 5
3 7 670.5 1036.3 7
7 4 1068.6 1597.4 5
6 7 16.0 807.5 4
3 7 485.5 1266.0 7
5 2 141.0 517.3 6
4 7 345.8 571.3 7
3 5 112.6 756.8 5
1 3 1153.5 1661.7 7
9 10 1047.0 1186.7 6
3 6 468.2 1246.5 1
3 7 219.1 940.3 5
7 10 321.6 365.5 7
8 9 151.9 660.2 6
3 9 526.5 896.6 6
4 7 284.9 687.2 4
4 6 327.2 383.9 6
6 10 1156.5 1208.4 6
1 3 519.1 1405.8 1
8 7 180.5 242.4 6
8 10 981.0 1799.0 5
2 1 332.6 470.0 5
5 1 262.1 833.7 1
2 4 392.2 1247.7 1
5 10 218.0 1009.6 4
8 6 544.6 869.9 6
5 2 1131.5 1840.8 1
6 2 743.7 1492.8 4
5 4 532.3 1313.9 8
0 9 158.3 481.3 7
3 4 0.9 519.3 4
0 2 474.0 1151.0 2
9 7 603.4 1483.6 7
8 3 305.4 639.1 2
1 4 59.7 298.6 1
3 1 1078.0 1973.3 8
2 7 972.6 1110.6 6
3 10 118.5 750.2 8
2 4 902.5 1198.6 2
5 8 1111.4 1672.5 3
8 1 611.5 1363.4 2
2 3 287.4 1052.3 2
6 8 282.0 540.0 2
8 10 1062.6 1360.0 6
6 8 395.8 549.7 5
2 6 1250.1 1319.6 2
6 7 739.2 1617.7 7
7 2 1073.6 1296.8 2
0 7 602.1 794.2 3
3 5 954.1 1709.5 2
4 5 845.3 946.7 5
5 2 618.6 678.4 7
5 4 734.0 1254.6 5
5 3 336.6 1028.3 3
3 10 232.0 1105.6 5
6 7 905.7 1549.2 3
2 9 355.7 607.6 4
1 8 911.0 1178.9 2
0 1 711.9 947.2 6
2 9 1129.3 1739.2 1
9 5 247.2 921.8 1
6 5 37.1 223.8 5
3 7 557.3 1211.9 2
7 1 896.3 1321.7 4
3 2 1276.1 1831.3 4
2 7 372.6 1236.1 5
1 8 200.7 433.4 3
1 10 1240.5 1919.9 3
9 8 300.7 1099.0 4
7 8 553.2 1390.4 7
2 7 1014.2 1189.2 6
6 1 1132.9 1955.1 7
7 3 1046.9 1614.3 6
8 2 293.9 882.6 3
2 6 17.9 729.4 8
8 6 1170.5 1841.6 4
1 3 745.2 1530.8 8
9 5 1088.7 1695.2 1
0 3 704.9 1450.3 8
5 10 1075.3 1671.5 5
7 3 8.7 549.1 7
5 10 1021.3 1119.9 1
6 2 449.9 1117.1 4
6 8 116.3 257.2 4
8 5 593.4 1194.3 6
0 2 828.4 1428.3 2
9 5 376.2 870.5 8
8 3 1216.3 1620.4 8
4 9 1273.8 1701.1 2
4 9 461.2 787.3 5
1 6 715.9 1196.9 3
9 4 883.8 1407.8 7
9 6 142.9 457.6 3
0 2 718.7 1366.0 4
6 8 568.0 1207.7 3
6 2 408.0 846.2 6
2 6 727.9 913.1 5
6 3 757.6 1015.2 5
7 3 1049.9 1373.6 4
3 9 1194.1 1454.9 7
6 10 689.4 1366.3 7
3 2 914.1 1042.5 4
9 1 1207.1 1514.9 4
6 9 411.4 1156.1 3
4 9 309.8 925.6 3
3 9 360.1 1169.9 8
8 5 1090.2 1898.4 3
4 5 1203.3 1510.2 8
0 4 549.0 1346.5 7
5 8 310.7 929.7 4
9 10 77.0 526.9 8
0 2 975.7 1767.9 5
1 3 902.3 1360.7 2
4 2 1023.1 1273.1 1
4 3 998.4 1750.2 6
0 1 267.1 595.8 4
9 3 230.3 876.5 2
5 6 735.2 816.3 3
4 9 438.5 1026.7 8
5 2 855.8 1715.6 8
0 6 521.3 1389.9 5
1 9 194.5 1050.5 2
9 3 169.8 781.0 1
4 10 928.7 1075.1 7
2 7 61.2 721.7 5
5 1 377.8 1237.8 2
3 10 830.3 1207.7 1
3 6 918.8 1025.3 2
2 4 371.0 527.8 1
0 4 904.4 1174.7 4
0 8 1242.3 1701.3 4
3 5 867.1 1292.3 3
0 3 545.7 722.9 1
3 8 871.1 1534.9 6
4 9 442.5 1287.9 5
3 10 345.1 1088.4 6
6 3 785.4 979.2 2
7 3 622.4 707.7 1
6 10 137.2 345.0 2
9 7 1059.3 1109.9 3
0 6 311.4 991.5 2
6 5 1044.2 1818.3 3
7 4 796.8 973.3 8
EOF
