NUM_STATIONS: 10
NUM_REQUESTS: 20
NUM_VEHICLES: 1
VEHICLE_CAPACITY: 4
DISTANCES
0 1 8.3
1 2 2.5
2 3 8.9
3 4 6.4
4 5 8.5
5 6 5.9
6 7 7.6
7 8 9.1
8 9 7.1
9 0 6.5
REQUEST_SECTION
4 1 20.1 167.3 1
9 3 495.6 581.2 2
9 10 393.4 603.6 1
7 2 217.3 571.2 1
9 1 442.1 622.9 4
4 2 417.3 662.4 1
1 10 20.6 96.4 3
1 5 438.8 811.2 1
5 7 458.5 801.8 2
6 7 483.6 574.8 4
2 1 380.2 651.1 3
0 3 488.4 907.8 3
8 5 224.6 358.0 4
0 6 181.7 501.3 4
3 2 107.4 331.8 3
1 2 356.0 686.7 1
0 9 230.0 426.3 2
2 5 360.1 471.4 2
2 1 440.0 549.1 1
9 8 403.3 610.0 1
EOF
