NUM_STATIONS: 10
NUM_REQUESTS: 40
NUM_VEHICLES: 2
VEHICLE_CAPACITY: 4
DISTANCES
0 1 4.3
1 2 4.7
2 3 7.7
3 4 5.3
4 5 3.2
5 6 1.5
6 7 9.1
7 8 3.7
8 9 3.4
9 0 3.5
REQUEST_SECTION
2 7 225.1 448.8 3
8 10 54.0 218.7 1
4 9 59.3 317.8 4
1 7 246.0 465.8 2
9 5 289.1 432.9 3
8 6 274.0 328.1 4
2 6 198.5 465.8 1
6 5 11.2 102.9 4
4 9 306.5 528.1 3
6 9 214.4 305.1 2
1 5 75.3 291.5 3
3 8 22.7 177.9 1
9 10 33.2 288.4 2
4 5 292.8 364.4 4
5 6 259.5 386.6 3
3 9 62.1 319.6 2
5 7 121.2 238.9 2
0 5 92.7 148.5 1
5 10 334.2 582.4 4
0 2 32.2 298.0 4
0 4 232.7 364.6 1
1 7 198.9 347.2 4
0 3 72.1 253.6 2
9 3 284.4 366.1 2
3 6 195.8 436.0 3
9 7 315.7 369.7 1
4 7 294.7 566.0 4
2 5 72.9 220.8 1
2 5 139.1 193.2 1
0 4 189.3 412.4 3
0 9 135.9 332.0 3
7 1 49.0 195.8 3
7 2 249.8 372.2 3
1 9 274.9 531.1 1
2 7 150.9 421.1 4
9 8 249.5 457.7 2
7 6 272.7 505.3 2
4 2 308.5 413.2 2
1 6 327.1 494.3 3
4 1 186.1 422.0 2
EOF
