NUM_STATIONS: 10
NUM_REQUESTS: 40
NUM_VEHICLES: 2
VEHICLE_CAPACITY: 1
DISTANCES
0 1 5.5
1 2 7.8
2 3 7.1
3 4 4.8
4 5 4.5
5 6 3.9
6 7 2.7
7 8 6.4
8 9 8.5
9 0 7.6
REQUEST_SECTION
8 7 100.4 440.1 1
8 6 436.5 799.8 1
7 5 97.4 577.9 1
5 10 551.2 794.1 1
6 9 409.3 591.4 1
3 4 45.8 168.8 1
4 2 458.0 601.5 1
5 3 580.8 663.0 1
5 10 194.9 290.9 1
2 9 349.8 691.4 1
2 8 342.2 634.0 1
0 7 502.5 770.8 1
4 5 8.8 121.4 1
3 9 237.6 702.6 1
5 7 119.8 414.1 1
8 4 280.5 772.3 1
9 8 302.8 405.1 1
2 10 193.2 553.7 1
4 7 12.1 360.4 1
4 10 445.1 549.2 1
7 2 324.0 389.2 1
3 5 548.8 840.3 1
1 9 194.3 564.2 1
9 8 89.8 515.0 1
5 1 12.1 267.7 1
5 3 398.0 685.5 1
5 8 386.6 862.3 1
5 6 215.2 512.4 1
0 1 211.5 476.3 1
5 2 97.2 325.2 1
5 3 103.3 524.9 1
1 10 115.4 375.2 1
2 4 28.9 163.1 1
8 3 325.1 526.1 1
5 7 146.9 342.1 1
1 10 282.0 692.1 1
5 1 121.4 547.5 1
2 6 43.4 301.6 1
7 5 75.5 518.4 1
8 7 108.6 403.3 1
EOF
