NUM_STATIONS: 10
NUM_REQUESTS: 80
NUM_VEHICLES: 3
VEHICLE_CAPACITY: 4
DISTANCES
0 1 9.9
1 2 5.8
2 3 2.8
3 4 4.2
4 5 8.2
5 6 9.6
6 7 7.3
7 8 4.0
8 9 8.9
9 0 4.1
REQUEST_SECTION
8 2 546.0 1034.7 1
3 8 416.9 896.8 1
0 4 508.3 972.3 4
4 8 366.8 710.2 2
7 10 33.5 116.3 3
4 1 578.1 1060.4 2
1 9 178.2 405.4 2
3 6 647.0 870.8 2
5 9 486.6 933.5 3
9 5 648.2 804.4 4
1 7 440.0 519.0 4
7 3 647.3 941.2 1
9 7 147.8 556.6 1
1 6 192.6 439.5 3
5 3 545.8 853.6 2
0 4 569.9 1050.8 1
7 1 161.1 371.3 3
0 4 295.9 520.4 3
2 9 244.2 497.4 3
0 6 47.3 277.5 4
0 9 125.6 293.7 4
4 10 263.1 758.8 2
2 5 241.7 385.6 4
1 10 39.9 326.9 3
7 10 558.1 800.8 2
2 10 78.5 542.7 2
3 8 549.9 784.6 3
5 8 125.1 393.3 4
6 8 468.7 752.8 2
6 5 316.8 703.0 4
5 10 26.8 181.0 1
2 8 579.9 652.9 3
8 9 19.5 95.2 3
2 7 625.2 1079.6 3
4 6 95.2 387.3 4
5 8 139.3 553.4 1
9 8 366.0 611.6 1
3 1 165.6 458.2 4
3 4 358.6 694.2 4
2 6 132.1 254.5 3
4 9 258.1 390.8 3
7 5 483.8 576.9 2
6 4 140.2 391.8 4
7 3 29.5 261.4 3
5 10 340.5 516.1 2
3 8 553.8 632.2 1
9 6 160.4 286.4 1
5 1 303.4 677.0 4
8 4 436.4 581.2 4
0 5 56.4 444.3 3
5 10 191.4 444.1 3
7 5 231.6 311.5 3
6 10 104.8 461.1 4
6 1 637.6 875.8 3
2 6 544.0 1031.7 2
4 5 48.5 541.0 3
7 3 98.2 315.6 4
0 4 419.7 605.1 4
0 9 628.1 887.3 1
4 10 274.5 726.4 1
2 1 70.8 445.6 1
1 10 94.2 373.4 4
0 7 493.1 906.1 1
0 4 479.6 695.3 3
2 6 556.1 776.7 4
6 8 277.2 378.1 2
7 9 537.6 1028.5 1
0 1 56.3 347.6 3
3 6 17.9 506.1 1
5 1 12.5 416.4 1
1 8 98.8 513.9 3
7 5 11.1 409.3 2
3 2 190.0 287.5 4
2 5 138.5 361.8 2
4 2 504.1 681.2 3
7 10 552.5 891.4 2
3 7 115.3 559.4 4
4 6 616.6 1049.6 4
1 2 303.4 744.9 1
1 8 630.9 1063.5 4
EOF
