NUM_STATIONS: 10
NUM_REQUESTS: 80
NUM_VEHICLES: 1
VEHICLE_CAPACITY: 1
DISTANCES
0 1 2.4
1 2 8.8
2 3 9.2
3 4 4.4
4 5 2.3
5 6 10.0
6 7 6.1
7 8 3.9
8 9 6.9
9 0 4.1
REQUEST_SECTION
4 2 1216.7 2569.3 1
1 6 1061.4 2810.9 1
9 8 1089.0 1304.5 1
7 1 1689.5 2273.4 1
1 5 892.2 1685.2 1
5 9 121.2 1049.1 1
1 5 118.1 799.6 1
5 6 521.3 818.7 1
2 8 1489.7 3028.3 1
6 1 719.6 1878.0 1
5 3 145.0 888.3 1
2 7 1742.6 2614.7 1
5 9 61.7 858.3 1
0 2 771.7 2467.4 1
1 8 1721.2 2027.6 1
7 10 954.4 2588.6 1
1 3 108.9 1185.9 1
5 3 825.2 1919.2 1
2 5 1612.6 1995.7 1
4 8 251.9 346.3 1
2 4 1199.5 2400.7 1
4 2 1368.8 3161.9 1
7 10 1720.9 2475.8 1
5 6 1279.2 1849.4 1
5 9 1020.4 1637.5 1
7 6 357.1 450.1 1
1 5 775.3 1245.2 1
1 2 246.1 1461.5 1
9 1 1137.1 2451.9 1
3 7 1425.0 3071.3 1
7 2 200.9 1376.8 1
1 7 613.7 1946.5 1
3 8 757.3 1119.3 1
1 5 1378.9 2777.6 1
1 8 1481.0 2555.6 1
3 9 1567.5 2622.5 1
1 10 1181.1 2162.0 1
7 2 592.4 1855.2 1
3 6 247.5 683.0 1
8 7 669.4 1038.2 1
1 2 1.0 286.8 1
0 7 1404.1 2368.6 1
0 3 1528.5 2750.1 1
0 4 217.3 1193.4 1
6 5 1223.5 2019.3 1
5 8 1498.7 1947.4 1
1 10 315.5 1140.2 1
5 6 1607.4 2128.9 1
4 7 1180.6 1533.7 1
8 9 1466.9 3098.3 1
5 8 737.3 1589.5 1
6 7 1661.1 1784.1 1
0 8 832.5 1415.0 1
1 9 367.5 1139.7 1
0 5 553.3 1851.6 1
0 4 1383.3 2163.7 1
4 9 839.8 1575.8 1
3 1 233.0 1364.9 1
7 2 293.8 1336.3 1
5 8 980.0 1853.9 1
2 10 343.3 1696.5 1
7 9 323.8 870.6 1
8 5 404.1 1586.3 1
5 6 328.5 2061.3 1
8 2 1196.7 1484.3 1
5 2 324.7 1357.2 1
5 1 351.5 1083.4 1
8 7 1410.8 1746.0 1
3 7 203.4 496.2 1
4 7 270.0 554.3 1
6 4 1440.8 1833.1 1
9 7 495.3 1043.4 1
9 3 764.9 1015.0 1
9 5 687.0 2404.1 1
9 10 1122.1 1552.8 1
8 10 1476.6 2505.0 1
9 6 318.6 1765.3 1
3 9 1211.5 2379.0 1
2 9 1477.5 2874.3 1
2 4 1512.9 3177.7 1
EOF
