NUM_STATIONS: 10
NUM_REQUESTS: 20
NUM_VEHICLES: 3
VEHICLE_CAPACITY: 8
DISTANCES
0 1 8.9
1 2 4.6
2 3 7.4
3 4 8.4
4 5 9.1
5 6 4.1
6 7 8.9
7 8 3.5
8 9 7.1
9 0 5.5
REQUEST_SECTION
2 3 38.3 209.5 1
4 1 96.5 239.4 8
1 10 101.4 266.3 3
5 4 167.2 280.7 8
6 5 36.2 106.0 1
0 8 33.5 122.6 5
2 9 122.5 190.1 6
9 1 38.0 154.8 6
2 3 36.6 163.3 2
5 9 19.7 110.0 2
6 4 29.5 128.0 2
5 1 70.0 191.0 2
8 4 110.9 208.4 6
8 1 2.2 128.3 2
9 2 97.2 236.3 7
5 8 103.5 205.5 4
3 5 15.5 152.7 6
8 1 93.8 216.8 4
4 9 155.1 232.3 4
6 4 129.6 247.2 2
EOF
