NUM_STATIONS: 10
NUM_REQUESTS: 20
NUM_VEHICLES: 2
VEHICLE_CAPACITY: 4
DISTANCES
0 1 5.2
1 2 3.6
2 3 9.0
3 4 5.2
4 5 4.6
5 6 6.8
6 7 9.5
7 8 9.5
8 9 7.9
9 0 8.3
REQUEST_SECTION
3 5 102.2 296.5 1
5 3 138.4 337.7 1
0 4 14.9 178.7 1
0 7 116.1 185.9 1
0 5 137.1 291.5 1
3 5 24.5 189.0 1
2 7 74.0 213.8 1
4 5 59.1 224.4 1
7 10 1.3 170.8 1
4 5 71.5 172.4 1
9 5 68.2 229.7 1
5 8 156.4 242.3 1
0 8 158.6 354.4 1
4 5 110.1 230.8 1
1 9 101.7 288.1 1
7 8 156.4 326.4 1
1 3 166.0 258.5 1
1 8 33.3 180.4 1
6 3 11.3 83.8 1
6 7 54.5 205.5 1
EOF
