NUM_STATIONS: 10
NUM_REQUESTS: 80
NUM_VEHICLES: 1
VEHICLE_CAPACITY: 4
DISTANCES
0 1 5.3
1 2 5.1
2 3 4.1
3 4 5.8
4 5 8.8
5 6 4.0
6 7 7.4
7 8 2.6
8 9 6.4
9 0 5.7
REQUEST_SECTION
7 4 335.3 444.9 1
7 1 825.3 976.4 1
9 2 65.5 340.0 1
2 9 712.7 842.7 1
6 10 18.8 417.1 1
0 9 330.1 803.8 1
6 8 693.0 1260.5 1
2 3 613.8 853.0 1
4 7 84.0 574.7 1
1 4 334.3 417.6 1
5 9 454.9 801.2 1
7 1 233.3 347.8 1
5 3 349.0 654.5 1
4 10 729.4 875.0 1
0 1 574.7 769.5 1
8 9 650.6 745.1 1
8 2 442.6 926.4 1
8 4 737.8 942.4 1
1 5 591.2 1146.9 1
5 3 380.5 864.7 1
8 2 246.8 650.2 1
3 6 413.4 550.9 1
5 4 297.9 903.1 1
7 9 435.8 677.1 1
3 5 28.8 145.9 1
7 8 179.7 707.2 1
0 8 546.2 1047.2 1
9 2 819.8 955.3 1
1 6 263.6 420.6 1
4 7 59.4 410.1 1
0 7 435.2 830.3 1
5 7 13.3 484.7 1
4 7 320.9 627.0 1
1 6 244.8 484.7 1
0 9 799.8 865.3 1
8 9 760.0 1290.4 1
2 5 145.8 236.7 1
1 10 533.6 842.9 1
3 2 780.3 1050.2 1
9 6 673.9 959.4 1
7 8 804.6 1249.0 1
6 8 280.3 531.9 1
6 3 691.5 1003.6 1
0 6 708.9 1241.7 1
1 6 589.9 1071.1 1
0 7 516.1 1121.1 1
6 3 450.7 535.0 1
3 2 102.8 440.8 1
8 10 728.6 1128.5 1
6 3 803.1 1037.4 1
9 8 175.3 699.4 1
1 6 97.8 156.1 1
3 2 41.9 640.3 1
2 5 734.5 1223.0 1
6 1 469.2 757.2 1
9 4 742.6 1321.8 1
7 9 33.7 342.0 1
1 2 299.1 366.3 1
8 4 749.1 949.8 1
3 7 689.6 1106.3 1
1 8 582.7 735.4 1
3 5 762.5 1178.9 1
6 4 563.3 629.8 1
5 9 811.1 1409.7 1
4 3 281.8 648.6 1
1 8 282.0 463.7 1
0 9 602.1 1105.1 1
9 5 73.4 325.3 1
2 9 596.9 786.3 1
6 2 775.9 967.9 1
9 1 94.0 533.7 1
9 3 185.7 706.3 1
5 2 629.8 706.2 1
8 10 441.1 693.7 1
3 7 499.8 692.1 1
7 5 28.1 319.2 1
0 5 658.5 786.8 1
6 1 3.3 414.9 1
7 1 637.6 837.1 1
3 9 507.4 754.4 1
EOF
