NUM_STATIONS: 10
NUM_REQUESTS: 160
NUM_VEHICLES: 1
VEHICLE_CAPACITY: 2
DISTANCES
0 1 3.6
1 2 7.3
2 3 7.4
3 4 1.6
4 5 9.1
5 6 1.1
6 7 5.1
7 8 5.3
8 9 9.0
9 0 2.6
REQUEST_SECTION
0 6 2735.9 4832.1 1
6 7 1940.5 3833.6 1
7 6 691.0 3151.1 1
0 1 303.2 2722.2 1
4 3 2106.9 3008.8 1
6 10 2674.2 3281.2 1
5 2 2747.6 4749.6 1
1 3 2443.7 5173.4 1
0 6 937.7 2640.2 1
6 1 2965.6 4627.7 1
4 5 1402.9 4243.3 1
6 2 2714.7 4125.7 1
3 4 1668.7 3121.1 1
3 4 2260.9 3552.9 1
7 9 2283.6 4261.6 1
9 3 2965.7 4763.6 1
9 7 2149.5 4011.0 1
4 8 245.5 1923.3 1
3 7 1407.2 1949.3 1
2 3 905.0 2125.1 1
0 7 1384.8 2950.7 1
1 5 1512.6 1592.2 1
8 2 2104.1 2176.5 1
5 3 1237.8 2740.9 1
5 9 2536.3 5342.9 1
1 6 1803.1 3689.5 1
1 6 962.5 1731.2 1
4 2 2102.0 4710.9 1
5 3 633.3 1879.5 1
4 7 2868.2 3989.9 1
6 5 2397.5 4097.3 1
3 7 717.2 2091.1 1
5 3 2042.4 4884.1 1
4 9 2630.5 3180.5 1
2 6 2244.8 5216.2 1
8 4 2561.5 4178.5 1
0 3 415.4 2315.4 1
8 9 1420.9 3797.9 1
9 5 3112.9 3558.5 1
5 7 2711.0 3826.8 1
1 5 79.5 1949.5 1
6 8 2333.2 3243.9 1
3 8 1898.1 3138.7 1
8 5 2074.3 4573.2 1
3 10 2179.7 2635.7 1
8 7 2562.4 4838.0 1
9 4 2784.2 3197.8 1
6 2 2062.7 3067.9 1
9 7 623.2 2408.2 1
0 8 816.7 2990.8 1
3 9 2404.8 2786.5 1
7 10 2789.4 5223.4 1
7 3 372.6 2675.5 1
4 1 1986.3 2098.1 1
1 3 490.8 1426.1 1
4 9 1660.0 3939.3 1
6 7 1627.2 2217.6 1
3 9 247.0 3283.5 1
1 5 1499.6 2123.2 1
9 7 1765.5 3092.5 1
4 8 81.4 2944.0 1
7 10 195.6 2903.9 1
2 9 954.1 1052.9 1
8 1 1847.7 3104.1 1
1 7 119.7 2321.8 1
8 5 737.9 2816.5 1
7 3 402.7 1550.9 1
3 5 2340.0 4541.6 1
0 5 175.7 703.1 1
9 4 1325.8 4179.4 1
5 8 815.2 2228.8 1
9 8 2389.2 4663.1 1
6 9 438.1 1594.0 1
8 1 2311.4 3604.2 1
6 7 2644.0 3125.2 1
6 1 407.5 2588.8 1
3 5 1540.6 1730.6 1
4 7 2559.3 4208.3 1
6 3 4.7 1661.5 1
4 5 1289.1 3686.8 1
0 1 505.2 2326.2 1
8 5 584.8 787.9 1
3 4 340.5 3498.7 1
2 6 2062.4 4355.2 1
9 4 2763.3 3852.2 1
6 8 2359.1 4986.5 1
6 2 567.2 1241.6 1
7 2 3027.8 4251.0 1
1 8 63.4 3170.9 1
9 5 1277.1 3806.8 1
6 2 1249.1 2546.6 1
1 5 466.9 2050.2 1
5 4 2094.9 2430.9 1
8 10 2428.7 5165.5 1
3 6 2347.6 4121.7 1
5 2 1701.6 2970.4 1
6 3 2634.9 4631.3 1
4 6 213.9 1112.0 1
5 7 2497.9 2582.0 1
2 3 2904.0 3554.1 1
4 9 2545.9 5266.0 1
4 1 262.9 2404.2 1
5 6 1815.3 4521.9 1
5 10 1803.0 3896.2 1
8 9 1799.3 2002.9 1
3 5 970.4 3294.9 1
3 8 1956.2 4435.7 1
7 8 1371.8 3404.6 1
4 8 1301.1 3579.1 1
1 6 518.0 1994.3 1
3 9 298.0 2630.1 1
0 8 1361.5 2050.0 1
0 5 1973.1 3409.5 1
1 8 1148.7 1526.7 1
3 6 194.9 398.1 1
7 1 2773.5 3968.4 1
7 1 1089.4 2596.6 1
4 1 1289.4 3531.0 1
1 2 2805.0 3816.3 1
8 5 176.8 1458.8 1
6 4 1551.2 3926.5 1
3 6 611.2 1277.1 1
2 8 2447.1 4802.5 1
6 1 2648.0 5247.6 1
6 10 2734.6 5081.9 1
0 2 2344.7 3263.9 1
0 1 1168.4 2166.0 1
3 9 1779.7 4961.3 1
2 8 1139.7 3615.6 1
4 5 305.1 2710.6 1
1 5 1748.7 3053.4 1
4 2 2814.0 4095.5 1
1 3 842.1 1141.7 1
1 3 811.3 2723.5 1
6 1 1095.9 1653.0 1
8 9 2845.5 4013.3 1
7 6 2380.0 3604.6 1
1 7 1085.4 3038.7 1
6 1 2854.5 4166.2 1
4 6 782.9 2842.2 1
3 9 1443.0 1944.8 1
2 9 2546.2 4800.6 1
6 9 2175.2 2807.5 1
2 4 1428.4 2997.3 1
9 6 499.8 2166.6 1
1 6 2539.0 5146.0 1
3 2 2243.5 2343.1 1
4 1 1130.2 2237.0 1
8 9 1997.7 4434.7 1
4 3 2140.4 3551.5 1
7 5 2971.1 5069.9 1
3 5 2057.4 2754.7 1
6 7 1955.5 3345.1 1
9 5 1808.7 4259.2 1
6 5 2624.7 4418.5 1
3 8 1771.9 3801.7 1
4 9 2766.3 3092.3 1
4 10 562.6 2234.8 1
6 8 2985.4 6005.1 1
3 1 2014.5 2938.2 1
EOF
