NUM_STATIONS: 10
NUM_REQUESTS: 40
NUM_VEHICLES: 2
VEHICLE_CAPACITY: 4
DISTANCES
0 1 3.4
1 2 6.2
2 3 7.9
3 4 7.1
4 5 5.2
5 6 1.5
6 7 5.2
7 8 1.2
8 9 5.0
9 0 2.1
REQUEST_SECTION
3 7 128.9 202.1 1
4 5 180.4 292.6 1
4 5 160.6 289.6 1
2 9 72.7 187.2 1
4 6 11.4 80.3 1
2 7 140.1 232.9 1
2 4 33.9 124.4 1
5 6 93.7 181.6 1
4 1 215.1 359.2 1
0 7 85.7 229.0 1
6 3 117.5 208.5 1
0 2 17.1 89.5 1
9 3 75.7 178.3 1
7 6 74.4 139.1 1
7 5 48.5 152.7 1
3 7 72.0 137.3 1
4 2 20.1 157.8 1
0 9 207.4 260.7 1
2 3 138.7 250.4 1
2 9 131.6 184.5 1
0 4 13.7 156.5 1
2 10 61.3 161.4 1
2 6 58.3 123.6 1
8 4 165.1 280.2 1
3 7 46.1 146.8 1
0 1 159.7 290.7 1
7 1 7.4 149.7 1
8 4 46.2 199.7 1
0 3 198.6 293.0 1
9 7 118.9 224.4 1
0 4 126.3 190.8 1
7 2 60.7 197.0 1
8 6 68.9 120.5 1
4 10 175.6 248.0 1
9 6 157.4 210.2 1
1 5 100.3 178.3 1
4 2 11.7 132.0 1
3 5 59.2 132.1 1
9 7 29.7 91.9 1
5 7 2.5 90.8 1
EOF
