NUM_STATIONS: 10
NUM_REQUESTS: 160
NUM_VEHICLES: 2
VEHICLE_CAPACITY: 2
DISTANCES
0 1 7.9
1 2 8.7
2 3 5.6
3 4 8.4
4 5 6.3
5 6 1.2
6 7 4.8
7 8 8.8
8 9 1.4
9 0 2.6
REQUEST_SECTION
0 1 546.1 1547.5 1
7 1 638.8 837.0 1
6 4 700.4 1599.8 1
1 3 367.2 1057.0 1
3 4 513.4 838.8 1
6 5 1617.2 2527.6 1
7 4 406.4 778.6 1
2 1 1626.5 2028.0 1
6 2 112.4 217.6 1
1 2 344.3 878.8 1
1 6 285.0 1012.6 1
5 4 285.1 1326.2 1
4 2 1603.2 1868.8 1
8 6 561.6 947.4 1
6 7 1633.2 2175.7 1
7 1 819.8 1670.6 1
6 5 574.1 1414.6 1
0 8 1547.2 2362.3 1
9 7 1103.7 2238.9 1
7 3 1432.4 2164.6 1
5 6 78.8 524.6 1
1 10 1649.4 2478.7 1
9 4 767.9 1695.2 1
0 1 1030.3 1345.5 1
3 5 1579.9 2599.0 1
8 7 355.9 994.9 1
3 8 1670.1 2203.3 1
0 1 1400.6 1696.8 1
7 2 1115.1 2114.1 1
4 6 573.0 1016.2 1
1 9 935.6 1679.6 1
1 7 1235.6 2249.4 1
7 10 718.7 1062.7 1
4 6 1083.6 2110.0 1
7 5 788.2 882.6 1
8 1 396.5 1004.7 1
2 8 1662.5 2338.7 1
3 10 915.8 1508.9 1
7 8 1059.9 1986.8 1
7 10 1043.3 1605.6 1
3 7 1250.2 1799.6 1
9 10 576.7 677.5 1
5 2 269.0 819.1 1
7 1 615.2 1410.8 1
1 10 1521.6 1850.4 1
9 10 152.5 526.5 1
3 4 249.8 1174.2 1
9 10 64.4 1091.6 1
5 6 1448.9 2530.3 1
1 4 960.8 1989.3 1
1 3 960.6 1060.5 1
8 2 598.2 1204.0 1
2 7 1044.9 1863.8 1
8 1 724.2 817.5 1
3 6 517.2 1583.0 1
6 7 629.4 779.8 1
4 9 663.3 1016.0 1
3 5 656.0 1670.3 1
5 6 449.1 572.5 1
9 5 1293.7 1839.5 1
4 10 509.8 1439.9 1
0 4 1052.3 1348.2 1
9 10 1134.9 1607.4 1
1 7 475.2 878.8 1
8 6 360.7 699.3 1
2 8 436.4 792.2 1
5 1 790.5 1652.7 1
9 1 413.8 1321.4 1
8 4 1163.3 2013.2 1
6 4 1599.1 2387.6 1
3 5 1352.4 1893.1 1
7 1 476.3 688.1 1
0 7 157.4 1302.7 1
5 9 1131.5 1485.7 1
1 9 1196.9 1640.9 1
4 1 166.8 959.0 1
9 3 1251.9 1332.3 1
8 5 897.4 1676.9 1
6 10 1441.4 2064.1 1
7 1 674.5 1454.4 1
3 10 534.8 1682.8 1
6 8 1327.8 1437.8 1
5 8 753.2 1348.0 1
9 8 1614.8 2092.9 1
7 4 409.9 1330.0 1
0 4 1609.8 1742.2 1
2 9 397.0 791.9 1
0 7 1323.9 1983.3 1
0 4 541.0 1015.5 1
1 6 85.3 1205.4 1
0 6 1133.4 1224.3 1
0 5 703.9 1150.4 1
7 1 703.9 1507.1 1
1 3 1544.3 2163.6 1
3 8 325.8 1437.7 1
7 2 592.3 938.0 1
6 2 507.2 1651.1 1
8 9 1325.4 2056.3 1
0 3 958.7 1429.7 1
2 7 1010.2 1416.0 1
6 1 990.9 1230.2 1
8 9 1385.2 1873.9 1
6 4 804.0 977.4 1
0 4 620.9 808.9 1
7 3 1421.0 1940.5 1
6 4 1502.8 1580.6 1
3 8 185.6 788.7 1
9 7 1411.7 1957.0 1
3 1 1306.7 2030.8 1
2 8 722.9 899.6 1
3 2 1593.8 1773.1 1
1 10 211.1 740.1 1
8 5 955.9 1319.5 1
1 8 679.5 1561.9 1
1 10 1150.9 1317.8 1
8 10 476.1 1036.5 1
6 8 567.2 987.9 1
3 6 770.5 987.5 1
8 9 345.2 498.4 1
2 7 883.6 1613.8 1
0 7 1203.0 1493.1 1
6 2 227.3 1359.9 1
3 1 1258.0 2165.8 1
5 8 849.0 1755.1 1
4 6 956.5 1942.6 1
5 3 393.9 660.1 1
6 1 327.1 466.3 1
2 9 1237.3 1661.9 1
1 10 1357.3 1490.1 1
0 5 528.2 1323.7 1
1 5 708.3 798.1 1
7 6 269.1 976.3 1
1 6 613.3 1636.3 1
5 10 499.2 857.0 1
4 10 1442.2 1669.8 1
7 8 1336.9 2108.4 1
5 7 434.2 519.0 1
5 8 348.6 1189.8 1
3 8 202.9 866.7 1
6 8 970.5 1097.6 1
7 1 1362.7 2040.2 1
9 6 63.2 1103.7 1
1 10 1271.7 1965.3 1
1 5 414.5 551.8 1
1 9 1657.8 2495.1 1
4 6 1226.3 2380.2 1
7 6 315.4 579.2 1
6 9 698.2 1204.9 1
7 2 1402.3 2066.3 1
5 7 521.1 696.6 1
7 10 1135.5 2157.4 1
3 8 1257.9 2179.7 1
1 3 132.2 508.3 1
2 8 158.0 828.9 1
4 2 865.3 1126.0 1
5 8 439.4 1599.7 1
4 2 1362.0 1537.1 1
4 2 124.6 1000.6 1
9 8 449.8 1611.1 1
0 9 1225.1 2006.9 1
EOF
