NUM_STATIONS: 10
NUM_REQUESTS: 160
NUM_VEHICLES: 1
VEHICLE_CAPACITY: 1
DISTANCES
0 1 6.3
1 2 1.5
2 3 7.8
3 4 9.8
4 5 9.9
5 6 6.9
6 7 1.6
7 8 5.2
8 9 2.2
9 0 6.8
REQUEST_SECTION
3 7 4727.0 6084.1 1
2 4 1037.1 1714.0 1
2 7 3060.8 6043.7 1
7 4 1722.1 4284.0 1
4 10 286.4 626.8 1
1 4 788.9 4843.9 1
2 1 6810.9 9897.0 1
5 9 3278.2 6152.5 1
7 3 1403.1 3897.8 1
0 7 5469.6 11357.7 1
0 3 707.5 1206.6 1
0 5 2612.5 9402.8 1
0 3 5246.7 10708.2 1
8 4 5973.1 11428.9 1
3 4 1408.2 7604.9 1
0 7 6751.6 12410.5 1
5 4 484.6 2411.3 1
9 8 1968.1 2918.7 1
8 6 1852.3 4076.7 1
9 7 5946.2 9680.3 1
9 4 598.7 5593.3 1
2 4 2360.5 4375.8 1
9 3 3271.8 9072.4 1
9 5 4158.2 7457.7 1
1 6 4966.7 9776.3 1
9 4 2259.2 3636.6 1
9 2 2816.9 4821.8 1
7 2 5163.4 9748.9 1
3 9 6070.0 8704.2 1
1 2 6063.9 9116.2 1
5 6 6418.9 9077.7 1
0 8 3006.0 9565.6 1
1 4 1051.1 5072.1 1
8 3 6171.6 8850.6 1
0 1 4233.9 5875.6 1
3 2 4652.0 6273.8 1
9 8 661.8 6557.9 1
0 9 845.0 4385.2 1
7 6 6131.2 6831.9 1
6 2 1298.2 7281.3 1
2 3 788.9 6185.8 1
2 3 2505.9 8106.8 1
2 8 4954.3 6272.3 1
7 3 6691.1 7096.7 1
5 1 103.9 2723.2 1
9 6 1646.8 4028.8 1
0 2 6787.5 11200.3 1
5 2 2327.2 6420.8 1
0 4 1178.8 5413.9 1
0 1 4715.5 11266.4 1
8 5 2918.7 6868.3 1
1 9 5360.8 8610.7 1
9 10 2027.4 2157.0 1
9 10 6727.6 13489.4 1
3 10 1847.4 4151.7 1
0 5 1621.1 7442.4 1
9 3 5923.2 9494.2 1
1 7 3043.0 4993.2 1
2 9 2988.2 8601.2 1
2 9 1336.2 7942.5 1
2 7 758.1 2498.6 1
5 1 5492.7 7178.5 1
6 4 2570.2 8638.8 1
1 4 1738.8 3707.0 1
5 3 5411.6 10015.4 1
2 5 198.9 6708.5 1
4 10 3891.6 10749.9 1
0 6 2757.8 8175.6 1
3 2 2113.4 6257.2 1
6 1 252.4 3319.8 1
6 1 4074.3 10274.6 1
7 1 6176.3 7584.3 1
9 10 5440.7 9526.9 1
3 4 5272.6 7156.0 1
3 6 6057.7 9194.0 1
1 4 5214.6 9645.5 1
2 4 3383.8 5143.9 1
6 9 129.4 6513.2 1
3 7 132.4 4326.9 1
9 4 6314.6 6941.4 1
5 4 234.6 5873.1 1
0 3 6751.6 10430.7 1
1 3 5522.7 8596.9 1
9 1 6539.8 8201.1 1
4 3 1166.5 6181.8 1
9 10 1043.0 5991.6 1
8 7 4926.9 7901.1 1
1 7 3175.6 5174.1 1
7 6 1165.2 4377.1 1
2 5 1241.9 4393.2 1
0 2 1763.5 6742.1 1
5 7 718.1 7387.8 1
3 7 6160.3 9078.2 1
4 10 503.1 1731.2 1
5 10 5186.8 9465.7 1
7 5 1329.8 5541.6 1
1 6 2810.3 9138.1 1
7 1 1299.7 7662.3 1
1 5 5529.1 6715.3 1
6 8 6605.2 9744.5 1
3 5 2261.5 4483.7 1
9 7 5443.0 9671.0 1
4 9 2829.2 8884.4 1
7 4 2805.4 9427.5 1
4 9 4711.3 7367.2 1
8 2 1490.9 5214.4 1
4 9 4901.4 8203.9 1
2 1 6138.0 8101.2 1
8 10 3133.5 7064.2 1
5 1 5241.8 11240.0 1
9 1 1907.1 8713.4 1
0 4 995.8 7635.7 1
0 2 5280.7 9418.3 1
6 1 148.5 2342.7 1
5 4 975.4 5754.7 1
5 1 902.6 4725.3 1
0 9 4339.5 5021.7 1
6 9 441.3 7310.9 1
6 5 2515.4 5498.1 1
7 9 2416.2 6499.0 1
8 6 2672.9 5276.7 1
1 6 242.2 2027.8 1
2 8 1766.9 7919.8 1
1 9 6042.2 9579.8 1
0 8 5101.8 7093.7 1
7 1 3618.3 9499.5 1
3 9 1663.2 1958.1 1
7 10 6687.9 12214.2 1
2 4 2616.1 4589.1 1
8 7 3286.7 10161.1 1
7 1 2197.6 7669.1 1
3 7 2392.4 3773.7 1
9 5 2207.8 5997.6 1
0 8 5443.5 10574.8 1
9 3 1104.4 5245.0 1
5 8 445.8 1252.7 1
1 3 5358.9 7076.5 1
1 9 3249.5 5953.8 1
5 9 5850.8 8496.9 1
2 5 10.6 479.1 1
8 3 4805.6 11502.7 1
1 8 3399.3 3604.5 1
6 9 1247.4 4317.0 1
0 9 6944.5 9129.4 1
4 7 6539.8 7755.1 1
2 8 1346.4 2857.3 1
1 6 4955.0 8756.9 1
1 10 4236.4 8381.9 1
0 5 464.0 6917.8 1
3 9 2651.6 8064.3 1
5 9 2024.2 3008.4 1
4 5 3382.1 10302.6 1
7 1 5020.4 9119.6 1
9 1 6910.8 12011.5 1
4 10 2142.3 6885.7 1
6 1 2636.1 9052.7 1
7 3 4776.1 10007.5 1
3 8 2995.2 5436.7 1
0 9 3761.8 4364.5 1
5 3 5316.4 6944.3 1
EOF
