NUM_STATIONS: 10
NUM_REQUESTS: 160
NUM_VEHICLES: 2
VEHICLE_CAPACITY: 8
DISTANCES
0 1 6.3
1 2 7.7
2 3 3.8
3 4 4.5
4 5 9.5
5 6 2.1
6 7 8.1
7 8 3.8
8 9 3.5
9 0 1.8
REQUEST_SECTION
8 5 254.1 414.0 1
2 7 397.1 516.5 1
0 6 260.1 650.6 1
4 2 122.5 342.4 1
6 1 209.7 341.6 1
6 5 456.6 681.5 1
4 5 437.4 553.3 1
1 7 446.4 771.7 1
9 1 82.0 475.8 1
8 4 31.2 173.9 1
6 8 419.6 770.1 1
3 10 47.6 153.4 1
9 6 444.5 525.9 1
1 3 362.4 511.6 1
9 1 92.4 362.8 1
6 5 421.2 669.6 1
1 10 210.4 410.4 1
0 8 126.9 341.6 1
7 10 374.0 595.9 1
2 5 231.1 432.8 1
3 9 502.6 778.7 1
9 5 151.7 264.6 1
2 4 225.8 633.3 1
0 5 57.4 184.8 1
6 5 420.8 646.3 1
1 3 26.9 178.5 1
7 5 363.8 557.0 1
0 4 61.7 473.1 1
2 10 18.5 181.1 1
1 10 396.0 625.9 1
4 1 396.6 731.8 1
5 8 267.7 533.5 1
8 5 280.7 348.7 1
4 10 207.2 489.0 1
6 3 112.0 198.2 1
6 5 396.4 794.0 1
1 7 103.4 179.6 1
3 1 152.2 345.9 1
0 3 316.2 599.9 1
3 2 274.6 450.0 1
7 4 482.7 721.1 1
6 4 44.5 389.6 1
3 8 164.2 332.9 1
7 2 307.1 701.6 1
8 3 90.7 231.4 1
8 2 344.5 434.6 1
2 3 168.0 355.7 1
0 1 482.3 637.7 1
5 8 101.8 395.9 1
2 7 176.2 483.1 1
8 4 165.6 220.2 1
3 8 461.5 569.4 1
2 5 407.5 723.8 1
4 1 0.1 62.5 1
6 4 415.2 532.6 1
4 5 243.2 434.5 1
6 7 486.7 905.0 1
2 8 268.0 673.1 1
8 10 201.3 483.7 1
9 8 380.0 674.1 1
9 3 341.5 406.0 1
8 9 140.8 500.2 1
8 9 78.4 404.8 1
8 10 218.4 605.1 1
3 9 474.9 794.6 1
2 8 353.4 786.0 1
7 3 93.9 160.5 1
1 8 285.5 413.7 1
9 1 401.6 711.3 1
4 6 19.0 253.9 1
2 10 117.4 268.0 1
0 3 145.2 389.3 1
0 5 284.7 713.0 1
5 3 131.9 300.3 1
9 3 233.5 641.3 1
9 4 402.4 716.3 1
3 2 84.7 509.9 1
5 4 499.2 791.0 1
7 1 177.1 530.3 1
0 7 176.4 421.5 1
5 8 302.9 715.0 1
9 1 308.9 499.5 1
3 4 365.0 677.9 1
4 9 253.8 323.6 1
5 1 236.8 431.4 1
5 2 293.4 527.5 1
2 1 437.6 547.8 1
8 2 178.8 545.3 1
0 8 382.9 756.6 1
3 1 362.6 755.8 1
2 10 417.9 705.2 1
0 8 2.1 240.9 1
6 9 309.0 551.6 1
3 8 363.6 425.9 1
4 2 402.0 522.8 1
7 4 51.9 180.3 1
9 1 163.8 296.1 1
7 8 394.1 811.1 1
4 7 314.5 401.6 1
8 5 257.3 531.1 1
8 7 208.0 377.1 1
3 1 157.8 279.4 1
6 3 236.7 594.4 1
5 9 47.4 220.3 1
3 7 410.1 830.0 1
2 7 426.2 505.7 1
2 7 289.5 586.5 1
9 10 354.3 554.4 1
0 8 104.8 232.6 1
7 8 480.5 864.7 1
4 3 68.9 184.7 1
6 7 66.8 465.4 1
1 6 268.4 518.2 1
5 1 211.0 400.3 1
4 9 187.4 269.8 1
3 8 203.0 482.7 1
5 7 242.9 351.7 1
6 9 239.0 353.3 1
1 5 306.0 662.8 1
8 2 491.3 881.7 1
9 10 138.5 547.8 1
5 7 60.2 356.6 1
5 4 292.6 591.3 1
7 6 97.6 391.4 1
5 9 237.2 606.0 1
9 7 335.8 548.4 1
3 5 423.5 734.4 1
5 9 459.0 692.4 1
7 8 460.9 523.6 1
0 5 142.9 414.6 1
6 3 116.9 211.5 1
2 5 13.8 370.5 1
9 8 413.0 744.2 1
1 10 414.0 615.8 1
4 6 304.2 509.8 1
4 9 225.2 403.6 1
6 7 504.9 748.9 1
8 1 294.2 648.8 1
7 2 249.5 654.7 1
8 7 439.0 636.1 1
6 8 83.9 248.6 1
1 6 197.5 386.3 1
0 3 47.7 211.8 1
5 1 461.4 767.2 1
0 4 218.5 295.7 1
9 4 334.1 386.8 1
1 10 124.5 295.6 1
8 5 138.8 494.2 1
7 6 422.7 488.5 1
3 9 320.5 466.9 1
0 8 288.7 542.3 1
2 9 21.4 213.3 1
9 8 37.5 306.3 1
1 9 386.9 490.2 1
1 8 381.0 596.3 1
0 5 49.2 365.9 1
4 6 186.8 492.9 1
7 5 94.2 438.6 1
9 6 474.6 624.7 1
8 5 344.0 448.4 1
EOF
