NUM_STATIONS: 10
NUM_REQUESTS: 20
NUM_VEHICLES: 3
VEHICLE_CAPACITY: 2
DISTANCES
0 1 6.6
1 2 8.7
2 3 5.9
3 4 9.0
4 5 3.2
5 6 7.2
6 7 4.7
7 8 8.2
8 9 3.5
9 0 6.8
REQUEST_SECTION
3 5 88.4 205.0 1
1 7 191.5 266.3 1
4 5 146.4 266.5 1
0 6 40.8 130.9 1
1 7 139.1 210.4 1
6 7 72.8 155.1 1
0 8 127.7 241.2 1
1 4 42.7 128.2 1
0 5 98.6 238.7 1
6 1 178.4 285.3 1
0 8 147.6 212.2 1
8 2 124.8 252.8 1
8 2 180.2 250.1 1
4 1 134.3 275.5 1
4 7 40.5 149.8 1
5 10 148.2 305.3 1
7 3 20.8 133.9 1
6 2 180.2 249.1 1
0 8 109.3 175.5 1
5 8 199.3 359.3 1
EOF
