NUM_STATIONS: 10
NUM_REQUESTS: 40
NUM_VEHICLES: 3
VEHICLE_CAPACITY: 4
DISTANCES
0 1 4.3
1 2 4.7
2 3 7.7
3 4 5.3
4 5 3.2
5 6 1.5
6 7 9.1
7 8 3.7
8 9 3.4
9 0 3.5
REQUEST_SECTION
2 7 73.9 139.6 1
8 10 126.4 199.5 1
4 9 144.7 233.4 1
1 7 54.6 113.3 1
9 5 17.0 103.7 1
8 6 138.2 205.1 1
2 6 44.2 130.5 1
6 5 52.3 150.0 1
4 9 129.0 237.5 1
6 9 33.5 98.5 1
1 5 30.1 96.7 1
3 8 119.0 175.0 1
9 10 143.5 257.2 1
4 5 95.1 165.7 1
5 6 150.8 237.4 1
3 9 63.8 135.2 1
5 7 124.9 187.8 1
0 5 62.2 122.7 1
5 10 93.1 151.8 1
0 2 39.5 125.1 1
0 4 16.8 124.3 1
1 7 19.1 141.4 1
0 3 55.9 122.0 1
9 3 47.0 169.9 1
3 6 138.6 215.7 1
9 7 64.4 164.7 1
4 7 95.3 201.2 1
2 5 78.9 153.9 1
2 5 153.0 252.4 1
0 4 154.2 215.8 1
0 9 107.9 222.4 1
7 1 127.0 203.7 1
7 2 66.0 172.5 1
1 9 119.8 235.4 1
2 7 144.2 261.1 1
9 8 55.1 132.4 1
7 6 6.9 94.2 1
4 2 14.2 63.2 1
1 6 120.6 237.2 1
4 1 109.8 190.9 1
EOF
