NUM_STATIONS: 10
NUM_REQUESTS: 80
NUM_VEHICLES: 2
VEHICLE_CAPACITY: 2
DISTANCES
0 1 5.3
1 2 5.1
2 3 4.1
3 4 5.8
4 5 8.8
5 6 4.0
6 7 7.4
7 8 2.6
8 9 6.4
9 0 5.7
REQUEST_SECTION
7 4 407.9 1007.0 1
7 1 761.0 1091.6 1
9 2 203.3 367.9 1
2 9 293.7 670.3 1
6 10 60.3 543.2 1
0 9 472.3 914.5 1
6 8 458.7 724.5 1
2 3 726.8 1086.3 1
4 7 191.6 262.4 1
1 4 705.4 802.5 1
5 9 644.0 1065.5 1
7 1 164.8 762.4 1
5 3 64.3 181.3 1
4 10 483.5 753.8 1
0 1 775.5 1376.8 1
8 9 386.9 692.0 1
8 2 649.3 1155.4 1
8 4 367.6 674.2 1
1 5 49.7 605.4 1
5 3 130.2 298.9 1
8 2 524.6 719.6 1
3 6 240.0 390.9 1
5 4 21.3 90.0 1
7 9 565.1 772.5 1
3 5 550.7 1078.8 1
7 8 82.2 527.1 1
0 8 37.7 416.2 1
9 2 549.1 1003.0 1
1 6 802.0 1162.5 1
4 7 442.0 932.7 1
0 7 623.9 786.1 1
5 7 656.7 1261.4 1
4 7 493.0 554.0 1
1 6 114.4 250.9 1
0 9 775.0 1174.0 1
8 9 291.7 580.2 1
2 5 71.7 149.4 1
1 10 119.5 199.8 1
3 2 721.8 1213.9 1
9 6 271.6 776.6 1
7 8 526.6 648.9 1
6 8 763.3 1353.3 1
6 3 255.6 772.2 1
0 6 146.3 324.1 1
1 6 730.7 807.1 1
0 7 40.4 332.6 1
6 3 48.7 280.2 1
3 2 163.2 646.5 1
8 10 258.5 672.8 1
6 3 813.2 1350.3 1
9 8 185.5 550.5 1
1 6 444.6 884.0 1
3 2 240.9 734.9 1
2 5 335.2 805.0 1
6 1 37.3 148.9 1
9 4 680.5 952.7 1
7 9 606.9 825.7 1
1 2 114.6 546.2 1
8 4 304.2 511.3 1
3 7 339.0 784.3 1
1 8 318.5 436.5 1
3 5 600.3 1073.8 1
6 4 618.2 1181.8 1
5 9 218.2 426.3 1
4 3 601.0 994.3 1
1 8 513.8 1104.4 1
0 9 139.8 317.7 1
9 5 384.0 451.5 1
2 9 429.0 1014.3 1
6 2 1.6 476.3 1
9 1 323.3 734.3 1
9 3 277.1 750.4 1
5 2 788.3 1199.1 1
8 10 173.9 611.3 1
3 7 764.3 842.2 1
7 5 161.2 734.3 1
0 5 368.9 486.3 1
6 1 681.2 879.8 1
7 1 519.2 1036.4 1
3 9 610.5 949.7 1
EOF
