NUM_STATIONS: 10
NUM_REQUESTS: 80
NUM_VEHICLES: 3
VEHICLE_CAPACITY: 1
DISTANCES
0 1 2.4
1 2 8.8
2 3 9.2
3 4 4.4
4 5 2.3
5 6 10.0
6 7 6.1
7 8 3.9
8 9 6.9
9 0 4.1
REQUEST_SECTION
4 2 193.3 1273.3 1
1 6 952.5 1856.0 1
9 8 506.1 1328.9 1
7 1 600.5 844.3 1
1 5 790.7 1937.3 1
5 9 833.7 1165.0 1
1 5 86.7 1236.7 1
5 6 1162.6 2327.7 1
2 8 1060.2 1608.9 1
6 1 818.4 2009.8 1
5 3 757.5 980.6 1
2 7 745.9 942.7 1
5 9 681.8 1314.6 1
0 2 362.0 813.1 1
1 8 23.6 774.6 1
7 10 898.4 1796.0 1
1 3 435.0 1189.7 1
5 3 965.6 1683.8 1
2 5 136.6 791.4 1
4 8 808.4 898.6 1
2 4 1095.5 1523.8 1
4 2 891.9 1394.0 1
7 10 83.3 899.1 1
5 6 817.6 1407.0 1
5 9 148.5 1188.6 1
7 6 495.2 821.2 1
1 5 515.8 1269.8 1
1 2 262.5 490.5 1
9 1 283.1 427.8 1
3 7 717.0 976.7 1
7 2 685.0 1534.9 1
1 7 114.2 337.2 1
3 8 579.8 1029.6 1
1 5 564.6 1069.6 1
1 8 170.9 811.6 1
3 9 1111.4 1419.5 1
1 10 642.3 1555.8 1
7 2 550.6 933.8 1
3 6 760.1 929.9 1
8 7 874.3 1285.0 1
1 2 219.8 422.4 1
0 7 461.7 836.5 1
0 3 324.3 1224.8 1
0 4 471.2 1201.0 1
6 5 138.3 1016.6 1
5 8 763.0 997.4 1
1 10 805.1 1180.9 1
5 6 660.4 873.1 1
4 7 1051.6 1399.3 1
8 9 657.6 815.1 1
5 8 56.2 459.7 1
6 7 604.2 1018.0 1
0 8 9.9 1167.0 1
1 9 945.0 1294.8 1
0 5 119.2 962.8 1
0 4 218.3 991.0 1
4 9 1134.5 2206.7 1
3 1 44.7 203.5 1
7 2 520.7 1624.1 1
5 8 339.7 776.4 1
2 10 844.2 1015.1 1
7 9 635.4 894.9 1
8 5 1021.3 2218.0 1
5 6 714.0 1524.1 1
8 2 1147.4 1668.7 1
5 2 153.0 1067.2 1
5 1 1020.7 2223.1 1
8 7 454.0 1141.1 1
3 7 976.4 1745.3 1
4 7 47.5 1006.4 1
6 4 270.5 558.7 1
9 7 971.0 1226.4 1
9 3 463.0 1221.9 1
9 5 61.2 1068.5 1
9 10 897.3 2010.7 1
8 10 907.8 2081.5 1
9 6 707.2 1774.7 1
3 9 796.8 1198.0 1
2 9 262.8 1262.6 1
2 4 523.9 919.5 1
EOF
