NUM_STATIONS: 10
NUM_REQUESTS: 160
NUM_VEHICLES: 2
VEHICLE_CAPACITY: 1
DISTANCES
0 1 3.6
1 2 7.3
2 3 7.4
3 4 1.6
4 5 9.1
5 6 1.1
6 7 5.1
7 8 5.3
8 9 9.0
9 0 2.6
REQUEST_SECTION
0 6 304.1 2069.2 1
6 7 1904.1 2169.7 1
7 6 1174.5 2867.7 1
0 1 2736.8 3100.3 1
4 3 2239.7 2912.0 1
6 10 2613.8 3741.4 1
5 2 2087.0 4077.2 1
1 3 1910.6 3698.4 1
0 6 2701.1 4204.1 1
6 1 2808.5 3400.4 1
4 5 1786.6 1901.2 1
6 2 579.6 1577.1 1
3 4 2936.0 4412.0 1
3 4 606.6 2546.4 1
7 9 222.1 417.7 1
9 3 2818.5 3811.5 1
9 7 2002.2 2362.3 1
4 8 295.8 853.2 1
3 7 329.6 979.0 1
2 3 2729.0 4708.8 1
0 7 945.9 1427.7 1
1 5 2886.8 3624.1 1
8 2 1427.9 2542.8 1
5 3 282.2 1333.4 1
5 9 1098.5 2866.2 1
1 6 195.4 526.0 1
1 6 2416.5 2656.3 1
4 2 1869.6 3409.4 1
5 3 2765.9 2949.6 1
4 7 682.3 2481.4 1
6 5 2229.1 3276.4 1
3 7 2427.0 3103.1 1
5 3 1172.3 3292.4 1
4 9 2363.8 3934.6 1
2 6 678.8 1559.6 1
8 4 2453.7 4008.0 1
0 3 1617.0 1968.6 1
8 9 615.9 2231.9 1
9 5 2832.2 4307.3 1
5 7 329.1 1642.7 1
1 5 520.1 2011.4 1
6 8 2644.9 4061.1 1
3 8 1819.7 3335.6 1
8 5 706.7 2242.2 1
3 10 1361.7 1745.2 1
8 7 1573.2 3271.4 1
9 4 2812.7 3772.8 1
6 2 1341.9 2471.8 1
9 7 2786.6 4592.3 1
0 8 1103.6 2212.8 1
3 9 345.3 736.0 1
7 10 2269.8 3252.5 1
7 3 2780.6 4439.1 1
4 1 2935.9 3408.3 1
1 3 3075.5 4754.1 1
4 9 2827.1 4373.4 1
6 7 105.6 931.2 1
3 9 849.2 2925.7 1
1 5 2480.9 4067.8 1
9 7 2204.1 3940.5 1
4 8 2397.0 3921.3 1
7 10 269.1 2176.5 1
2 9 1541.7 2860.5 1
8 1 387.9 1615.4 1
1 7 152.9 930.4 1
8 5 586.8 2594.2 1
7 3 3039.1 3685.0 1
3 5 2634.5 4599.0 1
0 5 709.6 2633.4 1
9 4 2964.7 4102.7 1
5 8 1383.2 3088.8 1
9 8 2376.5 2901.2 1
6 9 3014.0 3262.8 1
8 1 2849.8 4238.9 1
6 7 3062.4 4622.3 1
6 1 2163.0 2770.5 1
3 5 1017.3 2308.5 1
4 7 1699.3 3154.4 1
6 3 435.4 1134.1 1
4 5 487.8 2225.2 1
0 1 7.8 730.6 1
8 5 278.2 1954.6 1
3 4 2374.5 2677.7 1
2 6 966.4 2787.3 1
9 4 1969.0 3055.9 1
6 8 1760.0 3780.5 1
6 2 2568.4 3385.7 1
7 2 3085.9 4096.0 1
1 8 739.9 1306.0 1
9 5 2671.2 4043.1 1
6 2 1540.3 3363.9 1
1 5 2755.9 3355.7 1
5 4 2660.6 4538.1 1
8 10 3049.4 3268.8 1
3 6 827.1 1965.2 1
5 2 2662.2 3802.8 1
6 3 560.2 2124.5 1
4 6 1308.8 1777.0 1
5 7 689.5 2172.4 1
2 3 1055.3 2914.7 1
4 9 1459.4 2964.3 1
4 1 2045.5 2331.5 1
5 6 1348.2 3086.4 1
5 10 2888.3 4274.0 1
8 9 1343.0 2161.1 1
3 5 2277.7 2988.2 1
3 8 1477.6 3525.3 1
7 8 3116.8 4993.9 1
4 8 1100.2 2722.0 1
1 6 35.1 1053.8 1
3 9 227.2 2093.1 1
0 8 1756.9 3661.5 1
0 5 900.9 2361.7 1
1 8 202.7 1877.8 1
3 6 2772.3 4176.3 1
7 1 515.9 1616.2 1
7 1 1236.9 2916.3 1
4 1 1938.2 2161.4 1
1 2 1162.8 1364.0 1
8 5 2951.7 4881.3 1
6 4 1218.7 1591.1 1
3 6 2163.2 3194.0 1
2 8 2614.8 3797.8 1
6 1 2477.6 2702.7 1
6 10 401.8 1681.9 1
0 2 2584.6 3832.4 1
0 1 1733.3 3124.9 1
3 9 2125.2 4243.7 1
2 8 1003.5 1991.9 1
4 5 1423.8 2498.1 1
1 5 178.9 928.1 1
4 2 197.4 656.2 1
1 3 1103.3 1542.0 1
1 3 1221.4 1918.9 1
6 1 1630.5 3305.6 1
8 9 1405.2 2038.4 1
7 6 781.6 1795.7 1
1 7 1351.3 1977.6 1
6 1 869.4 2513.3 1
4 6 168.1 1857.1 1
3 9 2376.3 4311.4 1
2 9 336.2 1578.5 1
6 9 1483.6 3172.1 1
2 4 1945.4 3711.7 1
9 6 1723.0 2773.5 1
1 6 1692.0 3258.5 1
3 2 2598.6 4171.8 1
4 1 1047.0 1701.6 1
8 9 1742.4 2862.5 1
4 3 1344.7 2768.0 1
7 5 1682.9 2138.0 1
3 5 2749.2 4313.8 1
6 7 1327.9 2001.1 1
9 5 531.9 1262.7 1
6 5 883.0 1826.4 1
3 8 1889.7 3551.9 1
4 9 307.1 1121.3 1
4 10 277.6 373.6 1
6 8 1203.3 3123.2 1
3 1 2630.3 3266.7 1
EOF
