NUM_STATIONS: 10
NUM_REQUESTS: 80
NUM_VEHICLES: 1
VEHICLE_CAPACITY: 4
DISTANCES
0 1 5.3
1 2 5.1
2 3 4.1
3 4 5.8
4 5 8.8
5 6 4.0
6 7 7.4
7 8 2.6
8 9 6.4
9 0 5.7
REQUEST_SECTION
7 4 684.7 804.4 1
7 1 947.8 1056.9 1
9 2 12.6 515.8 1
2 9 21.9 262.5 1
6 10 832.7 1087.6 1
0 9 579.7 1103.4 1
6 8 694.1 1265.1 1
2 3 961.6 1363.8 1
4 7 833.7 1103.5 1
1 4 361.3 900.7 1
5 9 1099.5 1270.7 1
7 1 771.9 1290.5 1
5 3 116.4 279.8 1
4 10 1043.1 1159.8 1
0 1 453.3 785.1 1
8 9 707.4 948.9 1
8 2 378.2 557.5 1
8 4 943.0 1398.6 1
1 5 595.3 748.9 1
5 3 504.8 696.6 1
8 2 943.5 1003.3 1
3 6 425.8 1006.9 1
5 4 30.6 259.7 1
7 9 1002.7 1235.1 1
3 5 316.8 887.1 1
7 8 461.0 517.4 1
0 8 783.3 854.6 1
9 2 841.9 1404.6 1
1 6 626.7 764.3 1
4 7 769.1 880.7 1
0 7 518.8 1087.2 1
5 7 462.4 591.6 1
4 7 643.6 1011.0 1
1 6 858.5 1295.1 1
0 9 774.1 1223.7 1
8 9 179.8 240.8 1
2 5 499.1 565.3 1
1 10 648.8 1097.4 1
3 2 457.3 986.2 1
9 6 52.6 617.8 1
7 8 485.9 832.1 1
6 8 682.2 758.6 1
6 3 1048.6 1357.6 1
0 6 436.5 531.3 1
1 6 545.3 982.1 1
0 7 819.6 883.8 1
6 3 375.4 535.4 1
3 2 1025.6 1117.6 1
8 10 444.3 617.9 1
6 3 726.7 867.9 1
9 8 291.3 554.7 1
1 6 581.0 1019.2 1
3 2 639.9 993.1 1
2 5 1048.8 1612.3 1
6 1 726.8 901.8 1
9 4 652.0 1132.6 1
7 9 528.2 931.8 1
1 2 868.1 1289.4 1
8 4 1035.2 1145.0 1
3 7 74.5 201.1 1
1 8 685.7 1214.9 1
3 5 254.5 675.1 1
6 4 926.7 1018.4 1
5 9 67.9 525.1 1
4 3 292.7 361.4 1
1 8 201.6 427.6 1
0 9 988.4 1263.0 1
9 5 110.2 664.2 1
2 9 751.0 1079.8 1
6 2 1047.6 1326.6 1
9 1 589.9 819.5 1
9 3 7.0 459.6 1
5 2 78.3 405.5 1
8 10 483.4 863.3 1
3 7 881.2 1386.7 1
7 5 446.4 756.8 1
0 5 106.0 419.2 1
6 1 1059.7 1602.1 1
7 1 770.5 1172.1 1
3 9 938.6 1131.8 1
EOF
