NUM_STATIONS: 10
NUM_REQUESTS: 80
NUM_VEHICLES: 2
VEHICLE_CAPACITY: 2
DISTANCES
0 1 2.4
1 2 8.8
2 3 9.2
3 4 4.4
4 5 2.3
5 6 10.0
6 7 6.1
7 8 3.9
8 9 6.9
9 0 4.1
REQUEST_SECTION
4 2 484.0 711.6 1
1 6 3.7 754.7 1
9 8 376.4 1185.2 1
7 1 1023.1 1445.4 1
1 5 77.6 732.9 1
5 9 662.3 1501.9 1
1 5 1033.7 1744.7 1
5 6 1038.8 1156.4 1
2 8 1015.5 1504.8 1
6 1 1096.9 1941.4 1
5 3 1031.9 1545.8 1
2 7 945.7 1814.4 1
5 9 447.0 1209.2 1
0 2 90.5 530.3 1
1 8 1134.9 1723.0 1
7 10 211.2 1076.3 1
1 3 202.3 1010.9 1
5 3 453.9 1270.3 1
2 5 254.9 599.4 1
4 8 541.5 888.4 1
2 4 452.8 767.0 1
4 2 831.9 1264.4 1
7 10 819.1 938.3 1
5 6 670.4 914.9 1
5 9 497.8 661.7 1
7 6 452.5 1358.6 1
1 5 322.2 435.1 1
1 2 598.3 1090.7 1
9 1 859.0 1204.9 1
3 7 530.4 896.5 1
7 2 473.7 1223.5 1
1 7 160.9 792.6 1
3 8 867.8 1013.9 1
1 5 0.7 435.8 1
1 8 204.7 294.3 1
3 9 70.2 156.9 1
1 10 1050.8 1683.1 1
7 2 703.4 1374.0 1
3 6 452.4 964.4 1
8 7 773.3 1504.1 1
1 2 1007.6 1712.3 1
0 7 1080.8 1613.1 1
0 3 947.7 1187.8 1
0 4 294.7 695.6 1
6 5 924.3 1595.0 1
5 8 489.9 638.0 1
1 10 638.1 879.7 1
5 6 365.5 1282.7 1
4 7 905.3 1163.0 1
8 9 170.0 924.1 1
5 8 581.7 915.6 1
6 7 1066.7 1136.6 1
0 8 450.8 1112.9 1
1 9 866.6 1311.5 1
0 5 7.6 203.7 1
0 4 269.5 999.2 1
4 9 406.1 568.4 1
3 1 600.0 665.7 1
7 2 665.2 1591.4 1
5 8 202.1 638.2 1
2 10 403.4 1151.6 1
7 9 722.5 1648.2 1
8 5 847.9 1012.6 1
5 6 201.6 926.4 1
8 2 1102.2 1564.3 1
5 2 488.4 927.9 1
5 1 33.1 882.4 1
8 7 81.3 505.6 1
3 7 758.1 1005.2 1
4 7 1075.3 1602.8 1
6 4 177.0 626.5 1
9 7 153.3 993.1 1
9 3 80.6 948.8 1
9 5 445.1 1302.8 1
9 10 175.8 987.5 1
8 10 233.4 373.2 1
9 6 256.6 637.6 1
3 9 1145.7 1631.4 1
2 9 940.9 1170.4 1
2 4 1117.9 1620.9 1
EOF
