NUM_STATIONS: 10
NUM_REQUESTS: 20
NUM_VEHICLES: 1
VEHICLE_CAPACITY: 4
DISTANCES
0 1 8.3
1 2 2.5
2 3 8.9
3 4 6.4
4 5 8.5
5 6 5.9
6 7 7.6
7 8 9.1
8 9 7.1
9 0 6.5
REQUEST_SECTION
4 1 65.5 227.1 1
9 3 303.2 595.2 1
9 10 139.7 363.5 1
7 2 326.5 462.0 1
9 1 209.6 530.3 1
4 2 78.2 246.7 1
1 10 203.4 460.8 1
1 5 171.1 485.4 1
5 7 345.2 457.5 1
6 7 260.7 485.0 1
2 1 337.2 590.1 1
0 3 264.2 544.8 1
8 5 165.3 252.7 1
0 6 268.1 514.5 1
3 2 61.7 365.3 1
1 2 284.0 397.1 1
0 9 167.8 380.2 1
2 5 130.6 265.2 1
2 1 261.1 513.8 1
9 8 246.1 338.8 1
EOF
