NUM_STATIONS: 10
NUM_REQUESTS: 20
NUM_VEHICLES: 1
VEHICLE_CAPACITY: 8
DISTANCES
0 1 8.3
1 2 2.5
2 3 8.9
3 4 6.4
4 5 8.5
5 6 5.9
6 7 7.6
7 8 9.1
8 9 7.1
9 0 6.5
REQUEST_SECTION
4 1 42.5 121.6 1
9 3 66.1 146.6 1
9 10 40.9 163.6 1
7 2 92.1 192.6 1
9 1 82.4 183.8 1
4 2 37.2 119.5 1
1 10 24.0 100.2 1
1 5 41.9 147.6 1
5 7 70.0 216.1 1
6 7 95.3 171.6 1
2 1 40.6 194.7 1
0 3 112.0 224.6 1
8 5 102.2 196.4 1
0 6 40.5 116.2 1
3 2 46.1 196.5 1
1 2 38.3 152.1 1
0 9 104.8 240.9 1
2 5 22.7 179.8 1
2 1 125.5 222.7 1
9 8 93.4 238.1 1
EOF
