NUM_STATIONS: 10
NUM_REQUESTS: 80
NUM_VEHICLES: 1
VEHICLE_CAPACITY: 8
DISTANCES
0 1 9.9
1 2 5.8
2 3 2.8
3 4 4.2
4 5 8.2
5 6 9.6
6 7 7.3
7 8 4.0
8 9 8.9
9 0 4.1
REQUEST_SECTION
8 2 238.1 437.5 1
3 8 28.8 363.9 1
0 4 615.1 722.7 1
4 8 393.0 700.7 1
7 10 128.7 196.3 1
4 1 131.0 494.3 1
1 9 566.4 698.4 1
3 6 388.4 714.5 1
5 9 550.2 883.6 1
9 5 509.1 595.0 1
1 7 485.3 771.0 1
7 3 505.2 824.7 1
9 7 261.3 497.5 1
1 6 25.3 368.2 1
5 3 529.3 857.7 1
0 4 258.7 589.7 1
7 1 507.1 705.7 1
0 4 592.0 955.2 1
2 9 537.2 751.4 1
0 6 353.0 638.2 1
0 9 402.9 708.2 1
4 10 58.7 372.0 1
2 5 325.2 621.1 1
1 10 156.3 358.7 1
7 10 195.3 479.5 1
2 10 122.3 273.5 1
3 8 65.9 173.8 1
5 8 454.2 745.2 1
6 8 56.8 396.4 1
6 5 25.9 334.1 1
5 10 97.4 373.6 1
2 8 437.3 706.4 1
8 9 260.8 501.2 1
2 7 83.3 382.9 1
4 6 164.6 247.9 1
5 8 617.3 805.0 1
9 8 138.8 373.2 1
3 1 88.5 224.6 1
3 4 41.1 149.7 1
2 6 626.5 784.3 1
4 9 366.5 584.3 1
7 5 403.7 720.0 1
6 4 232.2 431.6 1
7 3 347.5 628.3 1
5 10 134.7 215.6 1
3 8 531.2 601.6 1
9 6 160.2 404.1 1
5 1 473.5 605.8 1
8 4 247.4 505.8 1
0 5 363.8 721.0 1
5 10 329.1 501.8 1
7 5 552.1 624.4 1
6 10 455.2 662.3 1
6 1 218.7 459.2 1
2 6 23.2 185.3 1
4 5 358.3 518.9 1
7 3 117.0 453.5 1
0 4 301.0 592.8 1
0 9 283.3 351.6 1
4 10 48.8 298.4 1
2 1 243.4 487.0 1
1 10 250.2 597.8 1
0 7 468.7 830.1 1
0 4 398.5 678.1 1
2 6 423.3 497.6 1
6 8 66.4 135.6 1
7 9 96.6 437.1 1
0 1 518.7 646.9 1
3 6 379.6 518.5 1
5 1 467.7 822.6 1
1 8 113.6 238.5 1
7 5 205.1 516.4 1
3 2 306.4 388.0 1
2 5 81.3 164.3 1
4 2 350.7 599.2 1
7 10 416.6 706.8 1
3 7 638.7 839.0 1
4 6 511.1 714.6 1
1 2 306.7 466.7 1
1 8 588.6 816.4 1
EOF
