NUM_STATIONS: 10
NUM_REQUESTS: 160
NUM_VEHICLES: 3
VEHICLE_CAPACITY: 8
DISTANCES
0 1 3.3
1 2 8.6
2 3 9.8
3 4 4.8
4 5 3.7
5 6 5.0
6 7 1.8
7 8 2.0
8 9 1.3
9 0 2.7
REQUEST_SECTION
9 3 42.7 293.1 1
8 4 166.5 365.2 1
4 8 11.7 86.2 1
6 3 71.6 290.0 1
8 2 84.2 252.4 1
7 2 163.0 207.0 1
8 1 78.9 179.2 1
6 4 58.5 237.4 1
7 2 95.0 299.9 1
2 6 178.0 304.5 1
3 7 82.1 305.1 1
8 4 66.9 195.8 1
0 8 2.7 236.3 1
8 10 124.8 306.7 1
8 2 31.6 220.1 1
4 2 30.0 215.9 1
3 5 130.3 383.3 1
5 7 101.3 162.8 1
3 7 154.1 344.5 1
7 4 171.3 223.1 1
6 7 42.6 250.9 1
3 7 73.0 326.9 1
5 2 181.5 402.6 1
4 7 166.0 409.3 1
3 5 203.0 361.2 1
1 3 11.1 198.6 1
9 10 164.3 364.7 1
3 6 41.5 289.0 1
3 7 17.7 167.0 1
7 10 57.3 147.8 1
8 9 27.4 264.4 1
3 9 34.6 269.4 1
4 7 187.4 411.4 1
4 6 72.8 275.2 1
6 10 9.6 177.2 1
1 3 47.1 169.7 1
8 7 163.5 296.1 1
8 10 71.1 190.6 1
2 1 58.3 145.0 1
5 1 198.1 257.4 1
2 4 125.1 376.7 1
5 10 34.3 234.7 1
8 6 108.9 261.7 1
5 2 119.8 302.4 1
6 2 201.0 266.4 1
5 4 185.3 293.8 1
0 9 175.1 276.4 1
3 4 205.4 291.8 1
0 2 145.6 353.3 1
9 7 1.6 59.0 1
8 3 39.0 214.1 1
1 4 101.7 233.9 1
3 1 112.6 253.8 1
2 7 39.4 87.8 1
3 10 38.1 86.6 1
2 4 10.9 123.2 1
5 8 170.9 423.0 1
8 1 144.7 244.1 1
2 3 166.2 405.4 1
6 8 92.6 279.6 1
8 10 61.4 286.4 1
6 8 46.2 225.2 1
2 6 57.5 287.4 1
6 7 107.5 350.5 1
7 2 50.3 171.8 1
0 7 189.2 248.6 1
3 5 68.0 215.6 1
4 5 156.2 399.3 1
5 2 97.5 190.4 1
5 4 26.9 187.6 1
5 3 28.4 251.8 1
3 10 162.6 227.7 1
6 7 121.6 348.8 1
2 9 192.3 366.0 1
1 8 165.0 335.3 1
0 1 25.1 144.0 1
2 9 77.4 179.5 1
9 5 201.0 371.9 1
6 5 120.7 315.2 1
3 7 8.1 178.3 1
7 1 60.7 244.2 1
3 2 34.3 173.6 1
2 7 142.7 356.8 1
1 8 91.5 314.9 1
1 10 11.6 158.8 1
9 8 36.1 110.8 1
7 8 157.2 223.7 1
2 7 201.8 457.7 1
6 1 86.0 204.0 1
7 3 194.7 405.0 1
8 2 155.0 219.8 1
2 6 42.4 126.8 1
8 6 199.0 313.4 1
1 3 93.6 187.5 1
9 5 175.1 364.5 1
0 3 21.0 243.6 1
5 10 21.5 78.5 1
7 3 173.1 327.8 1
5 10 102.1 157.2 1
6 2 63.2 151.7 1
6 8 75.8 198.7 1
8 5 22.4 213.9 1
0 2 131.5 214.3 1
9 5 164.9 365.1 1
8 3 73.0 238.8 1
4 9 122.3 259.3 1
4 9 192.3 428.0 1
1 6 115.9 338.7 1
9 4 61.9 185.6 1
9 6 191.0 289.3 1
0 2 37.8 212.2 1
6 8 105.8 252.5 1
6 2 105.3 239.2 1
2 6 124.7 228.2 1
6 3 5.7 193.2 1
7 3 72.6 174.2 1
3 9 196.6 336.3 1
6 10 108.6 304.9 1
3 2 92.8 207.9 1
9 1 148.9 238.0 1
6 9 204.7 262.0 1
4 9 113.0 349.2 1
3 9 126.0 245.3 1
8 5 63.3 127.6 1
4 5 57.9 136.8 1
0 4 57.6 104.1 1
5 8 174.9 264.2 1
9 10 68.3 218.6 1
0 2 170.1 421.6 1
1 3 3.4 127.5 1
4 2 134.0 385.7 1
4 3 181.6 312.5 1
0 1 180.5 370.3 1
9 3 156.7 285.4 1
5 6 189.3 389.6 1
4 9 96.7 243.9 1
5 2 75.1 283.1 1
0 6 43.7 117.9 1
1 9 25.7 228.0 1
9 3 190.4 433.9 1
4 10 49.8 280.3 1
2 7 66.9 222.4 1
5 1 202.7 270.8 1
3 10 202.8 249.3 1
3 6 187.7 307.3 1
2 4 90.8 158.3 1
0 4 131.9 214.1 1
0 8 83.9 162.2 1
3 5 161.4 300.4 1
0 3 195.6 364.8 1
3 8 148.0 289.1 1
4 9 11.4 215.9 1
3 10 33.9 84.3 1
6 3 172.6 387.0 1
7 3 181.8 276.9 1
6 10 7.1 150.7 1
9 7 14.7 73.7 1
0 6 117.6 258.4 1
6 5 172.6 397.0 1
7 4 7.4 117.5 1
EOF
