NUM_STATIONS: 10
NUM_REQUESTS: 20
NUM_VEHICLES: 3
VEHICLE_CAPACITY: 4
DISTANCES
0 1 8.3
1 2 2.5
2 3 8.9
3 4 6.4
4 5 8.5
5 6 5.9
6 7 7.6
7 8 9.1
8 9 7.1
9 0 6.5
REQUEST_SECTION
4 1 15.9 131.4 1
9 3 41.3 125.2 1
9 10 13.3 130.8 1
7 2 3.9 128.1 1
9 1 45.6 144.5 1
4 2 51.1 167.7 1
1 10 70.8 200.1 1
1 5 66.3 173.5 1
5 7 60.0 174.6 1
6 7 51.1 132.2 1
2 1 0.9 92.8 1
0 3 4.3 98.2 1
8 5 67.0 142.2 1
0 6 50.2 131.6 1
3 2 26.1 152.1 1
1 2 1.3 94.6 1
0 9 13.6 124.5 1
2 5 60.4 135.7 1
2 1 63.8 179.2 1
9 8 78.1 201.3 1
EOF
