NUM_STATIONS: 10
NUM_REQUESTS: 40
NUM_VEHICLES: 1
VEHICLE_CAPACITY: 2
DISTANCES
0 1 3.4
1 2 6.2
2 3 7.9
3 4 7.1
4 5 5.2
5 6 1.5
6 7 5.2
7 8 1.2
8 9 5.0
9 0 2.1
REQUEST_SECTION
3 7 54.6 356.1 1
4 5 380.6 749.6 1
4 5 554.7 715.4 1
2 9 397.3 1038.6 1
4 6 122.0 210.5 1
2 7 461.3 646.6 1
2 4 197.8 728.1 1
5 6 585.8 1225.6 1
4 1 522.6 836.1 1
0 7 411.7 830.9 1
6 3 467.0 576.0 1
0 2 684.4 1215.9 1
9 3 16.3 651.7 1
7 6 705.7 1373.4 1
7 5 322.8 816.9 1
3 7 847.4 1521.4 1
4 2 612.5 806.3 1
0 9 874.5 923.3 1
2 3 306.8 787.0 1
2 9 477.0 995.1 1
0 4 459.9 650.4 1
2 10 810.6 1116.6 1
2 6 853.8 1381.1 1
8 4 29.8 609.4 1
3 7 264.9 446.2 1
0 1 393.3 1006.4 1
7 1 716.9 984.9 1
8 4 251.5 388.6 1
0 3 876.9 1031.2 1
9 7 121.1 296.8 1
0 4 869.4 1329.5 1
7 2 629.3 1342.9 1
8 6 92.4 436.0 1
4 10 67.5 649.2 1
9 6 469.7 1132.4 1
1 5 639.5 1226.9 1
4 2 301.8 422.6 1
3 5 736.6 1257.6 1
9 7 93.0 777.5 1
5 7 211.4 665.6 1
EOF
