NUM_STATIONS: 10
NUM_REQUESTS: 40
NUM_VEHICLES: 3
VEHICLE_CAPACITY: 1
DISTANCES
0 1 2.8
1 2 2.9
2 3 8.4
3 4 7.3
4 5 6.1
5 6 1.6
6 7 8.4
7 8 7.7
8 9 3.2
9 0 1.5
REQUEST_SECTION
4 8 154.7 220.1 1
3 10 372.6 730.3 1
6 4 4.5 55.5 1
1 6 246.6 465.0 1
0 4 388.3 511.9 1
5 3 29.1 323.6 1
6 9 295.5 511.1 1
1 10 205.1 293.0 1
1 9 93.5 278.4 1
0 6 489.7 675.6 1
6 9 298.2 453.6 1
5 6 357.9 438.9 1
9 3 487.3 728.0 1
6 2 346.3 439.4 1
9 3 176.0 504.9 1
0 2 93.0 275.6 1
9 5 238.3 343.7 1
7 4 295.2 523.9 1
1 5 219.3 536.6 1
5 4 66.4 274.6 1
8 5 85.6 230.4 1
7 6 359.3 559.8 1
4 1 263.8 584.8 1
4 10 452.7 766.3 1
7 5 45.8 263.7 1
1 10 162.3 286.2 1
3 5 167.0 372.7 1
2 5 253.5 305.4 1
6 8 170.1 326.4 1
4 7 262.5 542.3 1
9 1 347.4 432.9 1
6 3 157.2 452.4 1
8 9 367.3 484.9 1
6 3 60.0 377.4 1
5 2 393.2 509.1 1
8 5 477.8 858.5 1
7 9 288.6 440.5 1
5 4 251.4 575.5 1
0 2 223.8 387.2 1
2 4 151.8 267.9 1
EOF
