NUM_STATIONS: 10
NUM_REQUESTS: 80
NUM_VEHICLES: 2
VEHICLE_CAPACITY: 2
DISTANCES
0 1 9.9
1 2 5.8
2 3 2.8
3 4 4.2
4 5 8.2
5 6 9.6
6 7 7.3
7 8 4.0
8 9 8.9
9 0 4.1
REQUEST_SECTION
8 2 256.0 700.7 1
3 8 92.7 527.2 1
0 4 322.5 642.2 1
4 8 948.5 1024.7 1
7 10 757.9 1182.0 1
4 1 347.8 517.5 1
1 9 764.4 992.8 1
3 6 4.2 255.3 1
5 9 301.5 796.9 1
9 5 726.2 1017.1 1
1 7 641.4 1267.7 1
7 3 838.6 1198.5 1
9 7 144.9 513.2 1
1 6 314.9 880.9 1
5 3 515.9 1221.5 1
0 4 785.5 930.0 1
7 1 296.7 679.9 1
0 4 843.0 950.5 1
2 9 608.7 1032.1 1
0 6 195.6 735.9 1
0 9 874.9 968.5 1
4 10 396.8 594.4 1
2 5 757.2 1341.4 1
1 10 110.5 643.0 1
7 10 664.4 1165.1 1
2 10 899.6 1271.9 1
3 8 495.5 577.8 1
5 8 58.9 323.2 1
6 8 668.8 867.9 1
6 5 122.1 230.9 1
5 10 230.2 925.5 1
2 8 846.5 1500.7 1
8 9 961.7 1335.3 1
2 7 379.9 649.8 1
4 6 590.1 1179.8 1
5 8 647.3 817.2 1
9 8 584.5 1041.8 1
3 1 787.6 1193.6 1
3 4 921.9 1499.0 1
2 6 960.1 1415.4 1
4 9 488.5 1180.1 1
7 5 353.1 715.0 1
6 4 832.4 1213.2 1
7 3 19.9 687.7 1
5 10 752.6 1298.5 1
3 8 220.3 559.9 1
9 6 877.4 1382.9 1
5 1 947.2 1616.8 1
8 4 845.7 986.5 1
0 5 185.2 254.3 1
5 10 448.7 1065.9 1
7 5 530.9 605.1 1
6 10 11.6 140.2 1
6 1 208.1 541.3 1
2 6 656.2 931.1 1
4 5 544.4 845.7 1
7 3 697.9 1379.5 1
0 4 96.7 448.1 1
0 9 509.5 581.0 1
4 10 669.5 1207.5 1
2 1 414.6 649.9 1
1 10 287.2 403.9 1
0 7 43.2 622.8 1
0 4 312.3 916.7 1
2 6 279.3 764.6 1
6 8 797.0 1337.8 1
7 9 640.7 1046.2 1
0 1 540.4 867.3 1
3 6 42.4 138.4 1
5 1 300.2 406.4 1
1 8 606.6 1102.6 1
7 5 295.8 912.0 1
3 2 54.8 564.8 1
2 5 196.1 567.5 1
4 2 607.1 1011.6 1
7 10 524.4 929.5 1
3 7 434.4 903.4 1
4 6 30.7 217.1 1
1 2 460.2 622.7 1
1 8 633.0 1119.9 1
EOF
