NUM_STATIONS: 10
NUM_REQUESTS: 40
NUM_VEHICLES: 2
VEHICLE_CAPACITY: 8
DISTANCES
0 1 5.8
1 2 5.9
2 3 5.5
3 4 4.6
4 5 6.6
5 6 8.5
6 7 2.2
7 8 4.0
8 9 2.7
9 0 5.9
REQUEST_SECTION
5 3 77.9 212.3 1
6 3 46.0 123.0 1
4 5 56.2 127.5 1
3 7 26.2 149.4 1
8 3 36.9 150.3 1
2 5 82.7 147.3 1
2 8 35.3 122.2 1
4 7 7.3 152.2 1
9 1 27.4 150.9 1
2 4 49.0 109.3 1
1 10 30.2 123.9 1
7 2 8.1 99.7 1
5 4 11.8 142.6 1
2 8 2.2 126.7 1
2 5 34.7 101.6 1
8 3 39.8 159.2 1
6 2 18.6 127.8 1
9 5 35.8 159.6 1
5 8 8.1 105.2 1
6 9 20.8 114.3 1
3 2 41.3 94.5 1
7 2 48.7 181.9 1
3 5 22.1 165.6 1
9 2 36.2 105.6 1
9 5 46.0 193.7 1
5 3 10.4 135.4 1
5 9 33.3 168.8 1
1 9 27.4 88.5 1
0 4 88.9 215.2 1
3 5 44.7 149.9 1
8 7 54.1 192.0 1
3 4 76.2 137.8 1
7 2 57.3 201.7 1
9 8 40.9 158.1 1
4 6 45.5 136.1 1
2 3 21.4 147.5 1
2 9 4.9 69.0 1
3 1 52.3 164.1 1
4 2 16.4 109.6 1
3 8 57.9 184.1 1
EOF
