NUM_STATIONS: 10
NUM_REQUESTS: 80
NUM_VEHICLES: 3
VEHICLE_CAPACITY: 8
DISTANCES
0 1 9.9
1 2 5.8
2 3 2.8
3 4 4.2
4 5 8.2
5 6 9.6
6 7 7.3
7 8 4.0
8 9 8.9
9 0 4.1
REQUEST_SECTION
8 2 50.6 244.4 1
3 8 191.8 354.5 1
0 4 10.4 188.5 1
4 8 211.2 345.4 1
7 10 181.1 396.3 1
4 1 81.7 202.8 1
1 9 113.5 187.6 1
3 6 173.8 305.9 1
5 9 193.7 325.9 1
9 5 163.3 258.9 1
1 7 122.2 311.9 1
7 3 122.1 228.2 1
9 7 120.2 224.7 1
1 6 170.6 340.8 1
5 3 25.5 167.3 1
0 4 188.9 335.3 1
7 1 208.9 359.2 1
0 4 106.6 275.5 1
2 9 122.3 291.8 1
0 6 101.3 240.8 1
0 9 143.7 259.8 1
4 10 145.8 345.2 1
2 5 145.8 327.0 1
1 10 179.8 298.2 1
7 10 22.7 96.2 1
2 10 131.4 292.3 1
3 8 147.4 348.6 1
5 8 198.8 264.9 1
6 8 64.9 232.4 1
6 5 181.5 348.1 1
5 10 108.5 215.6 1
2 8 6.9 150.5 1
8 9 127.1 206.0 1
2 7 23.3 115.6 1
4 6 12.7 129.4 1
5 8 173.8 383.0 1
9 8 113.9 327.1 1
3 1 87.1 288.5 1
3 4 160.6 240.0 1
2 6 66.0 153.8 1
4 9 199.0 265.1 1
7 5 28.4 112.9 1
6 4 214.0 379.6 1
7 3 63.7 168.1 1
5 10 206.3 309.2 1
3 8 92.1 229.7 1
9 6 214.5 413.1 1
5 1 123.9 218.9 1
8 4 101.9 266.5 1
0 5 122.5 339.6 1
5 10 114.3 337.5 1
7 5 102.4 246.2 1
6 10 79.0 167.7 1
6 1 115.0 299.1 1
2 6 200.0 401.7 1
4 5 103.4 224.2 1
7 3 21.2 125.8 1
0 4 146.4 370.5 1
0 9 27.6 163.9 1
4 10 206.1 341.4 1
2 1 74.8 270.7 1
1 10 115.2 247.7 1
0 7 199.6 330.8 1
0 4 2.2 116.6 1
2 6 166.2 377.9 1
6 8 158.2 321.0 1
7 9 55.1 122.9 1
0 1 108.9 243.1 1
3 6 195.3 276.3 1
5 1 12.2 201.8 1
1 8 150.5 344.9 1
7 5 28.3 230.0 1
3 2 39.7 167.6 1
2 5 134.8 245.1 1
4 2 4.1 196.6 1
7 10 147.5 286.7 1
3 7 19.5 208.3 1
4 6 36.9 222.7 1
1 2 197.1 329.6 1
1 8 85.4 304.0 1
EOF
