NUM_STATIONS: 10
NUM_REQUESTS: 160
NUM_VEHICLES: 3
VEHICLE_CAPACITY: 1
DISTANCES
0 1 3.3
1 2 8.6
2 3 9.8
3 4 4.8
4 5 3.7
5 6 5.0
6 7 1.8
7 8 2.0
8 9 1.3
9 0 2.7
REQUEST_SECTION
9 3 392.5 616.0 1
8 4 723.1 1377.1 1
4 8 360.9 1398.3 1
6 3 537.9 1023.5 1
8 2 966.3 1758.7 1
7 2 2261.6 2566.9 1
8 1 589.5 659.0 1
6 4 935.6 988.5 1
7 2 56.6 984.5 1
2 6 2089.7 2658.8 1
3 7 14.4 153.4 1
8 4 969.8 1048.2 1
0 8 1770.0 1827.4 1
8 10 2081.7 3057.1 1
8 2 1106.9 1450.7 1
4 2 639.7 1332.7 1
3 5 2262.5 2807.3 1
5 7 1620.9 1987.1 1
3 7 479.1 1201.4 1
7 4 294.4 797.5 1
6 7 1413.8 1865.8 1
3 7 2212.0 2464.9 1
5 2 701.0 1210.7 1
4 7 1962.8 2268.2 1
3 5 1088.4 1803.2 1
1 3 960.6 1857.5 1
9 10 1854.7 2387.7 1
3 6 1833.9 2499.2 1
3 7 1398.6 1872.4 1
7 10 321.5 707.7 1
8 9 222.8 833.6 1
3 9 1290.4 1499.6 1
4 7 1819.1 2928.8 1
4 6 2150.1 2284.2 1
6 10 963.0 2054.8 1
1 3 2243.5 2581.3 1
8 7 304.4 1023.1 1
8 10 2038.7 2855.2 1
2 1 1384.0 1925.0 1
5 1 470.7 849.8 1
2 4 1824.0 2540.5 1
5 10 2204.5 2369.1 1
8 6 1908.0 2895.5 1
5 2 2071.3 2375.0 1
6 2 2067.2 2665.9 1
5 4 1830.4 2434.2 1
0 9 1334.1 1522.1 1
3 4 1392.0 2121.6 1
0 2 1116.6 1380.5 1
9 7 1390.2 1872.3 1
8 3 1520.7 2106.5 1
1 4 336.3 551.5 1
3 1 1422.8 2190.6 1
2 7 410.9 1263.6 1
3 10 937.5 1654.3 1
2 4 560.3 676.3 1
5 8 1499.1 1580.5 1
8 1 85.0 497.8 1
2 3 2201.7 3232.0 1
6 8 520.9 1541.5 1
8 10 1317.1 2298.2 1
6 8 1603.0 1891.6 1
2 6 1634.0 1780.2 1
6 7 1941.9 2985.6 1
7 2 1138.8 1380.9 1
0 7 204.9 605.2 1
3 5 1932.3 2893.3 1
4 5 582.7 1121.9 1
5 2 633.3 871.5 1
5 4 65.2 1173.8 1
5 3 15.5 357.1 1
3 10 125.1 803.1 1
6 7 562.4 1267.5 1
2 9 2065.4 3071.6 1
1 8 268.0 349.7 1
0 1 1230.3 1685.3 1
2 9 185.6 535.8 1
9 5 984.6 2117.6 1
6 5 670.3 977.6 1
3 7 12.9 132.4 1
7 1 1799.3 2116.6 1
3 2 1241.3 2011.1 1
2 7 2048.8 2492.2 1
1 8 501.4 1251.9 1
1 10 1862.9 2237.3 1
9 8 955.2 1752.6 1
7 8 1626.5 2522.7 1
2 7 2267.2 3389.5 1
6 1 675.7 1056.1 1
7 3 1410.4 2327.5 1
8 2 560.2 1440.5 1
2 6 2039.2 3030.2 1
8 6 923.1 1105.4 1
1 3 820.7 1833.1 1
9 5 345.8 731.8 1
0 3 169.7 697.9 1
5 10 1941.5 2168.4 1
7 3 2080.7 3018.2 1
5 10 1792.8 2368.8 1
6 2 536.7 1004.6 1
6 8 1119.0 1720.5 1
8 5 252.0 1275.0 1
0 2 2000.5 2330.1 1
9 5 1597.9 2282.1 1
8 3 147.2 935.9 1
4 9 17.9 1026.9 1
4 9 753.3 1102.5 1
1 6 1429.9 2053.9 1
9 4 143.1 277.6 1
9 6 1457.5 2292.1 1
0 2 351.0 1482.8 1
6 8 769.8 1222.4 1
6 2 1621.5 1793.5 1
2 6 2088.2 3087.9 1
6 3 1158.1 1669.9 1
7 3 1775.2 2405.6 1
3 9 187.8 996.2 1
6 10 1476.9 1690.8 1
3 2 2005.4 3055.6 1
9 1 220.4 1281.4 1
6 9 781.3 1431.9 1
4 9 1569.9 2180.5 1
3 9 876.8 1889.6 1
8 5 809.9 1763.1 1
4 5 238.8 566.1 1
0 4 458.4 1573.4 1
5 8 447.8 1351.8 1
9 10 812.4 1350.0 1
0 2 2108.8 2925.8 1
1 3 129.5 789.4 1
4 2 209.9 648.4 1
4 3 1378.9 1451.1 1
0 1 2069.1 2275.0 1
9 3 802.1 1774.5 1
5 6 297.3 1090.1 1
4 9 880.0 1583.3 1
5 2 1028.8 1320.6 1
0 6 115.7 1057.9 1
1 9 1031.7 1753.6 1
9 3 2228.8 2559.9 1
4 10 249.7 453.4 1
2 7 1737.2 2572.2 1
5 1 469.6 707.6 1
3 10 2222.4 2687.0 1
3 6 1319.0 2326.5 1
2 4 1420.3 1791.5 1
0 4 1368.1 1804.4 1
0 8 1718.5 1807.6 1
3 5 1842.3 2594.2 1
0 3 749.7 1691.7 1
3 8 170.1 780.1 1
4 9 114.6 637.7 1
3 10 553.7 1055.7 1
6 3 621.5 1169.3 1
7 3 1390.2 2035.4 1
6 10 1528.8 2242.2 1
9 7 428.2 1240.1 1
0 6 1858.5 2724.8 1
6 5 321.2 1024.9 1
7 4 717.0 810.3 1
EOF
