NUM_STATIONS: 10
NUM_REQUESTS: 40
NUM_VEHICLES: 2
VEHICLE_CAPACITY: 8
DISTANCES
0 1 4.3
1 2 4.7
2 3 7.7
3 4 5.3
4 5 3.2
5 6 1.5
6 7 9.1
7 8 3.7
8 9 3.4
9 0 3.5
REQUEST_SECTION
2 7 61.8 159.3 1
8 10 27.7 77.7 1
4 9 10.6 78.8 1
1 7 33.2 87.9 1
9 5 80.3 157.0 1
8 6 69.6 126.5 1
2 6 108.8 204.4 1
6 5 6.1 91.5 1
4 9 55.7 127.7 1
6 9 87.9 172.3 1
1 5 69.8 163.8 1
3 8 66.5 159.7 1
9 10 114.3 174.7 1
4 5 35.7 109.1 1
5 6 96.9 199.5 1
3 9 5.1 67.9 1
5 7 116.1 193.1 1
0 5 54.5 150.2 1
5 10 28.6 104.8 1
0 2 74.5 122.8 1
0 4 41.7 141.1 1
1 7 8.7 74.4 1
0 3 23.1 101.3 1
9 3 66.1 114.2 1
3 6 45.9 129.2 1
9 7 78.9 148.1 1
4 7 95.8 198.6 1
2 5 27.0 117.6 1
2 5 60.3 154.8 1
0 4 93.0 182.6 1
0 9 20.7 69.9 1
7 1 62.7 128.5 1
7 2 107.8 176.7 1
1 9 33.2 93.6 1
2 7 57.6 140.0 1
9 8 38.7 95.7 1
7 6 50.8 125.1 1
4 2 92.0 163.5 1
1 6 69.4 168.2 1
4 1 108.2 179.5 1
EOF
