NUM_STATIONS: 10
NUM_REQUESTS: 40
NUM_VEHICLES: 2
VEHICLE_CAPACITY: 1
DISTANCES
0 1 4.3
1 2 4.7
2 3 7.7
3 4 5.3
4 5 3.2
5 6 1.5
6 7 9.1
7 8 3.7
8 9 3.4
9 0 3.5
REQUEST_SECTION
2 7 137.5 437.3 1
8 10 40.2 425.3 1
4 9 665.3 927.5 1
1 7 109.9 418.0 1
9 5 651.1 894.7 1
8 6 379.5 757.1 1
2 6 154.1 367.6 1
6 5 241.2 521.8 1
4 9 144.7 413.2 1
6 9 197.1 356.1 1
1 5 52.6 303.4 1
3 8 178.9 258.8 1
9 10 238.6 444.7 1
4 5 362.3 452.7 1
5 6 438.0 507.4 1
3 9 577.9 870.8 1
5 7 210.3 661.2 1
0 5 344.2 483.7 1
5 10 107.3 231.7 1
0 2 503.1 601.4 1
0 4 535.6 987.7 1
1 7 119.3 365.4 1
0 3 510.8 778.8 1
9 3 78.5 410.1 1
3 6 245.8 529.4 1
9 7 76.8 124.2 1
4 7 17.0 87.4 1
2 5 435.6 771.6 1
2 5 643.1 824.0 1
0 4 313.3 601.6 1
0 9 110.6 470.9 1
7 1 263.8 479.1 1
7 2 44.3 413.5 1
1 9 15.0 355.9 1
2 7 528.0 939.0 1
9 8 115.0 238.6 1
7 6 458.2 709.7 1
4 2 411.0 606.0 1
1 6 55.0 116.2 1
4 1 521.8 833.1 1
EOF
