NUM_STATIONS: 10
NUM_REQUESTS: 20
NUM_VEHICLES: 3
VEHICLE_CAPACITY: 1
DISTANCES
0 1 6.6
1 2 8.7
2 3 5.9
3 4 9.0
4 5 3.2
5 6 7.2
6 7 4.7
7 8 8.2
8 9 3.5
9 0 6.8
REQUEST_SECTION
3 5 7.5 210.7 1
1 7 372.2 648.7 1
4 5 386.6 460.1 1
0 6 220.2 540.1 1
1 7 124.7 361.3 1
6 7 368.9 585.2 1
0 8 420.8 679.1 1
1 4 98.6 346.9 1
0 5 171.1 340.5 1
6 1 371.0 491.1 1
0 8 109.2 238.1 1
8 2 334.9 491.0 1
8 2 406.0 523.9 1
4 1 93.6 314.8 1
4 7 149.2 341.8 1
5 10 385.2 546.5 1
7 3 99.7 168.7 1
6 2 250.5 552.1 1
0 8 117.4 283.5 1
5 8 365.8 738.3 1
EOF
