NUM_STATIONS: 10
NUM_REQUESTS: 40
NUM_VEHICLES: 3
VEHICLE_CAPACITY: 1
DISTANCES
0 1 5.8
1 2 5.9
2 3 5.5
3 4 4.6
4 5 6.6
5 6 8.5
6 7 2.2
7 8 4.0
8 9 2.7
9 0 5.9
REQUEST_SECTION
5 3 684.8 903.6 1
6 3 232.1 396.2 1
4 5 458.7 646.8 1
3 7 306.3 572.7 1
8 3 335.2 415.0 1
2 5 64.9 152.0 1
2 8 80.6 449.8 1
4 7 387.4 504.8 1
9 1 8.0 355.9 1
2 4 409.0 604.4 1
1 10 541.6 912.3 1
7 2 668.0 835.2 1
5 4 406.5 715.0 1
2 8 65.0 250.2 1
2 5 436.7 687.8 1
8 3 4.1 226.9 1
6 2 367.4 735.2 1
9 5 493.3 777.0 1
5 8 429.5 538.2 1
6 9 198.2 390.1 1
3 2 619.7 823.1 1
7 2 381.5 479.7 1
3 5 510.6 571.9 1
9 2 609.8 855.3 1
9 5 52.6 281.3 1
5 3 630.4 722.8 1
5 9 96.5 194.0 1
1 9 428.7 592.1 1
0 4 335.6 510.0 1
3 5 471.4 649.0 1
8 7 282.5 424.3 1
3 4 346.4 617.5 1
7 2 292.2 586.3 1
9 8 558.0 799.2 1
4 6 669.6 1006.1 1
2 3 179.9 362.4 1
2 9 3.4 379.8 1
3 1 633.0 835.1 1
4 2 411.8 571.6 1
3 8 26.2 194.2 1
EOF
