NUM_STATIONS: 10
NUM_REQUESTS: 40
NUM_VEHICLES: 2
VEHICLE_CAPACITY: 4
DISTANCES
0 1 5.8
1 2 5.9
2 3 5.5
3 4 4.6
4 5 6.6
5 6 8.5
6 7 2.2
7 8 4.0
8 9 2.7
9 0 5.9
REQUEST_SECTION
5 3 3.3 129.7 1
6 3 46.6 103.7 1
4 5 55.1 120.0 1
3 7 11.6 102.8 1
8 3 125.9 250.7 1
2 5 172.4 282.4 1
2 8 79.9 179.5 1
4 7 25.1 202.6 1
9 1 97.6 274.1 1
2 4 38.0 196.2 1
1 10 187.1 244.3 1
7 2 15.1 115.1 1
5 4 35.1 146.3 1
2 8 126.6 188.3 1
2 5 2.1 114.5 1
8 3 36.6 167.2 1
6 2 96.3 176.2 1
9 5 176.7 328.7 1
5 8 55.7 121.5 1
6 9 13.8 187.2 1
3 2 84.2 139.3 1
7 2 76.3 166.9 1
3 5 141.5 316.7 1
9 2 64.6 212.9 1
9 5 44.2 101.8 1
5 3 6.1 138.2 1
5 9 22.0 153.2 1
1 9 74.6 143.4 1
0 4 110.7 186.2 1
3 5 25.4 169.9 1
8 7 158.7 338.5 1
3 4 70.0 140.4 1
7 2 183.4 248.9 1
9 8 69.5 199.7 1
4 6 141.9 271.6 1
2 3 34.3 166.8 1
2 9 16.3 179.4 1
3 1 166.0 219.0 1
4 2 50.7 170.6 1
3 8 135.3 275.1 1
EOF
