NUM_STATIONS: 10
NUM_REQUESTS: 20
NUM_VEHICLES: 2
VEHICLE_CAPACITY: 2
DISTANCES
0 1 10.0
1 2 3.1
2 3 7.4
3 4 2.1
4 5 5.5
5 6 6.0
6 7 3.5
7 8 7.1
8 9 7.6
9 0 5.4
REQUEST_SECTION
4 9 34.7 234.5 1
8 3 0.8 190.6 1
4 3 97.2 299.5 1
5 2 114.5 309.7 1
7 5 106.6 229.0 1
3 6 71.4 199.8 1
9 4 205.4 291.4 1
5 4 167.5 368.8 1
7 6 49.7 117.4 1
5 4 148.7 290.8 1
6 8 146.0 272.7 1
3 1 18.7 217.2 1
3 10 73.2 151.4 1
8 9 134.6 232.6 1
8 3 46.8 188.2 1
3 2 163.0 304.7 1
0 3 32.3 160.5 1
1 3 46.7 202.6 1
7 5 47.3 206.2 1
8 7 171.3 360.6 1
EOF
