NUM_STATIONS: 10
NUM_REQUESTS: 80
NUM_VEHICLES: 3
VEHICLE_CAPACITY: 1
DISTANCES
0 1 2.4
1 2 8.8
2 3 9.2
3 4 4.4
4 5 2.3
5 6 10.0
6 7 6.1
7 8 3.9
8 9 6.9
9 0 4.1
REQUEST_SECTION
4 2 1232.6 2043.8 1
1 6 990.2 1733.0 1
9 8 625.2 1149.5 1
7 1 1044.3 1203.3 1
1 5 348.1 863.1 1
5 9 1434.0 1501.8 1
1 5 1271.2 1815.1 1
5 6 1083.5 1895.8 1
2 8 426.4 1034.9 1
6 1 1141.1 1273.9 1
5 3 1412.0 1969.3 1
2 7 1285.6 2028.3 1
5 9 151.6 372.2 1
0 2 689.4 751.5 1
1 8 152.0 426.8 1
7 10 777.3 1301.3 1
1 3 498.2 1068.8 1
5 3 1494.4 1641.1 1
2 5 1422.1 2217.4 1
4 8 629.0 867.0 1
2 4 156.8 353.3 1
4 2 314.1 1095.4 1
7 10 195.0 660.3 1
5 6 782.6 987.7 1
5 9 459.9 1209.8 1
7 6 1009.2 1343.3 1
1 5 1468.0 1996.7 1
1 2 276.1 923.5 1
9 1 1194.9 1287.6 1
3 7 129.2 611.3 1
7 2 662.5 1066.6 1
1 7 763.6 1050.2 1
3 8 1265.1 1877.4 1
1 5 611.0 1008.5 1
1 8 1443.6 1869.1 1
3 9 922.8 1001.7 1
1 10 1094.6 1279.8 1
7 2 855.6 1580.6 1
3 6 1159.6 1576.6 1
8 7 363.5 818.8 1
1 2 574.7 1260.6 1
0 7 1058.6 1347.9 1
0 3 1294.7 1595.0 1
0 4 626.5 1224.6 1
6 5 305.5 1001.8 1
5 8 430.0 696.5 1
1 10 1051.8 1465.5 1
5 6 173.6 700.9 1
4 7 1481.2 1811.8 1
8 9 811.1 1120.2 1
5 8 436.9 1200.2 1
6 7 428.2 999.0 1
0 8 1315.5 1657.4 1
1 9 1179.0 1764.2 1
0 5 434.7 1194.3 1
0 4 1151.9 1695.7 1
4 9 1069.7 1231.9 1
3 1 100.4 524.7 1
7 2 276.1 490.6 1
5 8 669.4 856.9 1
2 10 314.7 619.6 1
7 9 1481.7 2031.6 1
8 5 1103.6 1925.6 1
5 6 939.1 1032.6 1
8 2 693.9 1292.0 1
5 2 348.5 716.5 1
5 1 524.6 894.4 1
8 7 410.1 1195.7 1
3 7 572.9 1027.9 1
4 7 1392.4 1786.3 1
6 4 1318.1 1936.1 1
9 7 1032.3 1767.9 1
9 3 741.0 1144.0 1
9 5 484.5 995.0 1
9 10 171.0 324.4 1
8 10 1500.4 1793.2 1
9 6 1000.4 1221.5 1
3 9 508.0 769.7 1
2 9 1425.6 1561.4 1
2 4 1550.2 2218.5 1
EOF
