NUM_STATIONS: 10
NUM_REQUESTS: 80
NUM_VEHICLES: 1
VEHICLE_CAPACITY: 4
DISTANCES
0 1 7.9
1 2 8.1
2 3 2.5
3 4 7.9
4 5 2.3
5 6 7.4
6 7 8.2
7 8 1.4
8 9 7.4
9 0 3.5
REQUEST_SECTION
9 4 160.2 942.4 1
8 6 1030.4 1638.0 1
1 2 808.2 1027.6 1
8 4 797.7 1659.0 1
2 7 574.3 1080.6 1
1 8 186.0 470.5 1
5 7 118.7 299.5 1
1 9 994.6 1121.3 1
1 4 939.7 1265.2 1
4 6 855.3 1731.5 1
0 8 667.4 1520.6 1
7 6 888.6 1285.0 1
7 6 94.2 992.4 1
4 10 321.1 530.2 1
8 2 221.7 703.8 1
1 4 703.2 1052.5 1
2 8 943.1 1136.5 1
0 3 1113.3 1203.1 1
8 6 1113.7 1400.8 1
8 1 208.1 423.7 1
9 8 328.0 510.6 1
6 3 66.0 480.3 1
2 4 1025.9 1637.6 1
3 10 560.1 737.3 1
5 6 1073.9 1148.8 1
5 6 681.7 846.8 1
2 9 307.3 875.6 1
6 8 68.9 639.4 1
9 10 1010.3 1688.5 1
5 8 210.7 419.4 1
0 5 953.0 1286.0 1
2 4 841.6 1340.2 1
3 9 780.6 1169.9 1
0 3 38.0 304.1 1
5 6 640.1 796.0 1
5 10 311.1 1098.9 1
4 8 1056.7 1670.2 1
9 4 955.8 1182.8 1
1 9 1031.7 1356.2 1
0 9 422.5 692.3 1
6 3 459.2 731.7 1
0 1 271.4 994.7 1
8 1 965.2 1350.5 1
3 9 574.2 1219.7 1
4 2 965.7 1554.2 1
5 10 923.8 1340.4 1
9 2 518.1 685.4 1
2 5 307.1 742.6 1
3 4 463.3 1113.8 1
3 1 963.3 1137.4 1
3 2 129.4 192.8 1
4 3 438.1 1341.8 1
1 4 699.1 1414.7 1
2 7 690.4 1258.4 1
1 9 427.7 997.5 1
0 6 381.2 601.3 1
5 2 115.7 646.0 1
8 2 328.9 658.8 1
8 4 504.6 741.9 1
2 4 694.3 1137.8 1
6 8 954.0 1254.6 1
2 9 666.1 1509.8 1
2 8 285.8 793.3 1
1 8 682.5 883.3 1
9 7 110.4 183.1 1
6 2 1008.9 1582.0 1
2 8 217.7 703.4 1
0 4 97.1 284.1 1
7 10 1043.4 1111.3 1
2 4 106.6 720.4 1
6 1 529.7 824.2 1
5 2 412.2 706.3 1
6 8 392.6 667.4 1
7 5 39.9 221.3 1
8 10 73.5 369.5 1
5 2 25.4 262.4 1
9 7 167.7 315.8 1
7 6 645.3 1325.2 1
4 9 388.9 808.2 1
3 10 336.8 622.4 1
EOF
