NUM_STATIONS: 10
NUM_REQUESTS: 20
NUM_VEHICLES: 2
VEHICLE_CAPACITY: 8
DISTANCES
0 1 6.6
1 2 8.7
2 3 5.9
3 4 9.0
4 5 3.2
5 6 7.2
6 7 4.7
7 8 8.2
8 9 3.5
9 0 6.8
REQUEST_SECTION
3 5 77.9 146.7 1
1 7 37.6 135.0 1
4 5 52.7 135.1 1
0 6 48.9 147.6 1
1 7 23.9 88.0 1
6 7 49.4 151.8 1
0 8 56.3 147.4 1
1 4 5.3 98.4 1
0 5 39.8 132.9 1
6 1 34.7 123.1 1
0 8 17.1 101.0 1
8 2 27.7 103.3 1
8 2 53.7 135.7 1
4 1 11.4 78.7 1
4 7 31.4 97.6 1
5 10 65.1 139.5 1
7 3 25.7 118.7 1
6 2 68.5 157.7 1
0 8 53.6 135.1 1
5 8 3.3 80.8 1
EOF
