NUM_STATIONS: 10
NUM_REQUESTS: 20
NUM_VEHICLES: 1
VEHICLE_CAPACITY: 4
DISTANCES
0 1 6.6
1 2 8.7
2 3 5.9
3 4 9.0
4 5 3.2
5 6 7.2
6 7 4.7
7 8 8.2
8 9 3.5
9 0 6.8
REQUEST_SECTION
3 5 127.4 344.5 1
1 7 295.5 482.4 1
4 5 141.5 205.5 1
0 6 160.8 268.6 1
1 7 64.1 280.9 1
6 7 262.0 346.3 1
0 8 40.0 113.4 1
1 4 293.9 439.0 1
0 5 75.8 149.6 1
6 1 187.5 318.4 1
0 8 311.5 505.8 1
8 2 82.5 156.6 1
8 2 218.4 432.1 1
4 1 208.9 286.3 1
4 7 163.6 263.2 1
5 10 47.6 203.9 1
7 3 5.8 224.9 1
6 2 134.2 241.6 1
0 8 77.9 282.5 1
5 8 128.0 317.9 1
EOF
