NUM_STATIONS: 10
NUM_REQUESTS: 160
NUM_VEHICLES: 2
VEHICLE_CAPACITY: 4
DISTANCES
0 1 3.6
1 2 7.3
2 3 7.4
3 4 1.6
4 5 9.1
5 6 1.1
6 7 5.1
7 8 5.3
8 9 9.0
9 0 2.6
REQUEST_SECTION
0 6 89.2 241.0 1
6 7 448.4 992.4 1
7 6 590.9 999.6 1
0 1 722.7 905.5 1
4 3 204.2 428.1 1
6 10 54.5 514.5 1
5 2 30.6 88.7 1
1 3 457.4 872.3 1
0 6 396.3 592.1 1
6 1 750.0 1133.8 1
4 5 672.2 1057.4 1
6 2 625.3 1086.5 1
3 4 27.3 254.5 1
3 4 569.0 1036.3 1
7 9 21.2 88.3 1
9 3 296.0 561.0 1
9 7 141.1 456.2 1
4 8 337.6 909.1 1
3 7 519.9 1038.7 1
2 3 40.3 532.1 1
0 7 588.1 883.2 1
1 5 528.3 812.6 1
8 2 55.3 363.1 1
5 3 401.7 760.7 1
5 9 383.3 554.2 1
1 6 564.6 876.4 1
1 6 599.8 951.3 1
4 2 465.5 962.9 1
5 3 515.1 761.5 1
4 7 576.0 1111.6 1
6 5 483.3 1036.7 1
3 7 447.5 834.9 1
5 3 579.1 1119.4 1
4 9 114.7 603.9 1
2 6 93.0 519.7 1
8 4 459.3 765.5 1
0 3 214.7 740.8 1
8 9 107.1 267.1 1
9 5 615.4 1181.3 1
5 7 156.5 619.2 1
1 5 639.6 884.9 1
6 8 197.3 271.0 1
3 8 522.1 786.2 1
8 5 52.1 514.0 1
3 10 9.3 188.3 1
8 7 111.0 246.7 1
9 4 780.5 942.0 1
6 2 576.8 715.5 1
9 7 636.8 1036.7 1
0 8 332.2 700.8 1
3 9 752.5 1267.9 1
7 10 452.0 650.3 1
7 3 627.1 1202.1 1
4 1 525.3 933.4 1
1 3 463.6 784.7 1
4 9 650.7 1217.8 1
6 7 509.3 802.9 1
3 9 408.5 778.9 1
1 5 619.1 1035.5 1
9 7 614.3 732.4 1
4 8 555.7 802.1 1
7 10 725.0 1203.8 1
2 9 364.2 483.8 1
8 1 57.0 437.6 1
1 7 552.6 623.2 1
8 5 390.5 884.3 1
7 3 632.3 1097.9 1
3 5 83.8 251.7 1
0 5 452.6 634.1 1
9 4 13.4 529.4 1
5 8 533.7 984.1 1
9 8 485.6 949.2 1
6 9 340.9 613.0 1
8 1 23.1 569.4 1
6 7 115.3 514.3 1
6 1 269.2 494.9 1
3 5 499.5 729.0 1
4 7 464.5 839.0 1
6 3 82.0 513.1 1
4 5 638.0 995.8 1
0 1 1.2 334.8 1
8 5 106.8 422.5 1
3 4 47.3 348.0 1
2 6 228.5 394.9 1
9 4 107.2 319.8 1
6 8 355.3 538.9 1
6 2 19.4 102.6 1
7 2 639.1 1057.3 1
1 8 703.7 922.1 1
9 5 634.8 793.3 1
6 2 416.2 561.8 1
1 5 295.1 745.2 1
5 4 759.0 1272.2 1
8 10 145.4 558.3 1
3 6 610.4 1007.2 1
5 2 173.6 484.9 1
6 3 446.3 929.7 1
4 6 499.1 1041.9 1
5 7 709.3 1096.7 1
2 3 216.3 312.1 1
4 9 227.3 798.8 1
4 1 614.4 983.4 1
5 6 295.5 555.4 1
5 10 545.6 670.1 1
8 9 34.7 287.2 1
3 5 333.2 877.8 1
3 8 403.0 859.0 1
7 8 426.5 833.8 1
4 8 120.8 639.5 1
1 6 215.7 567.2 1
3 9 101.8 284.8 1
0 8 462.8 895.9 1
0 5 435.3 854.5 1
1 8 649.4 1177.3 1
3 6 237.6 627.7 1
7 1 186.0 518.0 1
7 1 101.8 299.2 1
4 1 271.1 422.1 1
1 2 212.7 485.9 1
8 5 448.0 720.9 1
6 4 128.6 181.1 1
3 6 761.0 879.2 1
2 8 354.1 735.5 1
6 1 422.4 609.7 1
6 10 728.4 1000.2 1
0 2 756.2 915.6 1
0 1 457.8 757.3 1
3 9 192.4 536.0 1
2 8 304.6 426.2 1
4 5 56.3 415.4 1
1 5 0.9 316.8 1
4 2 300.9 457.2 1
1 3 24.2 226.5 1
1 3 6.3 396.0 1
6 1 18.7 300.1 1
8 9 613.8 1073.1 1
7 6 647.7 1072.1 1
1 7 56.9 175.7 1
6 1 375.9 738.4 1
4 6 66.2 420.2 1
3 9 241.1 643.4 1
2 9 695.7 1237.2 1
6 9 271.8 825.3 1
2 4 426.3 563.2 1
9 6 611.1 786.9 1
1 6 203.2 539.9 1
3 2 412.1 927.3 1
4 1 748.8 1118.1 1
8 9 508.5 720.2 1
4 3 133.4 199.6 1
7 5 573.5 836.7 1
3 5 550.8 781.0 1
6 7 691.0 855.3 1
9 5 696.8 1126.9 1
6 5 403.7 540.2 1
3 8 734.1 1110.6 1
4 9 459.3 513.3 1
4 10 163.7 487.3 1
6 8 318.3 890.5 1
3 1 684.5 1065.3 1
EOF
