NUM_STATIONS: 10
NUM_REQUESTS: 20
NUM_VEHICLES: 1
VEHICLE_CAPACITY: 1
DISTANCES
0 1 5.2
1 2 3.6
2 3 9.0
3 4 5.2
4 5 4.6
5 6 6.8
6 7 9.5
7 8 9.5
8 9 7.9
9 0 8.3
REQUEST_SECTION
3 5 667.7 1012.1 1
5 3 874.9 1316.5 1
0 4 1201.1 1715.8 1
0 7 1147.0 1791.6 1
0 5 494.9 600.5 1
3 5 1299.4 1652.0 1
2 7 62.9 281.4 1
4 5 246.2 464.9 1
7 10 1145.9 1796.9 1
4 5 1081.9 1172.5 1
9 5 689.6 1138.7 1
5 8 283.6 960.3 1
0 8 321.3 859.6 1
4 5 638.2 890.6 1
1 9 527.4 1238.8 1
7 8 950.8 1390.0 1
1 3 260.6 565.2 1
1 8 1210.6 1841.4 1
6 3 628.6 1036.9 1
6 7 1332.7 1996.8 1
EOF
