NUM_STATIONS: 10
NUM_REQUESTS: 160
NUM_VEHICLES: 1
VEHICLE_CAPACITY: 1
DISTANCES
0 1 7.9
1 2 8.7
2 3 5.6
3 4 8.4
4 5 6.3
5 6 1.2
6 7 4.8
7 8 8.8
8 9 1.4
9 0 2.6
REQUEST_SECTION
0 1 3198.2 6300.5 1
7 1 6394.0 12181.9 1
6 4 3726.1 3962.8 1
1 3 1111.2 2250.4 1
3 4 2179.3 4630.2 1
6 5 5345.7 9618.9 1
7 4 2327.0 7264.2 1
2 1 1347.6 2607.6 1
6 2 3439.8 9397.0 1
1 2 5128.9 11026.5 1
1 6 5110.4 5286.3 1
5 4 5089.1 6478.2 1
4 2 945.7 4662.8 1
8 6 5554.1 5905.1 1
6 7 7104.4 7926.1 1
7 1 538.2 1577.2 1
6 5 6711.8 12941.0 1
0 8 1715.4 3861.5 1
9 7 7683.6 13798.4 1
7 3 8319.8 9476.1 1
5 6 5843.3 10981.9 1
1 10 7287.0 12172.7 1
9 4 6283.8 8902.5 1
0 1 7270.1 11208.6 1
3 5 1842.8 6866.0 1
8 7 7613.2 14184.2 1
3 8 8149.7 12932.8 1
0 1 3982.6 7440.6 1
7 2 625.2 6493.7 1
4 6 3067.1 8724.5 1
1 9 4448.4 10523.8 1
1 7 5399.3 5922.1 1
7 10 4564.0 7656.3 1
4 6 30.2 1320.9 1
7 5 6990.9 8146.1 1
8 1 1434.1 3093.7 1
2 8 7648.8 12773.7 1
3 10 2986.6 7392.7 1
7 8 3830.3 9372.6 1
7 10 2200.8 4413.8 1
3 7 675.3 2347.7 1
9 10 7733.2 13937.9 1
5 2 5125.3 11037.7 1
7 1 5033.1 5405.1 1
1 10 4294.1 7321.5 1
9 10 4617.4 8913.6 1
3 4 968.0 2463.0 1
9 10 7196.6 9199.2 1
5 6 5106.6 8424.9 1
1 4 721.5 7000.3 1
1 3 562.4 3408.8 1
8 2 1882.8 4794.8 1
2 7 8773.8 10205.9 1
8 1 7499.7 11563.7 1
3 6 1193.6 2562.4 1
6 7 2065.6 4105.7 1
4 9 5085.3 11138.9 1
3 5 2782.8 8654.5 1
5 6 2891.3 6078.1 1
9 5 3063.3 8517.1 1
4 10 5467.9 10235.8 1
0 4 882.3 6423.7 1
9 10 6373.6 6710.9 1
1 7 8622.8 9714.6 1
8 6 1368.0 5573.4 1
2 8 7910.3 10735.6 1
5 1 3192.0 9510.6 1
9 1 4627.2 9177.0 1
8 4 3987.5 4800.9 1
6 4 4956.9 6075.0 1
3 5 2650.8 4856.7 1
7 1 5238.8 7302.2 1
0 7 4897.3 7511.9 1
5 9 3708.1 6382.3 1
1 9 6351.6 6968.9 1
4 1 2088.2 6741.3 1
9 3 170.3 1820.5 1
8 5 5106.8 6430.3 1
6 10 1678.4 1866.8 1
7 1 3733.4 9883.6 1
3 10 6714.2 10811.1 1
6 8 3707.0 9814.0 1
5 8 977.6 5381.5 1
9 8 4907.1 10488.7 1
7 4 8398.1 12779.0 1
0 4 2056.1 4286.4 1
2 9 1613.7 6103.5 1
0 7 1457.5 1757.1 1
0 4 1358.7 4952.4 1
1 6 8361.1 11478.5 1
0 6 629.3 7232.1 1
0 5 6403.0 9755.0 1
7 1 4762.7 10100.2 1
1 3 8525.7 14875.1 1
3 8 1606.9 4628.7 1
7 2 4693.6 9545.2 1
6 2 1358.5 3738.6 1
8 9 1704.3 2288.9 1
0 3 4813.5 5822.4 1
2 7 7156.1 11546.0 1
6 1 3959.2 4876.9 1
8 9 1314.7 4721.0 1
6 4 7373.5 9732.0 1
0 4 7483.9 8308.5 1
7 3 7139.0 9353.6 1
6 4 1499.1 4549.4 1
3 8 4558.1 5055.8 1
9 7 2749.6 9055.1 1
3 1 2452.2 4245.0 1
2 8 7109.8 11719.5 1
3 2 1103.3 2929.4 1
1 10 6116.2 10417.7 1
8 5 3681.4 9856.0 1
1 8 2400.8 2582.0 1
1 10 5812.6 10240.4 1
8 10 7171.3 12587.8 1
6 8 1878.1 2189.7 1
3 6 1072.8 4440.7 1
8 9 526.2 1550.8 1
2 7 4697.1 5098.5 1
0 7 1754.6 7873.6 1
6 2 8276.8 9314.4 1
3 1 8276.0 14439.7 1
5 8 4894.9 9164.4 1
4 6 5700.5 10469.5 1
5 3 1566.6 4437.5 1
6 1 2076.2 2740.4 1
2 9 2892.7 7185.6 1
1 10 7826.5 11410.7 1
0 5 2115.9 3592.7 1
1 5 2052.8 2650.1 1
7 6 1028.2 6818.3 1
1 6 6953.9 7076.2 1
5 10 4405.2 7958.4 1
4 10 4294.1 7695.8 1
7 8 1501.0 3353.7 1
5 7 2890.2 6823.6 1
5 8 5093.5 10141.0 1
3 8 8886.2 13930.7 1
6 8 138.8 884.0 1
7 1 2729.7 5048.4 1
9 6 6255.3 10184.6 1
1 10 4484.3 5785.6 1
1 5 8024.0 12015.8 1
1 9 1528.2 5346.5 1
4 6 1905.1 5673.0 1
7 6 7492.6 14080.4 1
6 9 2911.7 4923.9 1
7 2 8663.4 14303.7 1
5 7 1293.7 2723.9 1
7 10 4287.3 7706.1 1
3 8 6578.2 7265.5 1
1 3 3991.9 9381.0 1
2 8 8745.8 14450.8 1
4 2 1541.0 4572.7 1
5 8 2805.4 8099.6 1
4 2 2100.4 5698.5 1
4 2 4609.8 11221.2 1
9 8 6336.1 9539.1 1
0 9 8043.3 9979.8 1
EOF
