NUM_STATIONS: 10
NUM_REQUESTS: 160
NUM_VEHICLES: 3
VEHICLE_CAPACITY: 1
DISTANCES
0 1 7.9
1 2 8.7
2 3 5.6
3 4 8.4
4 5 6.3
5 6 1.2
6 7 4.8
7 8 8.8
8 9 1.4
9 0 2.6
REQUEST_SECTION
0 1 274.7 1085.4 1
7 1 1771.9 2476.1 1
6 4 2780.9 4895.2 1
1 3 1088.6 2926.2 1
3 4 2307.6 4225.8 1
6 5 2163.4 2709.1 1
7 4 1790.2 2482.7 1
2 1 76.9 327.0 1
6 2 1788.9 3690.8 1
1 2 2191.3 2350.0 1
1 6 329.3 710.9 1
5 4 726.4 1138.9 1
4 2 2410.0 2641.0 1
8 6 2596.6 3580.3 1
6 7 1004.0 2007.2 1
7 1 1812.2 2339.8 1
6 5 2827.6 4122.9 1
0 8 1154.9 1423.8 1
9 7 1275.2 2136.3 1
7 3 1122.7 2418.7 1
5 6 2478.9 3798.5 1
1 10 441.8 783.5 1
9 4 946.5 3129.0 1
0 1 440.2 1838.3 1
3 5 1826.3 3014.1 1
8 7 1112.7 2555.9 1
3 8 1107.0 1229.2 1
0 1 1977.1 3030.9 1
7 2 0.3 601.4 1
4 6 1495.1 1909.3 1
1 9 475.6 2609.5 1
1 7 2211.2 2502.4 1
7 10 1730.3 2045.9 1
4 6 527.0 2444.3 1
7 5 1030.3 2960.2 1
8 1 952.6 1787.6 1
2 8 871.4 2186.2 1
3 10 1064.2 3141.6 1
7 8 2123.2 3761.5 1
7 10 1865.6 2339.6 1
3 7 2936.9 3855.7 1
9 10 1673.5 1935.8 1
5 2 909.7 2831.5 1
7 1 1475.6 3669.5 1
1 10 454.1 1882.4 1
9 10 684.5 1794.5 1
3 4 2065.3 2240.3 1
9 10 2321.9 2507.7 1
5 6 2181.2 2286.5 1
1 4 611.6 732.5 1
1 3 1126.7 2386.4 1
8 2 2706.5 3387.9 1
2 7 292.1 894.8 1
8 1 1061.9 2906.4 1
3 6 895.3 1553.2 1
6 7 1675.3 3506.9 1
4 9 336.3 1609.7 1
3 5 928.8 2499.3 1
5 6 1464.9 1686.6 1
9 5 1396.6 3122.8 1
4 10 1052.7 1523.9 1
0 4 957.6 2801.9 1
9 10 2509.0 3307.9 1
1 7 998.5 2115.9 1
8 6 1299.4 2316.9 1
2 8 739.1 2140.7 1
5 1 2967.2 3677.0 1
9 1 2661.6 3514.7 1
8 4 1412.2 1871.7 1
6 4 2017.6 3115.0 1
3 5 1103.3 1176.5 1
7 1 255.7 956.3 1
0 7 1962.2 2512.6 1
5 9 484.2 567.7 1
1 9 878.3 2948.5 1
4 1 1035.6 2828.6 1
9 3 2885.3 3179.4 1
8 5 1714.6 1781.1 1
6 10 864.2 3090.2 1
7 1 160.1 1714.2 1
3 10 11.3 1536.2 1
6 8 1818.5 3860.9 1
5 8 1360.4 2733.6 1
9 8 159.8 1318.9 1
7 4 2766.9 3047.2 1
0 4 1148.9 3344.9 1
2 9 2965.3 5144.3 1
0 7 1058.5 2074.8 1
0 4 1729.8 3583.8 1
1 6 552.1 890.1 1
0 6 2548.8 2925.6 1
0 5 2752.6 4851.5 1
7 1 1933.2 3514.3 1
1 3 962.3 1780.5 1
3 8 1481.8 3391.9 1
7 2 1818.5 3802.6 1
6 2 79.4 527.5 1
8 9 394.2 1854.4 1
0 3 2352.1 3700.6 1
2 7 579.5 1779.1 1
6 1 755.4 2793.3 1
8 9 223.7 1943.1 1
6 4 106.3 1923.5 1
0 4 1684.3 3732.6 1
7 3 333.1 2283.6 1
6 4 2924.1 4013.5 1
3 8 310.3 967.5 1
9 7 85.3 2224.9 1
3 1 957.0 1863.9 1
2 8 1258.3 2389.4 1
3 2 2119.4 3116.0 1
1 10 2135.1 2592.9 1
8 5 1129.7 2543.9 1
1 8 532.8 2739.5 1
1 10 2422.9 2619.2 1
8 10 476.6 842.2 1
6 8 1527.8 2894.4 1
3 6 2589.1 4198.7 1
8 9 359.7 2338.8 1
2 7 2798.3 3426.2 1
0 7 2274.3 2457.2 1
6 2 2054.8 4053.7 1
3 1 2205.2 3180.3 1
5 8 1523.3 2724.8 1
4 6 581.2 2462.1 1
5 3 795.3 1966.3 1
6 1 2855.8 4949.5 1
2 9 335.5 1838.4 1
1 10 652.7 2364.3 1
0 5 1936.0 2988.5 1
1 5 374.8 1543.9 1
7 6 2443.4 2511.4 1
1 6 183.4 1118.7 1
5 10 1283.6 1540.0 1
4 10 1993.7 2425.7 1
7 8 2186.8 2250.9 1
5 7 1003.9 1704.5 1
5 8 2893.1 4297.1 1
3 8 767.1 1623.4 1
6 8 789.7 1381.0 1
7 1 2266.6 4040.6 1
9 6 2316.4 4326.0 1
1 10 148.5 505.2 1
1 5 1682.2 2205.3 1
1 9 2918.3 4124.0 1
4 6 2912.6 3043.6 1
7 6 303.6 370.2 1
6 9 249.9 1758.9 1
7 2 1572.1 3104.8 1
5 7 2811.5 4224.3 1
7 10 2626.3 3490.0 1
3 8 701.1 1929.2 1
1 3 2695.4 4009.6 1
2 8 79.4 855.9 1
4 2 2738.3 4027.9 1
5 8 616.6 2023.0 1
4 2 2365.8 2800.1 1
4 2 1228.4 2394.3 1
9 8 1691.5 3010.7 1
0 9 2615.0 4243.2 1
EOF
