NUM_STATIONS: 10
NUM_REQUESTS: 20
NUM_VEHICLES: 3
VEHICLE_CAPACITY: 1
DISTANCES
0 1 5.2
1 2 3.6
2 3 9.0
3 4 5.2
4 5 4.6
5 6 6.8
6 7 9.5
7 8 9.5
8 9 7.9
9 0 8.3
REQUEST_SECTION
3 5 132.8 507.5 1
5 3 230.6 600.4 1
0 4 338.7 708.7 1
0 7 336.8 583.6 1
0 5 100.1 287.0 1
3 5 260.8 396.3 1
2 7 93.2 179.7 1
4 5 181.1 449.8 1
7 10 272.7 430.9 1
4 5 142.9 239.4 1
9 5 225.2 573.7 1
5 8 185.1 570.1 1
0 8 51.5 343.9 1
4 5 24.7 401.9 1
1 9 52.5 352.8 1
7 8 137.5 302.1 1
1 3 96.0 263.9 1
1 8 329.2 473.5 1
6 3 70.2 366.1 1
6 7 71.4 473.2 1
EOF
