NUM_STATIONS: 10
NUM_REQUESTS: 20
NUM_VEHICLES: 1
VEHICLE_CAPACITY: 2
DISTANCES
0 1 10.0
1 2 3.1
2 3 7.4
3 4 2.1
4 5 5.5
5 6 6.0
6 7 3.5
7 8 7.1
8 9 7.6
9 0 5.4
REQUEST_SECTION
4 9 483.3 783.0 1
8 3 52.3 345.1 1
4 3 545.1 870.3 1
5 2 329.9 453.3 1
7 5 504.6 680.5 1
3 6 536.4 840.5 1
9 4 318.1 604.7 1
5 4 182.2 450.9 1
7 6 490.2 825.7 1
5 4 35.3 212.7 1
6 8 569.7 660.1 1
3 1 292.9 519.6 1
3 10 180.8 392.0 1
8 9 177.0 313.4 1
8 3 149.9 456.3 1
3 2 127.2 358.8 1
0 3 422.5 493.1 1
1 3 540.7 730.9 1
7 5 424.4 648.4 1
8 7 544.1 886.3 1
EOF
