NUM_STATIONS: 10
NUM_REQUESTS: 20
NUM_VEHICLES: 3
VEHICLE_CAPACITY: 2
DISTANCES
0 1 10.0
1 2 3.1
2 3 7.4
3 4 2.1
4 5 5.5
5 6 6.0
6 7 3.5
7 8 7.1
8 9 7.6
9 0 5.4
REQUEST_SECTION
4 9 6.6 165.2 1
8 3 105.7 180.6 1
4 3 117.5 220.2 1
5 2 163.3 268.6 1
7 5 15.6 119.4 1
3 6 71.9 225.2 1
9 4 132.4 292.0 1
5 4 110.7 178.0 1
7 6 35.1 220.1 1
5 4 132.8 323.1 1
6 8 132.3 228.4 1
3 1 120.0 249.6 1
3 10 164.4 352.8 1
8 9 141.0 311.1 1
8 3 27.6 196.4 1
3 2 102.5 220.1 1
0 3 93.4 282.3 1
1 3 168.8 275.8 1
7 5 18.4 90.8 1
8 7 119.9 306.3 1
EOF
