NUM_STATIONS: 10
NUM_REQUESTS: 160
NUM_VEHICLES: 3
VEHICLE_CAPACITY: 4
DISTANCES
0 1 7.9
1 2 8.7
2 3 5.6
3 4 8.4
4 5 6.3
5 6 1.2
6 7 4.8
7 8 8.8
8 9 1.4
9 0 2.6
REQUEST_SECTION
0 1 14.2 525.0 1
7 1 306.2 703.0 1
6 4 221.5 475.5 1
1 3 187.0 765.1 1
3 4 386.5 823.6 1
6 5 334.2 777.0 1
7 4 487.9 803.4 1
2 1 113.0 305.8 1
6 2 293.0 598.9 1
1 2 511.0 970.9 1
1 6 215.9 532.3 1
5 4 302.6 534.3 1
4 2 366.3 529.1 1
8 6 441.7 622.5 1
6 7 104.5 242.5 1
7 1 192.8 324.3 1
6 5 138.7 220.3 1
0 8 551.0 843.6 1
9 7 10.3 597.5 1
7 3 132.1 695.4 1
5 6 246.2 482.9 1
1 10 196.1 493.1 1
9 4 350.7 651.5 1
0 1 86.6 159.9 1
3 5 246.1 454.7 1
8 7 306.7 369.0 1
3 8 234.5 473.6 1
0 1 85.1 516.4 1
7 2 403.6 713.2 1
4 6 523.1 1132.1 1
1 9 119.8 290.9 1
1 7 178.4 246.3 1
7 10 205.4 676.5 1
4 6 303.8 532.9 1
7 5 83.0 605.4 1
8 1 467.5 586.5 1
2 8 285.7 880.5 1
3 10 103.2 529.1 1
7 8 387.4 501.0 1
7 10 87.1 318.3 1
3 7 522.0 658.3 1
9 10 390.0 891.0 1
5 2 448.9 825.8 1
7 1 159.0 447.7 1
1 10 429.0 695.6 1
9 10 177.7 467.7 1
3 4 101.1 547.9 1
9 10 129.3 387.0 1
5 6 179.0 431.9 1
1 4 83.2 544.2 1
1 3 371.9 774.1 1
8 2 303.6 684.9 1
2 7 21.5 337.0 1
8 1 439.3 814.0 1
3 6 430.0 827.2 1
6 7 552.8 1158.2 1
4 9 328.2 705.7 1
3 5 34.5 228.1 1
5 6 172.8 314.0 1
9 5 200.9 557.3 1
4 10 37.2 312.0 1
0 4 494.6 1048.4 1
9 10 97.9 496.3 1
1 7 213.6 549.1 1
8 6 181.1 497.1 1
2 8 146.9 501.9 1
5 1 129.9 508.2 1
9 1 439.9 645.4 1
8 4 241.1 759.9 1
6 4 212.5 684.6 1
3 5 188.8 677.6 1
7 1 267.5 793.3 1
0 7 143.0 336.3 1
5 9 481.5 1052.0 1
1 9 270.1 693.5 1
4 1 461.7 1039.9 1
9 3 94.2 198.5 1
8 5 72.6 243.5 1
6 10 38.0 419.8 1
7 1 60.0 500.4 1
3 10 489.8 1012.4 1
6 8 491.0 552.7 1
5 8 159.8 570.2 1
9 8 21.7 88.0 1
7 4 217.0 399.9 1
0 4 398.6 557.6 1
2 9 366.2 457.9 1
0 7 261.4 645.9 1
0 4 44.4 648.1 1
1 6 482.4 984.5 1
0 6 368.0 620.0 1
0 5 95.4 383.6 1
7 1 508.2 678.3 1
1 3 35.5 402.4 1
3 8 284.5 845.9 1
7 2 428.7 531.4 1
6 2 425.6 690.0 1
8 9 293.6 808.3 1
0 3 28.0 295.0 1
2 7 440.5 826.6 1
6 1 493.1 1094.9 1
8 9 40.6 257.5 1
6 4 428.7 817.4 1
0 4 467.9 988.8 1
7 3 267.1 753.8 1
6 4 199.0 398.4 1
3 8 529.3 664.5 1
9 7 502.2 942.0 1
3 1 229.5 646.3 1
2 8 131.6 496.2 1
3 2 521.4 874.5 1
1 10 425.8 897.4 1
8 5 23.0 157.5 1
1 8 143.0 231.4 1
1 10 293.6 375.4 1
8 10 319.1 739.8 1
6 8 98.2 468.9 1
3 6 149.2 688.4 1
8 9 277.9 420.6 1
2 7 280.3 388.4 1
0 7 87.9 567.2 1
6 2 88.9 189.4 1
3 1 137.7 527.5 1
5 8 313.8 576.3 1
4 6 37.1 356.0 1
5 3 405.1 575.9 1
6 1 310.9 406.2 1
2 9 289.2 704.8 1
1 10 30.3 286.4 1
0 5 366.4 535.6 1
1 5 279.1 633.9 1
7 6 526.8 1014.7 1
1 6 446.6 847.4 1
5 10 359.2 490.6 1
4 10 250.6 404.4 1
7 8 223.8 719.6 1
5 7 55.1 245.7 1
5 8 348.8 660.6 1
3 8 126.4 710.4 1
6 8 407.9 1013.6 1
7 1 309.2 861.5 1
9 6 81.8 657.6 1
1 10 207.4 699.8 1
1 5 274.3 696.5 1
1 9 238.0 520.3 1
4 6 472.5 614.1 1
7 6 299.8 579.3 1
6 9 278.4 574.6 1
7 2 323.4 899.0 1
5 7 44.6 498.8 1
7 10 5.0 478.0 1
3 8 283.8 479.2 1
1 3 316.2 747.9 1
2 8 356.8 966.2 1
4 2 192.6 286.9 1
5 8 8.2 602.4 1
4 2 466.4 674.9 1
4 2 355.1 722.5 1
9 8 86.6 472.1 1
0 9 96.6 466.3 1
EOF
