NUM_STATIONS: 10
NUM_REQUESTS: 80
NUM_VEHICLES: 1
VEHICLE_CAPACITY: 2
DISTANCES
0 1 9.9
1 2 5.8
2 3 2.8
3 4 4.2
4 5 8.2
5 6 9.6
6 7 7.3
7 8 4.0
8 9 8.9
9 0 4.1
REQUEST_SECTION
8 2 2467.0 3167.6 1
3 8 1778.4 3211.3 1
0 4 515.5 745.9 1
4 8 1892.6 2144.6 1
7 10 2545.2 3055.8 1
4 1 1833.2 2544.8 1
1 9 1539.3 3478.7 1
3 6 496.0 1769.8 1
5 9 250.9 1349.5 1
9 5 1748.9 2427.4 1
1 7 1233.2 1993.1 1
7 3 719.4 1500.2 1
9 7 1017.1 1832.4 1
1 6 2204.9 3631.3 1
5 3 535.7 1914.2 1
0 4 799.5 2359.3 1
7 1 1016.7 2565.7 1
0 4 1749.6 2040.6 1
2 9 43.4 1742.6 1
0 6 1740.3 2156.5 1
0 9 1181.5 1752.9 1
4 10 829.5 1154.8 1
2 5 2497.6 3388.8 1
1 10 1109.4 1290.0 1
7 10 755.7 1899.3 1
2 10 947.4 1447.9 1
3 8 4.0 862.2 1
5 8 154.6 1648.8 1
6 8 1570.0 2520.8 1
6 5 1545.5 2315.2 1
5 10 557.7 1686.9 1
2 8 849.8 2509.1 1
8 9 2245.2 3491.6 1
2 7 2411.9 2963.6 1
4 6 320.5 1136.6 1
5 8 667.5 1221.5 1
9 8 516.6 2138.2 1
3 1 1213.1 1597.4 1
3 4 400.5 2188.6 1
2 6 668.4 2588.5 1
4 9 1080.8 2920.9 1
7 5 1747.1 2642.7 1
6 4 568.8 1938.8 1
7 3 924.4 1199.0 1
5 10 379.7 1372.4 1
3 8 1732.0 2777.8 1
9 6 1096.7 2948.9 1
5 1 1461.5 1686.9 1
8 4 293.6 2062.4 1
0 5 1707.9 3192.6 1
5 10 2319.5 4046.3 1
7 5 930.8 2853.1 1
6 10 1371.0 1724.8 1
6 1 1271.6 2602.3 1
2 6 1925.5 3712.1 1
4 5 800.6 2169.5 1
7 3 1579.7 2511.1 1
0 4 832.0 899.3 1
0 9 367.4 1114.3 1
4 10 2077.7 3775.4 1
2 1 580.7 802.9 1
1 10 1092.5 1748.9 1
0 7 1399.5 3231.0 1
0 4 2353.4 2680.2 1
2 6 1727.5 2252.0 1
6 8 260.1 487.7 1
7 9 2546.4 3632.3 1
0 1 970.2 1692.7 1
3 6 1397.8 1983.9 1
5 1 1972.7 3447.4 1
1 8 1487.8 1785.1 1
7 5 1915.2 3906.8 1
3 2 2037.3 3374.8 1
2 5 164.2 2047.9 1
4 2 169.5 1811.9 1
7 10 1445.6 2832.2 1
3 7 2140.8 3289.1 1
4 6 635.2 2353.8 1
1 2 1443.9 3048.1 1
1 8 2026.5 3952.4 1
EOF
