NUM_STATIONS: 10
NUM_REQUESTS: 20
NUM_VEHICLES: 3
VEHICLE_CAPACITY: 8
DISTANCES
0 1 10.0
1 2 3.1
2 3 7.4
3 4 2.1
4 5 5.5
5 6 6.0
6 7 3.5
7 8 7.1
8 9 7.6
9 0 5.4
REQUEST_SECTION
4 9 26.3 101.9 1
8 3 39.4 111.0 1
4 3 22.6 86.6 1
5 2 38.0 110.7 1
7 5 31.7 104.4 1
3 6 30.9 93.1 1
9 4 36.1 109.5 1
5 4 41.8 104.2 1
7 6 5.1 98.6 1
5 4 6.2 67.0 1
6 8 17.2 107.2 1
3 1 20.4 88.6 1
3 10 10.4 92.7 1
8 9 28.9 96.7 1
8 3 15.6 80.8 1
3 2 11.8 80.6 1
0 3 20.0 87.7 1
1 3 21.6 84.0 1
7 5 28.6 119.9 1
8 7 25.5 119.4 1
EOF
