NUM_STATIONS: 10
NUM_REQUESTS: 20
NUM_VEHICLES: 3
VEHICLE_CAPACITY: 1
DISTANCES
0 1 8.3
1 2 2.5
2 3 8.9
3 4 6.4
4 5 8.5
5 6 5.9
6 7 7.6
7 8 9.1
8 9 7.1
9 0 6.5
REQUEST_SECTION
4 1 128.7 248.6 1
9 3 433.3 629.2 1
9 10 38.3 326.1 1
7 2 227.4 394.2 1
9 1 355.7 659.4 1
4 2 17.3 187.0 1
1 10 400.0 668.1 1
1 5 246.6 457.3 1
5 7 114.7 293.9 1
6 7 264.4 516.7 1
2 1 384.6 579.1 1
0 3 355.7 617.9 1
8 5 211.9 392.7 1
0 6 19.7 251.6 1
3 2 196.3 378.1 1
1 2 171.3 375.9 1
0 9 309.0 558.8 1
2 5 205.8 434.3 1
2 1 465.0 554.0 1
9 8 430.6 704.8 1
EOF
