NUM_STATIONS: 10
NUM_REQUESTS: 20
NUM_VEHICLES: 3
VEHICLE_CAPACITY: 8
DISTANCES
0 1 6.6
1 2 8.7
2 3 5.9
3 4 9.0
4 5 3.2
5 6 7.2
6 7 4.7
7 8 8.2
8 9 3.5
9 0 6.8
REQUEST_SECTION
3 5 16.5 92.9 1
1 7 34.4 113.0 1
4 5 7.9 102.1 1
0 6 5.5 97.1 1
1 7 31.3 105.7 1
6 7 39.4 126.3 1
0 8 10.8 80.0 1
1 4 8.1 72.8 1
0 5 39.7 135.9 1
6 1 24.1 112.8 1
0 8 20.8 85.5 1
8 2 9.0 76.9 1
8 2 27.2 123.0 1
4 1 35.8 128.7 1
4 7 37.3 122.1 1
5 10 28.3 93.0 1
7 3 32.8 123.7 1
6 2 16.0 108.2 1
0 8 32.7 113.2 1
5 8 9.5 83.2 1
EOF
