NUM_STATIONS: 10
NUM_REQUESTS: 40
NUM_VEHICLES: 3
VEHICLE_CAPACITY: 8
DISTANCES
0 1 4.3
1 2 4.7
2 3 7.7
3 4 5.3
4 5 3.2
5 6 1.5
6 7 9.1
7 8 3.7
8 9 3.4
9 0 3.5
REQUEST_SECTION
2 7 45.5 108.6 1
8 10 55.0 140.1 1
4 9 36.7 87.8 1
1 7 42.4 105.1 1
9 5 3.1 78.4 1
8 6 15.9 72.5 1
2 6 52.7 126.2 1
6 5 57.7 104.8 1
4 9 55.8 115.5 1
6 9 17.1 81.8 1
1 5 22.1 75.1 1
3 8 13.6 72.9 1
9 10 52.5 133.6 1
4 5 22.6 79.0 1
5 6 50.9 135.6 1
3 9 18.9 68.0 1
5 7 44.6 119.5 1
0 5 34.6 96.3 1
5 10 21.1 79.1 1
0 2 37.8 105.1 1
0 4 15.0 94.6 1
1 7 34.5 114.6 1
0 3 48.6 106.3 1
9 3 8.9 74.5 1
3 6 20.9 88.4 1
9 7 47.6 114.0 1
4 7 20.5 70.6 1
2 5 29.5 99.9 1
2 5 53.4 124.0 1
0 4 40.7 99.4 1
0 9 9.4 70.9 1
7 1 24.9 94.6 1
7 2 20.2 80.1 1
1 9 1.7 59.7 1
2 7 57.2 125.2 1
9 8 4.9 85.8 1
7 6 26.7 107.4 1
4 2 25.2 75.1 1
1 6 23.4 90.6 1
4 1 38.5 85.1 1
EOF
