NUM_STATIONS: 10
NUM_REQUESTS: 80
NUM_VEHICLES: 2
VEHICLE_CAPACITY: 8
DISTANCES
0 1 8.0
1 2 8.3
2 3 3.5
3 4 6.0
4 5 1.1
5 6 2.5
6 7 5.2
7 8 7.5
8 9 5.8
9 0 8.4
REQUEST_SECTION
9 3 198.9 261.2 1
9 7 121.5 256.9 1
9 1 15.0 208.7 1
2 6 200.3 331.4 1
5 4 23.3 132.5 1
6 5 23.1 108.8 1
3 2 177.2 258.2 1
6 2 201.2 308.4 1
0 9 23.5 198.0 1
3 8 104.1 190.0 1
1 2 203.3 355.2 1
9 2 11.9 137.5 1
4 3 113.5 265.2 1
3 8 197.5 269.9 1
8 3 56.0 196.7 1
8 5 36.5 152.3 1
8 5 36.4 188.3 1
0 3 134.1 278.2 1
7 10 156.8 305.8 1
2 10 2.6 113.2 1
7 9 49.4 170.8 1
6 5 196.2 274.4 1
4 8 181.8 278.5 1
6 10 167.2 254.5 1
3 4 155.1 265.8 1
9 5 117.8 179.5 1
7 6 208.5 312.9 1
9 7 13.0 193.7 1
5 9 204.6 272.8 1
5 7 13.3 115.1 1
6 1 197.7 318.9 1
7 4 141.8 278.5 1
2 8 27.2 171.4 1
9 1 64.4 153.1 1
4 1 137.1 197.2 1
5 6 177.8 301.5 1
0 9 8.8 106.8 1
8 2 22.9 108.9 1
6 3 209.5 375.1 1
6 9 80.3 161.3 1
9 7 6.9 65.8 1
2 8 6.7 153.2 1
6 8 144.3 201.6 1
5 2 1.6 144.0 1
4 6 192.8 302.3 1
4 9 55.0 130.9 1
4 9 72.5 191.1 1
9 8 172.7 334.0 1
6 4 19.7 115.8 1
8 6 132.8 260.1 1
4 3 141.8 295.6 1
9 10 181.0 349.5 1
8 7 174.0 266.5 1
7 1 161.0 257.3 1
1 3 157.3 263.5 1
6 3 176.5 250.7 1
8 3 117.0 221.6 1
4 6 73.5 266.3 1
6 9 94.4 254.5 1
9 4 201.8 362.8 1
7 8 89.8 236.1 1
6 3 112.0 281.3 1
7 5 3.2 89.0 1
9 3 183.5 299.7 1
1 9 185.7 307.2 1
8 1 90.5 178.6 1
9 8 152.2 232.1 1
9 7 160.7 285.0 1
6 7 84.6 159.2 1
5 9 165.2 355.0 1
1 5 140.2 286.6 1
8 6 117.2 192.1 1
2 1 79.9 188.3 1
1 7 152.2 297.3 1
4 6 148.9 275.9 1
0 3 52.4 178.7 1
1 10 19.6 126.4 1
7 8 138.8 224.5 1
9 6 108.3 211.3 1
3 10 76.8 167.7 1
EOF
