NUM_STATIONS: 10
NUM_REQUESTS: 80
NUM_VEHICLES: 3
VEHICLE_CAPACITY: 8
DISTANCES
0 1 5.3
1 2 5.1
2 3 4.1
3 4 5.8
4 5 8.8
5 6 4.0
6 7 7.4
7 8 2.6
8 9 6.4
9 0 5.7
REQUEST_SECTION
7 4 10.4 177.7 1
7 1 54.8 188.5 1
9 2 15.5 148.7 1
2 9 92.8 236.7 1
6 10 93.6 166.7 1
0 9 169.2 251.8 1
6 8 14.3 179.6 1
2 3 105.7 284.5 1
4 7 8.6 140.0 1
1 4 141.5 282.4 1
5 9 165.4 226.7 1
7 1 134.4 279.0 1
5 3 82.1 197.3 1
4 10 132.1 248.1 1
0 1 13.7 171.3 1
8 9 116.9 302.4 1
8 2 85.4 255.0 1
8 4 121.0 290.7 1
1 5 97.7 252.4 1
5 3 170.0 299.6 1
8 2 158.8 267.5 1
3 6 149.6 285.8 1
5 4 86.3 230.9 1
7 9 153.8 209.3 1
3 5 14.6 121.4 1
7 8 126.4 223.4 1
0 8 150.1 289.6 1
9 2 85.8 272.8 1
1 6 91.3 259.0 1
4 7 114.6 261.8 1
0 7 61.9 231.4 1
5 7 118.1 235.9 1
4 7 68.2 229.6 1
1 6 0.1 178.6 1
0 9 63.0 185.3 1
8 9 79.6 196.8 1
2 5 65.0 219.8 1
1 10 8.3 101.1 1
3 2 10.0 159.0 1
9 6 50.5 163.4 1
7 8 121.0 189.6 1
6 8 51.0 221.9 1
6 3 103.3 229.6 1
0 6 133.1 202.0 1
1 6 155.0 335.6 1
0 7 105.8 186.5 1
6 3 79.5 176.3 1
3 2 154.5 258.1 1
8 10 41.2 170.4 1
6 3 159.4 266.2 1
9 8 169.7 347.1 1
1 6 34.4 109.9 1
3 2 165.8 304.4 1
2 5 82.0 137.3 1
6 1 154.1 226.1 1
9 4 84.4 233.4 1
7 9 80.3 137.5 1
1 2 167.3 272.3 1
8 4 182.8 297.1 1
3 7 136.0 276.0 1
1 8 21.5 88.0 1
3 5 135.4 294.7 1
6 4 59.4 186.8 1
5 9 70.1 185.1 1
4 3 161.5 328.5 1
1 8 85.0 266.3 1
0 9 108.0 196.0 1
9 5 92.1 276.4 1
2 9 155.2 250.2 1
6 2 93.5 224.6 1
9 1 135.8 256.6 1
9 3 22.0 194.9 1
5 2 86.9 169.5 1
8 10 113.7 173.0 1
3 7 162.1 259.0 1
7 5 166.8 301.6 1
0 5 64.3 184.8 1
6 1 170.1 249.4 1
7 1 160.8 236.1 1
3 9 104.9 164.6 1
EOF
