NUM_STATIONS: 10
NUM_REQUESTS: 80
NUM_VEHICLES: 2
VEHICLE_CAPACITY: 1
DISTANCES
0 1 8.0
1 2 8.3
2 3 3.5
3 4 6.0
4 5 1.1
5 6 2.5
6 7 5.2
7 8 7.5
8 9 5.8
9 0 8.4
REQUEST_SECTION
9 3 984.5 1925.7 1
9 7 1203.9 1821.9 1
9 1 1560.5 1830.9 1
2 6 2118.4 2192.6 1
5 4 334.3 568.6 1
6 5 2129.4 2780.3 1
3 2 627.1 728.9 1
6 2 1528.2 2253.3 1
0 9 134.1 680.5 1
3 8 582.8 1343.3 1
1 2 1020.5 1495.8 1
9 2 803.8 1789.1 1
4 3 1602.9 1673.5 1
3 8 511.9 1369.5 1
8 3 2086.1 2861.2 1
8 5 1958.4 2315.8 1
8 5 1606.8 1897.0 1
0 3 1055.4 1374.8 1
7 10 1021.3 1388.5 1
2 10 1760.4 2477.9 1
7 9 2210.9 2875.9 1
6 5 1376.9 2257.2 1
4 8 314.7 1278.5 1
6 10 88.7 632.4 1
3 4 228.7 1013.5 1
9 5 1271.4 1359.1 1
7 6 1944.8 2620.5 1
9 7 1807.5 2926.5 1
5 9 1846.1 2817.7 1
5 7 2055.5 2164.6 1
6 1 1859.8 3025.4 1
7 4 893.1 1935.1 1
2 8 1465.0 1671.5 1
9 1 976.3 1317.9 1
4 1 515.6 1371.7 1
5 6 903.1 1360.0 1
0 9 1398.1 1793.5 1
8 2 1679.3 2547.1 1
6 3 173.0 283.5 1
6 9 1919.7 2273.4 1
9 7 291.4 361.2 1
2 8 166.5 1147.2 1
6 8 223.3 580.4 1
5 2 1298.5 1617.9 1
4 6 2113.0 2173.8 1
4 9 335.0 1002.0 1
4 9 1810.0 2346.6 1
9 8 1460.0 1832.2 1
6 4 632.4 1494.4 1
8 6 498.1 1040.1 1
4 3 1463.6 2479.0 1
9 10 2185.9 2308.3 1
8 7 240.7 938.6 1
7 1 473.0 705.9 1
1 3 794.6 1110.0 1
6 3 2212.5 3101.0 1
8 3 993.9 2050.0 1
4 6 2187.7 3036.7 1
6 9 692.0 1127.4 1
9 4 1106.5 1737.6 1
7 8 1966.2 2496.2 1
6 3 1555.2 1822.3 1
7 5 310.7 792.3 1
9 3 1421.3 2280.9 1
1 9 379.2 1012.0 1
8 1 913.5 1303.8 1
9 8 848.3 1993.1 1
9 7 2120.9 2841.1 1
6 7 26.7 1075.5 1
5 9 1462.8 1924.2 1
1 5 588.7 1454.4 1
8 6 1300.2 2103.5 1
2 1 1951.6 2046.2 1
1 7 492.7 588.5 1
4 6 1496.0 2089.9 1
0 3 1441.0 2335.8 1
1 10 2165.5 2559.6 1
7 8 159.4 924.3 1
9 6 313.9 549.1 1
3 10 1426.6 2111.0 1
EOF
