NUM_STATIONS: 10
NUM_REQUESTS: 40
NUM_VEHICLES: 1
VEHICLE_CAPACITY: 2
DISTANCES
0 1 3.4
1 2 6.2
2 3 7.9
3 4 7.1
4 5 5.2
5 6 1.5
6 7 5.2
7 8 1.2
8 9 5.0
9 0 2.1
REQUEST_SECTION
3 7 118.0 260.8 1
4 5 523.6 955.2 1
4 5 391.7 701.3 1
2 9 608.4 1127.8 1
4 6 187.9 355.0 1
2 7 327.5 650.2 1
2 4 642.9 889.0 1
5 6 20.4 92.5 1
4 1 337.2 954.1 1
0 7 302.0 778.6 1
6 3 549.5 853.3 1
0 2 548.8 854.5 1
9 3 523.5 1023.9 1
7 6 70.5 743.6 1
7 5 125.3 496.1 1
3 7 57.6 341.1 1
4 2 101.9 148.8 1
0 9 38.4 481.7 1
2 3 548.7 827.7 1
2 9 353.9 422.2 1
0 4 541.9 1146.0 1
2 10 357.4 519.8 1
2 6 214.2 460.4 1
8 4 493.0 1176.8 1
3 7 179.6 439.4 1
0 1 645.4 1195.1 1
7 1 258.3 655.6 1
8 4 229.2 698.9 1
0 3 455.7 1071.4 1
9 7 460.9 1035.1 1
0 4 108.3 811.6 1
7 2 196.5 772.9 1
8 6 165.2 728.4 1
4 10 531.8 1007.7 1
9 6 492.1 1162.3 1
1 5 161.1 307.2 1
4 2 520.9 1063.9 1
3 5 43.2 554.8 1
9 7 496.4 613.0 1
5 7 40.7 674.7 1
EOF
