NUM_STATIONS: 10
NUM_REQUESTS: 80
NUM_VEHICLES: 2
VEHICLE_CAPACITY: 1
DISTANCES
0 1 5.3
1 2 5.1
2 3 4.1
3 4 5.8
4 5 8.8
5 6 4.0
6 7 7.4
7 8 2.6
8 9 6.4
9 0 5.7
REQUEST_SECTION
7 4 215.4 1065.6 1
7 1 1004.9 1402.9 1
9 2 958.3 1835.6 1
2 9 840.6 1335.1 1
6 10 1339.7 2484.4 1
0 9 1200.2 1974.3 1
6 8 159.3 973.3 1
2 3 1431.9 2355.0 1
4 7 323.3 768.1 1
1 4 907.4 981.2 1
5 9 1256.1 2044.7 1
7 1 520.3 1072.3 1
5 3 1239.8 1690.6 1
4 10 1026.9 1347.9 1
0 1 1060.0 1910.2 1
8 9 1582.4 2033.6 1
8 2 1163.9 2192.7 1
8 4 1005.1 1532.9 1
1 5 227.6 881.1 1
5 3 165.0 782.7 1
8 2 554.5 925.3 1
3 6 1421.7 1752.2 1
5 4 118.6 355.4 1
7 9 204.6 580.3 1
3 5 1454.0 2251.8 1
7 8 1002.4 1460.6 1
0 8 684.9 1624.4 1
9 2 1644.8 2760.6 1
1 6 112.5 496.1 1
4 7 1271.1 2407.8 1
0 7 1045.8 1994.0 1
5 7 648.1 1012.4 1
4 7 468.5 603.6 1
1 6 671.5 1301.8 1
0 9 1093.9 1988.6 1
8 9 754.4 1058.4 1
2 5 577.7 874.6 1
1 10 1284.5 1813.6 1
3 2 831.1 1610.7 1
9 6 290.1 1306.6 1
7 8 1550.9 1648.2 1
6 8 58.8 218.7 1
6 3 736.4 1074.0 1
0 6 635.2 1104.2 1
1 6 1003.9 1940.1 1
0 7 897.0 1945.6 1
6 3 1513.9 2156.8 1
3 2 654.0 799.8 1
8 10 756.0 1656.1 1
6 3 1343.5 1848.4 1
9 8 1569.7 1914.1 1
1 6 418.3 1323.7 1
3 2 693.4 1120.8 1
2 5 127.6 892.1 1
6 1 477.4 1327.3 1
9 4 1007.8 1084.4 1
7 9 272.3 675.7 1
1 2 784.1 1431.5 1
8 4 171.9 806.3 1
3 7 386.3 1193.2 1
1 8 1055.4 1447.0 1
3 5 1437.7 2007.8 1
6 4 567.5 1266.9 1
5 9 222.7 845.7 1
4 3 368.4 675.5 1
1 8 488.7 1575.0 1
0 9 1165.2 1422.9 1
9 5 528.5 1583.8 1
2 9 856.8 1983.9 1
6 2 26.0 492.0 1
9 1 387.2 653.5 1
9 3 283.6 1162.0 1
5 2 1251.7 1482.6 1
8 10 361.9 481.4 1
3 7 901.8 1388.6 1
7 5 746.9 1251.3 1
0 5 1384.0 1479.1 1
6 1 554.4 803.0 1
7 1 1111.0 2201.9 1
3 9 1539.2 2544.8 1
EOF
