NUM_STATIONS: 10
NUM_REQUESTS: 20
NUM_VEHICLES: 3
VEHICLE_CAPACITY: 2
DISTANCES
0 1 8.3
1 2 2.5
2 3 8.9
3 4 6.4
4 5 8.5
5 6 5.9
6 7 7.6
7 8 9.1
8 9 7.1
9 0 6.5
REQUEST_SECTION
4 1 100.2 212.1 1
9 3 23.7 271.3 1
9 10 67.7 268.1 1
7 2 65.1 198.6 1
9 1 64.7 308.1 1
4 2 8.2 103.2 1
1 10 79.1 294.5 1
1 5 27.9 137.3 1
5 7 175.1 375.1 1
6 7 16.0 175.5 1
2 1 103.3 271.0 1
0 3 8.1 220.9 1
8 5 4.5 189.9 1
0 6 15.0 232.8 1
3 2 0.8 74.0 1
1 2 105.7 338.3 1
0 9 96.1 175.5 1
2 5 81.6 266.5 1
2 1 124.5 297.1 1
9 8 121.0 204.6 1
EOF
