NUM_STATIONS: 10
NUM_REQUESTS: 160
NUM_VEHICLES: 2
VEHICLE_CAPACITY: 8
DISTANCES
0 1 6.3
1 2 7.7
2 3 3.8
3 4 4.5
4 5 9.5
5 6 2.1
6 7 8.1
7 8 3.8
8 9 3.5
9 0 1.8
REQUEST_SECTION
8 5 294.4 457.9 1
2 7 290.1 524.8 1
0 6 44.9 283.5 1
4 2 194.9 409.6 1
6 1 444.0 710.0 1
6 5 211.2 350.5 1
4 5 394.0 659.9 1
1 7 22.3 160.4 1
9 1 423.0 589.4 1
8 4 74.2 230.0 1
6 8 498.3 679.1 1
3 10 400.7 488.2 1
9 6 297.5 602.3 1
1 3 126.9 299.5 1
9 1 485.5 577.5 1
6 5 411.7 469.7 1
1 10 227.9 474.2 1
0 8 61.7 239.4 1
7 10 208.1 505.5 1
2 5 357.3 644.7 1
3 9 255.3 532.3 1
9 5 158.3 233.7 1
2 4 337.4 491.5 1
0 5 381.7 643.0 1
6 5 152.6 249.4 1
1 3 448.4 622.5 1
7 5 459.7 627.5 1
0 4 179.1 351.3 1
2 10 358.8 583.1 1
1 10 454.2 756.5 1
4 1 298.3 458.7 1
5 8 294.6 538.9 1
8 5 426.4 669.6 1
4 10 11.9 116.4 1
6 3 489.5 637.1 1
6 5 428.2 642.9 1
1 7 83.9 354.5 1
3 1 159.1 421.5 1
0 3 359.0 460.0 1
3 2 353.9 605.9 1
7 4 362.4 650.7 1
6 4 2.7 305.0 1
3 8 356.6 481.0 1
7 2 391.8 639.7 1
8 3 191.9 335.4 1
8 2 285.2 421.4 1
2 3 471.2 750.6 1
0 1 413.6 701.8 1
5 8 207.7 428.0 1
2 7 380.6 610.2 1
8 4 240.6 300.5 1
3 8 442.4 705.8 1
2 5 495.7 723.0 1
4 1 457.5 600.6 1
6 4 356.6 424.9 1
4 5 296.3 444.6 1
6 7 441.9 631.1 1
2 8 133.2 429.5 1
8 10 250.5 527.9 1
9 8 315.7 502.8 1
9 3 179.2 242.5 1
8 9 254.5 316.7 1
8 9 335.9 574.9 1
8 10 113.3 329.2 1
3 9 54.1 337.9 1
2 8 147.5 252.8 1
7 3 232.8 450.1 1
1 8 450.2 616.9 1
9 1 158.2 326.1 1
4 6 37.1 322.1 1
2 10 116.7 301.9 1
0 3 72.0 291.5 1
0 5 434.7 487.9 1
5 3 465.9 736.7 1
9 3 91.0 346.7 1
9 4 264.5 357.9 1
3 2 336.4 615.3 1
5 4 247.1 308.4 1
7 1 133.2 385.6 1
0 7 285.6 570.1 1
5 8 80.6 150.2 1
9 1 95.0 248.4 1
3 4 104.6 309.4 1
4 9 7.6 151.6 1
5 1 435.1 587.6 1
5 2 194.6 277.5 1
2 1 334.5 572.5 1
8 2 70.5 270.7 1
0 8 17.4 191.4 1
3 1 387.2 576.1 1
2 10 226.8 337.5 1
0 8 57.3 359.3 1
6 9 312.2 417.5 1
3 8 419.1 637.7 1
4 2 502.9 692.2 1
7 4 307.2 524.1 1
9 1 35.7 309.7 1
7 8 255.4 389.1 1
4 7 404.1 689.1 1
8 5 217.9 353.2 1
8 7 281.2 562.5 1
3 1 456.2 512.5 1
6 3 62.8 243.0 1
5 9 186.5 243.4 1
3 7 30.9 150.5 1
2 7 65.2 182.7 1
2 7 384.4 445.5 1
9 10 39.7 142.8 1
0 8 409.3 582.2 1
7 8 177.1 388.9 1
4 3 441.6 528.9 1
6 7 80.8 303.4 1
1 6 321.9 423.8 1
5 1 422.2 587.1 1
4 9 36.3 158.8 1
3 8 158.5 215.7 1
5 7 326.1 510.3 1
6 9 108.5 171.2 1
1 5 284.1 417.2 1
8 2 331.2 573.2 1
9 10 439.1 702.4 1
5 7 449.6 676.8 1
5 4 178.5 416.7 1
7 6 62.8 357.0 1
5 9 52.9 184.6 1
9 7 219.5 297.5 1
3 5 365.6 517.0 1
5 9 35.8 267.7 1
7 8 464.2 538.6 1
0 5 149.1 363.4 1
6 3 346.6 406.5 1
2 5 454.2 511.2 1
9 8 322.1 618.6 1
1 10 241.0 304.1 1
4 6 338.0 468.2 1
4 9 431.2 594.8 1
6 7 328.3 581.1 1
8 1 209.2 490.9 1
7 2 133.1 308.1 1
8 7 504.0 621.9 1
6 8 343.5 524.7 1
1 6 495.0 708.0 1
0 3 69.3 312.7 1
5 1 107.1 258.1 1
0 4 131.2 373.2 1
9 4 282.4 379.6 1
1 10 16.8 113.4 1
8 5 214.2 472.9 1
7 6 165.4 237.5 1
3 9 172.2 294.9 1
0 8 473.4 590.6 1
2 9 429.5 655.9 1
9 8 459.9 745.8 1
1 9 325.5 474.0 1
1 8 150.3 232.6 1
0 5 225.5 294.1 1
4 6 483.0 789.3 1
7 5 202.8 298.4 1
9 6 256.1 393.8 1
8 5 245.4 363.0 1
EOF
