NUM_STATIONS: 10
NUM_REQUESTS: 80
NUM_VEHICLES: 1
VEHICLE_CAPACITY: 8
DISTANCES
0 1 2.4
1 2 8.8
2 3 9.2
3 4 4.4
4 5 2.3
5 6 10.0
6 7 6.1
7 8 3.9
8 9 6.9
9 0 4.1
REQUEST_SECTION
4 2 310.1 519.6 1
1 6 124.8 256.0 1
9 8 87.7 252.1 1
7 1 287.9 501.2 1
1 5 87.9 174.5 1
5 9 75.3 370.2 1
1 5 214.2 520.1 1
5 6 340.1 700.2 1
2 8 82.1 520.2 1
6 1 85.7 551.1 1
5 3 251.1 575.0 1
2 7 249.4 380.8 1
5 9 179.8 509.4 1
0 2 234.1 528.5 1
1 8 277.1 540.7 1
7 10 345.0 542.3 1
1 3 377.2 676.2 1
5 3 380.9 522.0 1
2 5 266.0 368.8 1
4 8 122.9 415.9 1
2 4 256.6 692.3 1
4 2 259.2 624.1 1
7 10 27.4 394.4 1
5 6 325.7 719.4 1
5 9 262.4 740.7 1
7 6 55.7 510.5 1
1 5 73.6 473.5 1
1 2 279.8 695.6 1
9 1 414.9 598.4 1
3 7 174.2 350.3 1
7 2 360.9 756.9 1
1 7 84.7 276.7 1
3 8 386.7 792.3 1
1 5 180.5 297.7 1
1 8 393.0 609.6 1
3 9 240.1 394.0 1
1 10 70.4 155.5 1
7 2 419.7 748.3 1
3 6 252.3 475.2 1
8 7 18.3 125.6 1
1 2 200.3 690.1 1
0 7 197.7 303.8 1
0 3 376.6 577.4 1
0 4 254.0 714.7 1
6 5 412.0 543.9 1
5 8 380.4 608.4 1
1 10 81.4 384.9 1
5 6 80.8 317.0 1
4 7 408.8 836.3 1
8 9 375.2 606.3 1
5 8 63.5 148.5 1
6 7 266.0 419.2 1
0 8 311.9 597.5 1
1 9 403.1 723.1 1
0 5 160.3 584.1 1
0 4 56.7 368.1 1
4 9 191.3 323.1 1
3 1 334.3 395.1 1
7 2 216.6 701.5 1
5 8 187.1 516.9 1
2 10 88.1 184.6 1
7 9 324.2 724.3 1
8 5 134.4 323.5 1
5 6 270.0 462.8 1
8 2 91.3 312.8 1
5 2 194.6 480.5 1
5 1 413.1 750.1 1
8 7 168.0 229.6 1
3 7 32.5 98.7 1
4 7 178.5 283.2 1
6 4 126.8 515.6 1
9 7 111.6 469.3 1
9 3 107.9 439.5 1
9 5 410.6 566.9 1
9 10 190.6 633.4 1
8 10 434.9 808.5 1
9 6 246.5 640.8 1
3 9 36.0 309.9 1
2 9 138.8 571.4 1
2 4 57.2 268.1 1
EOF
