NUM_STATIONS: 10
NUM_REQUESTS: 40
NUM_VEHICLES: 2
VEHICLE_CAPACITY: 4
DISTANCES
0 1 4.3
1 2 4.7
2 3 7.7
3 4 5.3
4 5 3.2
5 6 1.5
6 7 9.1
7 8 3.7
8 9 3.4
9 0 3.5
REQUEST_SECTION
2 7 107.5 323.4 1
8 10 20.0 201.4 1
4 9 58.4 244.5 1
1 7 205.0 412.4 1
9 5 1.8 127.1 1
8 6 132.2 308.8 1
2 6 114.8 216.0 1
6 5 105.7 219.0 1
4 9 136.3 248.4 1
6 9 48.7 165.3 1
1 5 80.8 239.2 1
3 8 176.2 350.9 1
9 10 81.6 263.3 1
4 5 104.2 292.2 1
5 6 95.8 236.0 1
3 9 205.7 367.7 1
5 7 89.4 138.6 1
0 5 82.2 179.8 1
5 10 41.9 122.9 1
0 2 51.2 113.8 1
0 4 153.0 359.8 1
1 7 54.2 199.2 1
0 3 129.7 298.8 1
9 3 27.1 103.3 1
3 6 26.2 165.2 1
9 7 86.9 227.0 1
4 7 118.7 180.4 1
2 5 162.2 358.2 1
2 5 200.9 331.8 1
0 4 210.1 381.6 1
0 9 192.7 243.6 1
7 1 181.9 255.9 1
7 2 125.9 174.7 1
1 9 182.1 272.0 1
2 7 6.4 79.7 1
9 8 217.6 430.5 1
7 6 171.0 318.2 1
4 2 212.5 358.0 1
1 6 83.4 131.8 1
4 1 150.0 283.3 1
EOF
