NUM_STATIONS: 10
NUM_REQUESTS: 20
NUM_VEHICLES: 1
VEHICLE_CAPACITY: 4
DISTANCES
0 1 10.0
1 2 3.1
2 3 7.4
3 4 2.1
4 5 5.5
5 6 6.0
6 7 3.5
7 8 7.1
8 9 7.6
9 0 5.4
REQUEST_SECTION
4 9 177.4 373.2 1
8 3 143.5 323.0 1
4 3 41.1 113.6 1
5 2 91.6 159.3 1
7 5 139.5 276.7 1
3 6 84.9 144.6 1
9 4 163.3 266.2 1
5 4 185.1 276.4 1
7 6 51.7 203.1 1
5 4 174.4 332.6 1
6 8 163.2 394.1 1
3 1 62.8 187.3 1
3 10 32.4 160.2 1
8 9 9.4 209.6 1
8 3 110.2 236.9 1
3 2 210.2 432.5 1
0 3 151.8 388.2 1
1 3 106.7 212.3 1
7 5 168.3 348.5 1
8 7 65.3 315.1 1
EOF
