NUM_STATIONS: 10
NUM_REQUESTS: 80
NUM_VEHICLES: 1
VEHICLE_CAPACITY: 1
DISTANCES
0 1 5.3
1 2 5.1
2 3 4.1
3 4 5.8
4 5 8.8
5 6 4.0
6 7 7.4
7 8 2.6
8 9 6.4
9 0 5.7
REQUEST_SECTION
7 4 312.3 1563.6 1
7 1 2880.3 5003.4 1
9 2 1165.8 1835.2 1
2 9 658.7 2228.0 1
6 10 2549.5 2927.8 1
0 9 696.1 2163.1 1
6 8 406.1 2000.4 1
2 3 823.3 3057.4 1
4 7 189.0 2719.1 1
1 4 679.2 1323.9 1
5 9 3026.8 3692.7 1
7 1 269.1 1445.1 1
5 3 181.2 3363.1 1
4 10 465.1 2168.7 1
0 1 1505.0 2973.0 1
8 9 2248.3 5044.5 1
8 2 3015.8 5752.0 1
8 4 3144.1 5447.2 1
1 5 1893.8 3854.6 1
5 3 864.8 2223.1 1
8 2 359.9 751.9 1
3 6 2612.9 5929.9 1
5 4 1017.4 1138.2 1
7 9 497.7 2510.9 1
3 5 1192.8 2837.4 1
7 8 726.9 1054.6 1
0 8 2074.2 5372.7 1
9 2 946.4 3534.1 1
1 6 534.9 3602.3 1
4 7 85.5 2051.9 1
0 7 2570.0 4213.5 1
5 7 1160.7 3379.6 1
4 7 3104.3 3742.0 1
1 6 2186.9 4596.5 1
0 9 835.3 2251.9 1
8 9 1731.2 2220.7 1
2 5 2782.8 4560.8 1
1 10 1039.0 1584.0 1
3 2 1303.8 3848.7 1
9 6 2837.8 3118.3 1
7 8 491.9 1957.7 1
6 8 1964.2 4994.5 1
6 3 2032.8 5055.9 1
0 6 958.2 2082.0 1
1 6 1003.9 2714.2 1
0 7 2820.4 4153.2 1
6 3 806.8 1230.7 1
3 2 858.0 3738.8 1
8 10 1907.8 3611.6 1
6 3 416.0 2462.6 1
9 8 4.3 432.8 1
1 6 3213.4 6439.5 1
3 2 1159.2 2763.2 1
2 5 2292.9 3746.8 1
6 1 311.4 2954.5 1
9 4 907.3 3058.2 1
7 9 87.4 207.7 1
1 2 926.6 1074.6 1
8 4 3109.9 6457.7 1
3 7 518.3 791.2 1
1 8 1859.8 4285.0 1
3 5 2856.4 4405.6 1
6 4 1714.5 3676.7 1
5 9 2922.2 3784.9 1
4 3 2098.7 4145.7 1
1 8 407.3 1328.6 1
0 9 1105.4 2422.4 1
9 5 2479.3 4849.8 1
2 9 1387.7 4210.9 1
6 2 1645.2 2878.7 1
9 1 79.8 1809.4 1
9 3 1502.2 2780.7 1
5 2 19.0 1638.2 1
8 10 2926.0 5929.8 1
3 7 1899.1 4001.1 1
7 5 356.6 2331.8 1
0 5 1412.8 2608.6 1
6 1 3156.3 4317.4 1
7 1 569.9 1999.1 1
3 9 2843.3 3451.3 1
EOF
