NUM_STATIONS: 10
NUM_REQUESTS: 160
NUM_VEHICLES: 2
VEHICLE_CAPACITY: 8
DISTANCES
0 1 3.6
1 2 7.3
2 3 7.4
3 4 1.6
4 5 9.1
5 6 1.1
6 7 5.1
7 8 5.3
8 9 9.0
9 0 2.6
REQUEST_SECTION
0 6 209.2 449.9 1
6 7 132.5 279.1 1
7 6 428.2 711.0 1
0 1 468.1 618.8 1
4 3 255.1 680.4 1
6 10 148.0 549.2 1
5 2 238.5 494.0 1
1 3 410.4 822.4 1
0 6 181.3 316.8 1
6 1 396.2 600.2 1
4 5 66.4 213.7 1
6 2 384.7 712.3 1
3 4 36.2 421.5 1
3 4 170.8 440.3 1
7 9 29.7 86.0 1
9 3 113.8 373.0 1
9 7 466.7 573.3 1
4 8 104.3 413.7 1
3 7 400.5 574.5 1
2 3 321.4 647.5 1
0 7 278.5 349.1 1
1 5 70.6 293.8 1
8 2 505.4 629.7 1
5 3 144.4 490.4 1
5 9 334.3 724.5 1
1 6 289.8 646.2 1
1 6 303.4 420.8 1
4 2 361.7 773.5 1
5 3 198.3 425.8 1
4 7 407.1 843.8 1
6 5 461.6 849.0 1
3 7 414.7 561.0 1
5 3 74.9 173.6 1
4 9 205.7 528.1 1
2 6 405.2 496.4 1
8 4 198.2 359.6 1
0 3 197.3 308.8 1
8 9 384.9 597.2 1
9 5 91.9 465.0 1
5 7 348.3 582.6 1
1 5 282.9 689.9 1
6 8 266.3 583.2 1
3 8 283.5 508.6 1
8 5 504.6 585.4 1
3 10 98.4 378.7 1
8 7 271.5 653.0 1
9 4 269.1 702.5 1
6 2 251.7 625.3 1
9 7 91.3 379.5 1
0 8 282.1 521.3 1
3 9 358.1 679.8 1
7 10 125.8 211.2 1
7 3 517.6 808.9 1
4 1 156.0 373.3 1
1 3 257.6 483.8 1
4 9 73.1 422.8 1
6 7 112.6 204.4 1
3 9 309.9 528.9 1
1 5 126.9 424.9 1
9 7 64.4 397.8 1
4 8 54.5 372.5 1
7 10 275.3 503.3 1
2 9 131.7 463.4 1
8 1 252.1 663.6 1
1 7 151.8 567.6 1
8 5 456.6 729.7 1
7 3 60.8 294.6 1
3 5 147.6 246.0 1
0 5 324.0 739.1 1
9 4 295.5 541.3 1
5 8 56.5 398.1 1
9 8 477.4 621.4 1
6 9 55.8 251.7 1
8 1 160.0 515.2 1
6 7 362.2 783.4 1
6 1 399.8 570.8 1
3 5 9.2 185.1 1
4 7 161.7 421.4 1
6 3 91.9 176.4 1
4 5 14.4 99.8 1
0 1 39.9 322.9 1
8 5 84.5 488.6 1
3 4 246.0 483.3 1
2 6 323.5 487.0 1
9 4 416.6 765.5 1
6 8 424.2 496.9 1
6 2 519.5 585.8 1
7 2 122.2 330.5 1
1 8 491.9 847.5 1
9 5 356.2 749.5 1
6 2 357.8 511.0 1
1 5 271.9 398.7 1
5 4 51.9 194.7 1
8 10 474.6 609.7 1
3 6 78.0 421.6 1
5 2 198.8 559.1 1
6 3 208.2 353.3 1
4 6 367.3 746.8 1
5 7 486.5 701.6 1
2 3 207.0 414.5 1
4 9 174.4 586.5 1
4 1 440.5 857.2 1
5 6 472.1 652.7 1
5 10 198.5 511.7 1
8 9 379.2 647.8 1
3 5 147.8 308.1 1
3 8 413.7 507.1 1
7 8 26.4 331.4 1
4 8 419.1 596.0 1
1 6 467.2 531.3 1
3 9 426.4 484.2 1
0 8 436.3 640.3 1
0 5 211.4 529.6 1
1 8 170.2 276.4 1
3 6 240.8 548.3 1
7 1 413.2 533.4 1
7 1 168.6 369.9 1
4 1 520.8 715.5 1
1 2 193.7 347.4 1
8 5 345.6 537.8 1
6 4 391.0 476.8 1
3 6 107.1 533.8 1
2 8 192.5 507.3 1
6 1 25.5 406.4 1
6 10 448.7 746.0 1
0 2 193.2 609.2 1
0 1 313.8 707.1 1
3 9 374.2 490.1 1
2 8 273.7 669.7 1
4 5 204.4 638.6 1
1 5 421.3 549.1 1
4 2 5.7 152.2 1
1 3 72.3 230.6 1
1 3 73.5 517.4 1
6 1 372.0 476.8 1
8 9 219.1 545.3 1
7 6 302.5 713.9 1
1 7 38.8 200.6 1
6 1 288.1 651.4 1
4 6 124.8 510.2 1
3 9 148.6 340.9 1
2 9 507.0 657.8 1
6 9 370.9 792.3 1
2 4 199.2 365.7 1
9 6 243.5 668.8 1
1 6 413.5 825.8 1
3 2 257.7 588.7 1
4 1 155.0 258.1 1
8 9 228.0 622.4 1
4 3 353.1 753.1 1
7 5 12.1 421.9 1
3 5 13.5 388.9 1
6 7 35.5 378.3 1
9 5 25.2 87.8 1
6 5 134.3 568.8 1
3 8 196.2 508.5 1
4 9 196.4 592.3 1
4 10 449.3 797.8 1
6 8 68.3 323.2 1
3 1 113.8 503.6 1
EOF
