NUM_STATIONS: 10
NUM_REQUESTS: 80
NUM_VEHICLES: 1
VEHICLE_CAPACITY: 8
DISTANCES
0 1 9.9
1 2 5.8
2 3 2.8
3 4 4.2
4 5 8.2
5 6 9.6
6 7 7.3
7 8 4.0
8 9 8.9
9 0 4.1
REQUEST_SECTION
8 2 256.6 325.6 1
3 8 123.6 338.3 1
0 4 226.3 557.2 1
4 8 213.6 508.5 1
7 10 237.8 614.7 1
4 1 424.6 604.2 1
1 9 81.4 386.0 1
3 6 58.3 379.3 1
5 9 268.0 604.7 1
9 5 66.5 335.6 1
1 7 422.5 761.1 1
7 3 407.6 671.5 1
9 7 464.3 723.1 1
1 6 76.5 156.0 1
5 3 23.5 224.9 1
0 4 249.1 333.0 1
7 1 64.2 368.4 1
0 4 20.3 242.1 1
2 9 216.9 323.9 1
0 6 280.9 539.9 1
0 9 175.5 357.5 1
4 10 341.0 583.6 1
2 5 122.1 310.8 1
1 10 408.1 703.2 1
7 10 253.5 601.9 1
2 10 374.1 694.1 1
3 8 218.0 393.1 1
5 8 224.8 585.3 1
6 8 486.2 646.1 1
6 5 321.0 561.2 1
5 10 129.7 373.7 1
2 8 43.7 245.5 1
8 9 341.3 470.1 1
2 7 360.7 560.6 1
4 6 373.1 504.0 1
5 8 37.6 248.1 1
9 8 99.1 257.1 1
3 1 308.2 497.6 1
3 4 264.2 652.5 1
2 6 416.5 511.3 1
4 9 8.9 261.3 1
7 5 310.1 536.7 1
6 4 272.5 548.6 1
7 3 203.8 556.3 1
5 10 481.4 616.5 1
3 8 138.0 283.1 1
9 6 51.6 128.8 1
5 1 458.4 832.8 1
8 4 392.9 757.5 1
0 5 5.3 240.6 1
5 10 428.4 796.0 1
7 5 249.6 572.7 1
6 10 322.4 405.8 1
6 1 469.5 608.9 1
2 6 92.5 283.3 1
4 5 0.6 292.8 1
7 3 4.0 169.0 1
0 4 448.1 670.2 1
0 9 143.8 451.2 1
4 10 21.7 338.8 1
2 1 223.3 292.8 1
1 10 165.7 388.8 1
0 7 417.1 567.9 1
0 4 77.9 343.1 1
2 6 391.7 489.1 1
6 8 266.0 650.1 1
7 9 252.8 436.3 1
0 1 479.5 732.6 1
3 6 78.0 352.9 1
5 1 9.1 190.4 1
1 8 303.2 537.4 1
7 5 310.3 602.7 1
3 2 114.5 205.4 1
2 5 402.2 587.3 1
4 2 14.5 324.8 1
7 10 101.5 240.7 1
3 7 352.8 739.3 1
4 6 82.9 306.2 1
1 2 41.9 357.5 1
1 8 181.6 501.6 1
EOF
