NUM_STATIONS: 10
NUM_REQUESTS: 160
NUM_VEHICLES: 3
VEHICLE_CAPACITY: 8
DISTANCES
0 1 6.3
1 2 7.7
2 3 3.8
3 4 4.5
4 5 9.5
5 6 2.1
6 7 8.1
7 8 3.8
8 9 3.5
9 0 1.8
REQUEST_SECTION
8 5 27.2 231.9 1
2 7 40.4 280.3 1
0 6 155.0 352.8 1
4 2 62.9 154.5 1
6 1 47.8 270.5 1
6 5 102.7 270.3 1
4 5 169.3 255.1 1
1 7 84.7 320.7 1
9 1 162.1 226.1 1
8 4 159.2 252.5 1
6 8 23.8 113.1 1
3 10 117.8 316.2 1
9 6 23.3 182.8 1
1 3 234.3 310.9 1
9 1 162.5 232.4 1
6 5 60.0 366.1 1
1 10 117.5 377.8 1
0 8 254.1 502.7 1
7 10 209.4 292.7 1
2 5 152.0 297.0 1
3 9 253.2 393.7 1
9 5 234.9 481.1 1
2 4 154.7 295.5 1
0 5 161.3 403.7 1
6 5 124.4 329.0 1
1 3 248.6 330.7 1
7 5 39.6 170.6 1
0 4 128.2 211.6 1
2 10 161.2 373.4 1
1 10 164.0 319.0 1
4 1 185.6 341.0 1
5 8 124.2 236.7 1
8 5 114.9 319.2 1
4 10 186.5 327.1 1
6 3 178.3 436.5 1
6 5 41.3 110.0 1
1 7 227.8 285.1 1
3 1 153.1 239.3 1
0 3 179.9 240.7 1
3 2 179.1 465.1 1
7 4 137.3 355.4 1
6 4 135.7 267.8 1
3 8 233.3 319.4 1
7 2 78.0 168.9 1
8 3 109.0 410.3 1
8 2 55.2 193.1 1
2 3 106.5 287.8 1
0 1 190.2 379.6 1
5 8 5.2 148.4 1
2 7 93.2 326.9 1
8 4 191.8 331.7 1
3 8 11.0 117.4 1
2 5 71.1 320.0 1
4 1 114.7 369.8 1
6 4 138.2 368.1 1
4 5 69.8 195.2 1
6 7 222.5 325.4 1
2 8 143.8 246.6 1
8 10 69.3 163.1 1
9 8 123.9 193.7 1
9 3 129.8 341.7 1
8 9 105.6 367.5 1
8 9 45.6 150.9 1
8 10 193.4 476.9 1
3 9 101.2 324.2 1
2 8 110.0 294.4 1
7 3 69.4 148.3 1
1 8 94.6 316.3 1
9 1 209.6 474.9 1
4 6 2.3 150.2 1
2 10 122.1 301.4 1
0 3 27.9 289.3 1
0 5 218.2 371.1 1
5 3 221.4 433.8 1
9 3 232.5 437.8 1
9 4 175.7 275.2 1
3 2 48.0 327.4 1
5 4 138.1 239.3 1
7 1 67.5 120.1 1
0 7 77.3 195.2 1
5 8 22.0 141.2 1
9 1 253.4 515.8 1
3 4 85.1 167.9 1
4 9 77.9 178.0 1
5 1 120.7 327.3 1
5 2 89.5 373.4 1
2 1 168.2 286.2 1
8 2 1.0 150.6 1
0 8 34.6 225.7 1
3 1 197.2 470.1 1
2 10 75.5 204.7 1
0 8 150.7 386.9 1
6 9 14.8 128.5 1
3 8 111.1 210.6 1
4 2 180.9 241.7 1
7 4 48.7 205.8 1
9 1 224.0 281.7 1
7 8 164.5 241.1 1
4 7 201.8 273.0 1
8 5 10.1 178.3 1
8 7 119.2 332.4 1
3 1 19.6 285.1 1
6 3 2.2 169.3 1
5 9 199.7 442.4 1
3 7 163.9 244.4 1
2 7 35.8 235.0 1
2 7 171.5 423.4 1
9 10 229.8 486.4 1
0 8 253.4 383.4 1
7 8 118.6 412.5 1
4 3 83.6 163.0 1
6 7 66.8 143.2 1
1 6 214.4 518.7 1
5 1 131.0 235.0 1
4 9 71.4 203.0 1
3 8 203.6 266.6 1
5 7 81.4 291.1 1
6 9 82.1 136.0 1
1 5 59.6 164.3 1
8 2 77.0 280.8 1
9 10 149.5 383.8 1
5 7 92.4 358.2 1
5 4 16.8 123.1 1
7 6 91.3 259.9 1
5 9 37.8 311.0 1
9 7 135.0 194.3 1
3 5 183.2 408.9 1
5 9 99.3 391.5 1
7 8 82.8 226.5 1
0 5 65.3 226.0 1
6 3 55.5 319.0 1
2 5 213.0 376.7 1
9 8 210.4 371.1 1
1 10 191.6 415.8 1
4 6 209.6 341.6 1
4 9 114.8 297.3 1
6 7 116.6 201.5 1
8 1 92.0 176.9 1
7 2 72.7 231.3 1
8 7 187.1 398.7 1
6 8 245.2 517.8 1
1 6 15.1 165.5 1
0 3 65.8 339.6 1
5 1 121.3 298.1 1
0 4 245.8 422.5 1
9 4 15.7 181.4 1
1 10 204.9 328.4 1
8 5 111.4 170.8 1
7 6 15.6 86.5 1
3 9 143.0 322.5 1
0 8 10.4 117.1 1
2 9 37.2 341.7 1
9 8 7.3 132.7 1
1 9 150.7 288.7 1
1 8 234.5 511.2 1
0 5 211.5 302.1 1
4 6 37.9 190.5 1
7 5 4.4 154.0 1
9 6 27.2 192.9 1
8 5 116.4 215.4 1
EOF
