NUM_STATIONS: 10
NUM_REQUESTS: 80
NUM_VEHICLES: 2
VEHICLE_CAPACITY: 1
DISTANCES
0 1 5.3
1 2 5.1
2 3 4.1
3 4 5.8
4 5 8.8
5 6 4.0
6 7 7.4
7 8 2.6
8 9 6.4
9 0 5.7
REQUEST_SECTION
7 4 1687.6 3314.7 1
7 1 724.4 1539.3 1
9 2 1291.4 1716.4 1
2 9 75.8 1144.6 1
6 10 1763.7 1976.9 1
0 9 552.4 1167.2 1
6 8 1971.1 3390.8 1
2 3 1221.4 1844.4 1
4 7 2049.4 2388.4 1
1 4 769.5 2302.2 1
5 9 392.6 1461.8 1
7 1 1789.4 2010.3 1
5 3 1951.7 2302.3 1
4 10 118.1 1101.8 1
0 1 2119.9 3022.7 1
8 9 1143.7 1669.9 1
8 2 1888.1 2546.0 1
8 4 375.2 875.5 1
1 5 928.4 1199.0 1
5 3 1032.6 2206.1 1
8 2 59.3 1141.3 1
3 6 1542.2 3228.3 1
5 4 1597.9 2825.8 1
7 9 1468.0 1597.1 1
3 5 1613.4 1675.0 1
7 8 614.7 1338.9 1
0 8 27.4 439.1 1
9 2 182.9 1702.3 1
1 6 550.7 1224.6 1
4 7 539.2 1803.9 1
0 7 2173.6 3119.6 1
5 7 74.1 610.7 1
4 7 451.9 793.3 1
1 6 723.6 1808.2 1
0 9 311.6 1738.1 1
8 9 400.3 1991.8 1
2 5 1338.7 1909.2 1
1 10 2137.9 2571.5 1
3 2 1334.4 2966.0 1
9 6 369.8 697.8 1
7 8 1128.3 1503.4 1
6 8 578.9 1249.7 1
6 3 1361.6 1541.7 1
0 6 1902.7 2440.8 1
1 6 666.9 2138.3 1
0 7 1132.3 2591.2 1
6 3 1373.5 2028.3 1
3 2 553.2 2097.5 1
8 10 1329.0 1792.4 1
6 3 973.9 2440.6 1
9 8 2194.5 3608.2 1
1 6 2038.4 2698.4 1
3 2 1791.0 2849.8 1
2 5 2181.0 3112.4 1
6 1 854.0 1328.2 1
9 4 495.7 1304.9 1
7 9 586.3 644.8 1
1 2 1690.9 2813.7 1
8 4 1539.1 2144.2 1
3 7 2169.7 2352.6 1
1 8 37.9 1676.5 1
3 5 258.6 969.0 1
6 4 1492.7 2901.5 1
5 9 2017.8 2291.1 1
4 3 553.4 1001.9 1
1 8 1776.4 2373.2 1
0 9 314.1 1835.4 1
9 5 1339.9 2237.8 1
2 9 702.5 1963.7 1
6 2 755.4 1452.4 1
9 1 1826.7 2846.2 1
9 3 353.3 740.3 1
5 2 874.1 1707.9 1
8 10 2019.6 2249.6 1
3 7 1902.9 2633.6 1
7 5 954.3 1887.9 1
0 5 1701.5 3063.0 1
6 1 2130.5 3648.9 1
7 1 1894.9 1991.5 1
3 9 2046.4 2979.2 1
EOF
