NUM_STATIONS: 10
NUM_REQUESTS: 40
NUM_VEHICLES: 1
VEHICLE_CAPACITY: 4
DISTANCES
0 1 2.8
1 2 2.9
2 3 8.4
3 4 7.3
4 5 6.1
5 6 1.6
6 7 8.4
7 8 7.7
8 9 3.2
9 0 1.5
REQUEST_SECTION
4 8 85.4 169.8 1
3 10 263.2 354.5 1
6 4 142.3 435.2 1
1 6 408.2 677.2 1
0 4 214.0 406.2 1
5 3 158.6 311.7 1
6 9 25.2 90.6 1
1 10 339.2 417.9 1
1 9 340.0 551.4 1
0 6 204.9 420.3 1
6 9 100.2 260.7 1
5 6 214.3 264.3 1
9 3 89.5 151.0 1
6 2 249.9 465.7 1
9 3 494.3 754.6 1
0 2 214.6 473.2 1
9 5 412.0 611.7 1
7 4 215.2 476.3 1
1 5 132.1 269.3 1
5 4 288.7 452.3 1
8 5 288.5 368.8 1
7 6 370.7 586.7 1
4 1 202.6 387.8 1
4 10 458.5 600.3 1
7 5 478.8 737.0 1
1 10 176.9 370.8 1
3 5 213.3 325.5 1
2 5 189.8 379.5 1
6 8 354.3 517.1 1
4 7 178.6 386.4 1
9 1 87.2 367.1 1
6 3 318.2 591.7 1
8 9 274.9 538.5 1
6 3 472.6 698.9 1
5 2 327.7 538.4 1
8 5 52.9 142.0 1
7 9 41.4 197.0 1
5 4 235.5 370.3 1
0 2 253.3 491.9 1
2 4 23.0 246.9 1
EOF
