NUM_STATIONS: 10
NUM_REQUESTS: 160
NUM_VEHICLES: 1
VEHICLE_CAPACITY: 1
DISTANCES
0 1 7.9
1 2 8.7
2 3 5.6
3 4 8.4
4 5 6.3
5 6 1.2
6 7 4.8
7 8 8.8
8 9 1.4
9 0 2.6
REQUEST_SECTION
0 1 5741.1 10366.0 1
7 1 4859.4 5753.2 1
6 4 4001.7 10117.1 1
1 3 667.3 5895.4 1
3 4 4506.4 8925.6 1
6 5 5635.6 11689.5 1
7 4 2334.4 3590.2 1
2 1 3588.5 4963.3 1
6 2 4601.7 6589.2 1
1 2 1947.7 3981.7 1
1 6 3150.0 4583.1 1
5 4 1582.7 7571.1 1
4 2 5758.4 7157.9 1
8 6 5224.8 9214.5 1
6 7 6559.6 9870.4 1
7 1 297.7 2136.9 1
6 5 350.8 3239.4 1
0 8 2462.5 3378.6 1
9 7 1724.3 5529.1 1
7 3 2116.9 4501.1 1
5 6 6538.8 10255.0 1
1 10 443.0 3966.2 1
9 4 3762.2 6796.7 1
0 1 3991.9 8772.4 1
3 5 1953.4 5163.2 1
8 7 3924.0 6605.9 1
3 8 4565.5 9332.3 1
0 1 2796.8 3363.5 1
7 2 5318.5 10617.4 1
4 6 1353.5 6951.4 1
1 9 4692.7 5672.8 1
1 7 1518.0 5415.9 1
7 10 5119.1 10285.8 1
4 6 4909.4 7523.7 1
7 5 5976.0 6701.8 1
8 1 2908.2 6630.6 1
2 8 2776.4 2918.4 1
3 10 4451.3 9510.0 1
7 8 4965.9 7956.1 1
7 10 3974.2 4347.8 1
3 7 3166.9 7938.0 1
9 10 2546.6 2891.1 1
5 2 584.2 1066.8 1
7 1 4675.5 10898.8 1
1 10 5976.8 9177.4 1
9 10 3526.9 8387.9 1
3 4 2612.5 3586.1 1
9 10 4084.2 7792.5 1
5 6 4578.8 10619.5 1
1 4 3379.6 4067.9 1
1 3 897.6 6905.9 1
8 2 4067.8 5215.5 1
2 7 5803.7 10224.0 1
8 1 534.4 4066.4 1
3 6 2258.3 2743.3 1
6 7 435.3 6247.4 1
4 9 3744.6 5519.7 1
3 5 801.1 1910.2 1
5 6 1361.9 7953.7 1
9 5 1663.9 2840.5 1
4 10 1198.6 4205.4 1
0 4 3081.6 5776.6 1
9 10 5929.9 7433.8 1
1 7 1657.3 3556.1 1
8 6 5202.2 6339.6 1
2 8 5978.4 11905.0 1
5 1 2599.9 9024.4 1
9 1 145.1 6142.1 1
8 4 3340.0 4913.5 1
6 4 1864.9 3081.7 1
3 5 3861.8 9816.5 1
7 1 3856.9 8552.0 1
0 7 1069.7 4813.9 1
5 9 5225.7 5632.4 1
1 9 2218.1 7591.9 1
4 1 1788.3 4925.3 1
9 3 6389.6 6681.6 1
8 5 1593.1 4325.0 1
6 10 5419.9 10591.5 1
7 1 1480.8 6638.3 1
3 10 1970.0 2471.1 1
6 8 4303.5 9392.3 1
5 8 5671.3 12179.1 1
9 8 5957.8 8192.8 1
7 4 5044.3 9458.6 1
0 4 5107.5 8211.2 1
2 9 3163.1 3954.6 1
0 7 4870.6 11611.0 1
0 4 1092.3 2277.9 1
1 6 5850.9 8921.7 1
0 6 3696.5 7252.8 1
0 5 6598.3 9040.5 1
7 1 5402.8 10451.3 1
1 3 4188.4 8822.6 1
3 8 3767.7 9359.6 1
7 2 4320.3 10493.0 1
6 2 5115.7 6964.2 1
8 9 191.6 1214.8 1
0 3 3237.3 5044.1 1
2 7 3100.2 9732.0 1
6 1 2397.0 9138.2 1
8 9 3792.8 7319.1 1
6 4 5459.9 9667.1 1
0 4 1003.1 1982.8 1
7 3 4956.9 10668.0 1
6 4 2946.0 6224.5 1
3 8 4877.7 10445.4 1
9 7 4479.0 6654.7 1
3 1 4031.9 5599.1 1
2 8 6174.5 10267.9 1
3 2 2196.0 2964.9 1
1 10 4463.5 8155.7 1
8 5 7.8 3947.9 1
1 8 5717.6 11698.9 1
1 10 334.2 5964.6 1
8 10 121.2 2019.5 1
6 8 2131.8 5529.3 1
3 6 1690.2 7911.5 1
8 9 1213.7 7583.5 1
2 7 3363.4 5927.0 1
0 7 2315.4 5546.2 1
6 2 332.4 4942.2 1
3 1 3380.6 3545.9 1
5 8 4083.8 8878.1 1
4 6 3264.7 5194.7 1
5 3 6410.4 12614.9 1
6 1 465.2 6931.8 1
2 9 3094.3 5617.9 1
1 10 641.1 7223.2 1
0 5 3076.8 4575.6 1
1 5 535.6 2779.5 1
7 6 5779.1 9329.8 1
1 6 6176.6 9820.4 1
5 10 6121.1 10389.9 1
4 10 6169.4 8004.3 1
7 8 3209.6 9166.0 1
5 7 4759.8 5519.3 1
5 8 5384.4 12059.1 1
3 8 2046.9 2601.3 1
6 8 902.1 6343.9 1
7 1 5969.4 11859.5 1
9 6 620.7 6026.8 1
1 10 3558.7 6277.4 1
1 5 1604.9 1766.1 1
1 9 2832.1 6770.0 1
4 6 4762.0 10021.8 1
7 6 5951.9 6311.0 1
6 9 2294.8 8714.0 1
7 2 4967.1 9380.0 1
5 7 1213.3 1364.9 1
7 10 1176.8 4096.4 1
3 8 5382.0 10377.7 1
1 3 5703.1 12059.7 1
2 8 2281.3 7394.0 1
4 2 2256.0 6524.3 1
5 8 4005.8 9326.8 1
4 2 3521.6 4394.6 1
4 2 1455.1 6994.0 1
9 8 1625.1 2317.9 1
0 9 1596.9 1755.7 1
EOF
