NUM_STATIONS: 10
NUM_REQUESTS: 20
NUM_VEHICLES: 1
VEHICLE_CAPACITY: 2
DISTANCES
0 1 8.3
1 2 2.5
2 3 8.9
3 4 6.4
4 5 8.5
5 6 5.9
6 7 7.6
7 8 9.1
8 9 7.1
9 0 6.5
REQUEST_SECTION
4 1 453.8 938.3 1
9 3 256.4 481.0 1
9 10 304.7 773.8 1
7 2 108.6 269.7 1
9 1 507.8 607.9 1
4 2 189.5 390.8 1
1 10 501.3 573.8 1
1 5 58.1 240.6 1
5 7 189.9 754.7 1
6 7 297.4 868.3 1
2 1 282.2 575.0 1
0 3 378.5 827.1 1
8 5 171.3 453.1 1
0 6 407.8 701.9 1
3 2 6.6 376.3 1
1 2 278.1 630.9 1
0 9 76.9 670.7 1
2 5 83.8 601.5 1
2 1 439.0 688.4 1
9 8 94.3 570.8 1
EOF
