NUM_STATIONS: 10
NUM_REQUESTS: 40
NUM_VEHICLES: 1
VEHICLE_CAPACITY: 4
DISTANCES
0 1 5.8
1 2 5.9
2 3 5.5
3 4 4.6
4 5 6.6
5 6 8.5
6 7 2.2
7 8 4.0
8 9 2.7
9 0 5.9
REQUEST_SECTION
5 3 224.4 489.8 1
6 3 262.7 355.1 1
4 5 119.1 424.0 1
3 7 438.5 795.9 1
8 3 71.0 448.6 1
2 5 109.7 536.7 1
2 8 331.4 631.4 1
4 7 288.5 591.1 1
9 1 303.3 530.2 1
2 4 203.5 524.4 1
1 10 362.3 644.8 1
7 2 386.9 648.5 1
5 4 320.9 705.2 1
2 8 345.4 525.9 1
2 5 298.9 375.0 1
8 3 326.1 492.1 1
6 2 206.5 527.0 1
9 5 410.0 705.3 1
5 8 504.2 598.8 1
6 9 245.6 560.4 1
3 2 444.7 644.5 1
7 2 404.6 722.3 1
3 5 77.5 233.7 1
9 2 406.2 801.6 1
9 5 156.4 359.7 1
5 3 75.0 223.9 1
5 9 28.9 119.7 1
1 9 311.7 608.3 1
0 4 47.6 142.1 1
3 5 126.6 418.6 1
8 7 318.4 519.9 1
3 4 479.2 867.4 1
7 2 255.5 445.2 1
9 8 410.3 531.7 1
4 6 60.1 478.8 1
2 3 140.5 246.2 1
2 9 326.5 572.0 1
3 1 239.3 509.1 1
4 2 373.8 456.8 1
3 8 173.8 439.4 1
EOF
