NUM_STATIONS: 10
NUM_REQUESTS: 160
NUM_VEHICLES: 3
VEHICLE_CAPACITY: 4
DISTANCES
0 1 6.3
1 2 7.7
2 3 3.8
3 4 4.5
4 5 9.5
5 6 2.1
6 7 8.1
7 8 3.8
8 9 3.5
9 0 1.8
REQUEST_SECTION
8 5 581.6 905.9 1
2 7 75.4 311.5 1
0 6 155.7 398.9 1
4 2 581.7 693.9 1
6 1 580.1 867.8 1
6 5 457.1 666.1 1
4 5 482.4 617.5 1
1 7 611.4 801.5 1
9 1 135.7 259.5 1
8 4 311.9 370.8 1
6 8 308.2 436.6 1
3 10 613.7 943.2 1
9 6 646.7 802.6 1
1 3 190.0 518.0 1
9 1 422.3 542.3 1
6 5 168.8 505.9 1
1 10 42.4 210.5 1
0 8 220.5 412.0 1
7 10 34.2 411.2 1
2 5 462.9 838.7 1
3 9 666.2 838.2 1
9 5 273.3 549.7 1
2 4 275.1 643.7 1
0 5 409.1 726.4 1
6 5 228.5 593.6 1
1 3 206.3 456.0 1
7 5 297.6 489.5 1
0 4 340.4 668.4 1
2 10 539.6 822.1 1
1 10 197.9 558.6 1
4 1 266.6 436.6 1
5 8 342.4 649.9 1
8 5 675.2 875.8 1
4 10 483.9 618.8 1
6 3 351.7 672.6 1
6 5 33.2 251.7 1
1 7 434.8 808.5 1
3 1 498.3 841.0 1
0 3 485.4 865.8 1
3 2 469.0 760.1 1
7 4 482.7 624.4 1
6 4 142.2 218.1 1
3 8 206.0 583.6 1
7 2 10.4 87.7 1
8 3 532.0 845.7 1
8 2 455.6 618.6 1
2 3 628.0 689.9 1
0 1 482.2 582.8 1
5 8 336.7 655.6 1
2 7 292.0 623.3 1
8 4 371.3 615.8 1
3 8 487.1 802.6 1
2 5 87.3 422.9 1
4 1 564.1 888.3 1
6 4 424.1 692.7 1
4 5 374.6 515.3 1
6 7 211.9 439.8 1
2 8 407.6 619.0 1
8 10 242.9 358.9 1
9 8 488.8 555.0 1
9 3 580.9 639.7 1
8 9 235.4 466.3 1
8 9 62.3 407.7 1
8 10 182.4 252.4 1
3 9 477.9 611.0 1
2 8 113.6 276.0 1
7 3 568.3 768.6 1
1 8 318.1 607.6 1
9 1 16.7 250.3 1
4 6 264.2 539.5 1
2 10 614.7 968.5 1
0 3 411.1 615.2 1
0 5 282.4 372.3 1
5 3 290.8 398.2 1
9 3 469.0 550.7 1
9 4 619.7 691.5 1
3 2 154.1 214.9 1
5 4 532.4 709.9 1
7 1 379.5 471.7 1
0 7 419.3 616.6 1
5 8 19.0 346.0 1
9 1 98.5 267.9 1
3 4 588.6 712.7 1
4 9 82.7 154.1 1
5 1 126.9 424.1 1
5 2 434.0 823.2 1
2 1 70.1 230.2 1
8 2 204.6 310.8 1
0 8 390.6 658.9 1
3 1 122.3 496.3 1
2 10 115.4 267.4 1
0 8 630.2 809.3 1
6 9 271.9 507.4 1
3 8 661.6 756.4 1
4 2 518.3 817.0 1
7 4 149.0 240.7 1
9 1 113.2 389.9 1
7 8 77.2 428.3 1
4 7 610.0 784.5 1
8 5 358.5 599.4 1
8 7 512.9 641.3 1
3 1 229.1 545.3 1
6 3 377.2 491.7 1
5 9 82.9 204.0 1
3 7 424.3 760.0 1
2 7 594.1 652.4 1
2 7 306.2 393.1 1
9 10 87.5 188.6 1
0 8 104.5 315.8 1
7 8 299.6 512.1 1
4 3 629.9 772.4 1
6 7 390.7 742.2 1
1 6 63.7 155.5 1
5 1 242.1 405.9 1
4 9 661.0 714.6 1
3 8 383.3 708.2 1
5 7 100.3 163.3 1
6 9 527.6 712.8 1
1 5 251.2 438.6 1
8 2 395.0 545.6 1
9 10 462.8 721.2 1
5 7 37.6 424.8 1
5 4 655.3 865.6 1
7 6 622.3 821.8 1
5 9 374.4 725.0 1
9 7 164.8 383.5 1
3 5 35.7 422.1 1
5 9 142.8 324.6 1
7 8 45.2 321.0 1
0 5 466.4 689.4 1
6 3 621.7 988.2 1
2 5 97.0 255.6 1
9 8 47.6 197.1 1
1 10 527.4 791.0 1
4 6 300.6 532.5 1
4 9 150.2 214.5 1
6 7 96.1 151.9 1
8 1 548.4 892.4 1
7 2 628.1 1016.6 1
8 7 483.4 606.8 1
6 8 634.5 1022.9 1
1 6 657.0 936.4 1
0 3 630.8 945.3 1
5 1 466.9 584.1 1
0 4 424.2 788.2 1
9 4 304.2 566.0 1
1 10 222.9 464.0 1
8 5 141.0 366.8 1
7 6 343.8 493.2 1
3 9 468.6 745.0 1
0 8 304.2 628.7 1
2 9 420.7 801.6 1
9 8 467.0 607.5 1
1 9 500.4 571.4 1
1 8 221.2 592.4 1
0 5 663.2 833.8 1
4 6 629.1 741.7 1
7 5 495.5 854.3 1
9 6 77.9 192.9 1
8 5 404.1 723.9 1
EOF
