NUM_STATIONS: 10
NUM_REQUESTS: 40
NUM_VEHICLES: 1
VEHICLE_CAPACITY: 8
DISTANCES
0 1 5.5
1 2 7.8
2 3 7.1
3 4 4.8
4 5 4.5
5 6 3.9
6 7 2.7
7 8 6.4
8 9 8.5
9 0 7.6
REQUEST_SECTION
8 7 219.1 376.1 1
8 6 104.0 341.3 1
7 5 231.9 426.6 1
5 10 257.5 379.0 1
6 9 224.1 491.3 1
3 4 254.4 355.7 1
4 2 283.4 537.2 1
5 3 123.6 268.5 1
5 10 259.2 391.8 1
2 9 77.6 339.6 1
2 8 64.2 162.4 1
0 7 78.8 158.5 1
4 5 237.4 328.2 1
3 9 0.8 154.9 1
5 7 251.4 478.9 1
8 4 285.5 475.3 1
9 8 101.9 320.7 1
2 10 211.2 429.8 1
4 7 26.1 166.3 1
4 10 115.6 243.8 1
7 2 79.2 282.7 1
3 5 3.7 79.8 1
1 9 274.8 414.0 1
9 8 5.5 261.5 1
5 1 89.8 317.9 1
5 3 92.7 227.7 1
5 8 88.6 289.1 1
5 6 125.3 368.2 1
0 1 74.2 312.7 1
5 2 274.6 534.8 1
5 3 36.8 114.0 1
1 10 256.4 477.5 1
2 4 62.8 288.3 1
8 3 56.4 173.3 1
5 7 204.9 404.0 1
1 10 291.4 391.5 1
5 1 282.3 487.5 1
2 6 198.7 290.7 1
7 5 26.2 100.5 1
8 7 185.4 301.3 1
EOF
