NUM_STATIONS: 10
NUM_REQUESTS: 160
NUM_VEHICLES: 1
VEHICLE_CAPACITY: 2
DISTANCES
0 1 7.9
1 2 8.7
2 3 5.6
3 4 8.4
4 5 6.3
5 6 1.2
6 7 4.8
7 8 8.8
8 9 1.4
9 0 2.6
REQUEST_SECTION
0 1 569.6 796.5 1
7 1 1756.6 4888.9 1
6 4 2208.0 3452.6 1
1 3 1688.6 4802.4 1
3 4 3288.8 5797.0 1
6 5 2582.5 3838.1 1
7 4 542.2 3514.9 1
2 1 4336.6 6740.6 1
6 2 2914.6 3583.9 1
1 2 2360.9 5504.2 1
1 6 1034.2 4354.3 1
5 4 3625.1 4863.0 1
4 2 1320.4 1805.5 1
8 6 438.2 3665.2 1
6 7 621.1 3281.9 1
7 1 1837.0 4530.9 1
6 5 2369.9 2697.6 1
0 8 1811.6 2169.7 1
9 7 3637.6 5498.1 1
7 3 2074.0 3812.9 1
5 6 581.3 3879.7 1
1 10 4261.2 7618.7 1
9 4 4070.5 6151.3 1
0 1 125.0 306.9 1
3 5 1551.6 2912.6 1
8 7 3870.3 5750.1 1
3 8 4034.7 7364.3 1
0 1 3637.5 3951.3 1
7 2 2821.1 4503.9 1
4 6 1101.6 3990.9 1
1 9 1602.1 3359.7 1
1 7 2812.0 3449.1 1
7 10 2039.5 3612.3 1
4 6 2974.5 5333.2 1
7 5 1474.2 3892.0 1
8 1 4061.0 4432.3 1
2 8 1231.3 3517.8 1
3 10 3510.2 6032.8 1
7 8 3926.7 4608.3 1
7 10 1817.3 4522.0 1
3 7 2705.4 4221.3 1
9 10 395.9 1523.5 1
5 2 3223.3 5743.3 1
7 1 4392.2 4468.8 1
1 10 1061.2 2404.3 1
9 10 3290.6 6124.8 1
3 4 4420.4 4490.2 1
9 10 2441.3 4108.3 1
5 6 2500.1 4066.8 1
1 4 2569.2 5187.5 1
1 3 607.8 3387.9 1
8 2 394.0 3192.9 1
2 7 116.4 1921.1 1
8 1 1031.2 2381.9 1
3 6 4199.6 4640.4 1
6 7 3864.3 7098.7 1
4 9 3238.2 5581.3 1
3 5 1589.7 1654.3 1
5 6 3001.9 4854.1 1
9 5 3161.1 3975.2 1
4 10 459.9 847.8 1
0 4 4433.6 7431.2 1
9 10 1533.3 3565.4 1
1 7 1931.9 2492.4 1
8 6 3470.0 5249.3 1
2 8 287.9 2953.2 1
5 1 495.2 2157.0 1
9 1 1787.3 4254.2 1
8 4 2283.0 3646.8 1
6 4 4352.1 4808.6 1
3 5 3545.1 5420.3 1
7 1 856.2 2262.4 1
0 7 1266.5 3496.7 1
5 9 1641.6 4212.0 1
1 9 2339.8 3477.3 1
4 1 1812.6 4313.9 1
9 3 2233.2 2494.0 1
8 5 4326.9 5656.8 1
6 10 2253.2 3153.1 1
7 1 2629.6 4440.6 1
3 10 1463.5 2323.3 1
6 8 2648.1 4691.9 1
5 8 4075.7 7390.4 1
9 8 1263.6 3800.2 1
7 4 658.3 1655.7 1
0 4 1080.5 2893.1 1
2 9 4101.8 5110.8 1
0 7 895.1 4123.3 1
0 4 617.5 705.4 1
1 6 1566.7 2076.4 1
0 6 3689.1 6070.4 1
0 5 2354.7 3810.8 1
7 1 4392.5 7320.7 1
1 3 677.7 1160.5 1
3 8 1544.4 3697.1 1
7 2 1562.8 4474.7 1
6 2 3163.8 4486.7 1
8 9 705.4 2360.9 1
0 3 4398.6 5210.1 1
2 7 900.8 3412.9 1
6 1 2796.1 4057.4 1
8 9 3480.4 5543.8 1
6 4 2575.3 5322.1 1
0 4 3307.7 4330.1 1
7 3 1915.0 3950.3 1
6 4 291.0 769.2 1
3 8 4068.7 7165.6 1
9 7 2476.8 2846.5 1
3 1 1745.5 2594.6 1
2 8 2476.3 3599.6 1
3 2 2311.9 2402.6 1
1 10 356.0 1399.2 1
8 5 3134.7 5997.3 1
1 8 1255.9 1673.3 1
1 10 2453.2 5245.1 1
8 10 2915.5 4500.4 1
6 8 4130.9 7364.6 1
3 6 3895.6 6450.7 1
8 9 3611.8 4426.1 1
2 7 3101.6 3271.5 1
0 7 2578.4 3919.3 1
6 2 3565.9 3966.5 1
3 1 3980.7 6971.6 1
5 8 8.0 1627.5 1
4 6 3726.9 4104.7 1
5 3 3250.6 5183.8 1
6 1 2027.5 3265.3 1
2 9 773.5 3874.3 1
1 10 1651.8 4003.7 1
0 5 91.4 2039.1 1
1 5 2711.1 6084.3 1
7 6 748.7 2724.4 1
1 6 1351.3 3180.0 1
5 10 1495.6 4144.1 1
4 10 1966.4 3127.5 1
7 8 4339.9 6735.4 1
5 7 1281.5 3107.0 1
5 8 1681.0 4583.4 1
3 8 2951.3 3572.6 1
6 8 1831.7 2415.2 1
7 1 3194.0 4898.4 1
9 6 3354.4 6307.0 1
1 10 1645.5 2584.8 1
1 5 260.9 2555.9 1
1 9 243.8 773.3 1
4 6 4286.8 5480.0 1
7 6 4211.4 6422.0 1
6 9 1353.4 3602.4 1
7 2 1314.4 3827.1 1
5 7 2276.0 5338.8 1
7 10 335.1 2235.7 1
3 8 2308.7 4732.8 1
1 3 2408.5 3554.2 1
2 8 666.0 2604.1 1
4 2 3989.8 4072.7 1
5 8 1597.6 3953.2 1
4 2 3173.5 5371.6 1
4 2 1051.7 3288.0 1
9 8 1145.3 1222.8 1
0 9 861.1 2413.0 1
EOF
