NUM_STATIONS: 10
NUM_REQUESTS: 20
NUM_VEHICLES: 1
VEHICLE_CAPACITY: 2
DISTANCES
0 1 8.3
1 2 2.5
2 3 8.9
3 4 6.4
4 5 8.5
5 6 5.9
6 7 7.6
7 8 9.1
8 9 7.1
9 0 6.5
REQUEST_SECTION
4 1 527.0 874.4 1
9 3 1.1 263.8 1
9 10 173.1 560.9 1
7 2 680.6 866.1 1
9 1 135.3 323.9 1
4 2 262.9 436.1 1
1 10 463.1 550.3 1
1 5 265.7 506.8 1
5 7 399.1 674.3 1
6 7 609.7 749.1 1
2 1 468.9 651.3 1
0 3 223.1 482.2 1
8 5 324.9 666.5 1
0 6 439.0 555.1 1
3 2 496.8 656.9 1
1 2 420.0 727.8 1
0 9 292.9 697.7 1
2 5 370.3 584.6 1
2 1 6.8 296.8 1
9 8 355.9 522.4 1
EOF
