NUM_STATIONS: 10
NUM_REQUESTS: 40
NUM_VEHICLES: 1
VEHICLE_CAPACITY: 2
DISTANCES
0 1 2.8
1 2 2.9
2 3 8.4
3 4 7.3
4 5 6.1
5 6 1.6
6 7 8.4
7 8 7.7
8 9 3.2
9 0 1.5
REQUEST_SECTION
4 8 275.7 376.8 1
3 10 502.3 809.3 1
6 4 765.4 1235.2 1
1 6 540.5 1051.1 1
0 4 75.1 130.5 1
5 3 695.1 1085.7 1
6 9 507.1 767.4 1
1 10 789.2 852.8 1
1 9 759.6 963.9 1
0 6 677.7 840.9 1
6 9 17.9 385.0 1
5 6 442.5 805.8 1
9 3 957.8 1345.6 1
6 2 760.7 894.8 1
9 3 354.9 861.5 1
0 2 363.3 737.4 1
9 5 344.9 778.1 1
7 4 954.7 1283.2 1
1 5 127.4 270.5 1
5 4 563.8 962.9 1
8 5 160.0 535.9 1
7 6 647.7 920.1 1
4 1 562.0 920.3 1
4 10 941.6 1418.6 1
7 5 859.0 1350.7 1
1 10 399.6 687.7 1
3 5 725.8 780.0 1
2 5 146.5 235.4 1
6 8 887.9 1034.7 1
4 7 871.6 981.5 1
9 1 847.1 1286.8 1
6 3 552.3 720.9 1
8 9 564.9 1011.6 1
6 3 883.6 1186.5 1
5 2 777.6 1138.7 1
8 5 396.4 838.7 1
7 9 105.5 326.8 1
5 4 579.4 1085.1 1
0 2 572.5 987.3 1
2 4 994.1 1062.0 1
EOF
