NUM_STATIONS: 10
NUM_REQUESTS: 40
NUM_VEHICLES: 3
VEHICLE_CAPACITY: 4
DISTANCES
0 1 3.4
1 2 6.2
2 3 7.9
3 4 7.1
4 5 5.2
5 6 1.5
6 7 5.2
7 8 1.2
8 9 5.0
9 0 2.1
REQUEST_SECTION
3 7 54.6 108.0 1
4 5 23.5 131.6 1
4 5 110.5 186.2 1
2 9 12.7 78.2 1
4 6 111.9 209.0 1
2 7 99.1 148.3 1
2 4 46.0 160.3 1
5 6 63.4 176.9 1
4 1 116.9 223.9 1
0 7 27.0 141.3 1
6 3 141.1 237.6 1
0 2 118.6 225.3 1
9 3 12.4 103.5 1
7 6 75.9 170.8 1
7 5 30.0 118.0 1
3 7 147.2 214.8 1
4 2 106.3 221.7 1
0 9 111.3 210.1 1
2 3 76.8 189.3 1
2 9 16.7 122.3 1
0 4 128.9 207.1 1
2 10 54.6 139.3 1
2 6 143.8 205.1 1
8 4 36.2 85.7 1
3 7 97.6 150.2 1
0 1 63.1 177.0 1
7 1 18.6 114.5 1
8 4 28.1 123.3 1
0 3 7.5 87.6 1
9 7 132.6 184.6 1
0 4 8.4 63.6 1
7 2 57.5 141.0 1
8 6 137.5 221.3 1
4 10 16.2 79.8 1
9 6 62.9 162.8 1
1 5 136.7 229.5 1
4 2 32.8 86.1 1
3 5 56.4 165.5 1
9 7 107.3 171.6 1
5 7 98.2 206.3 1
EOF
