NUM_STATIONS: 10
NUM_REQUESTS: 40
NUM_VEHICLES: 1
VEHICLE_CAPACITY: 2
DISTANCES
0 1 3.4
1 2 6.2
2 3 7.9
3 4 7.1
4 5 5.2
5 6 1.5
6 7 5.2
7 8 1.2
8 9 5.0
9 0 2.1
REQUEST_SECTION
3 7 594.7 988.4 1
4 5 527.6 1004.8 1
4 5 88.1 299.1 1
2 9 608.2 867.4 1
4 6 73.3 230.6 1
2 7 332.3 799.5 1
2 4 418.2 708.7 1
5 6 641.8 855.3 1
4 1 168.9 228.7 1
0 7 184.6 422.8 1
6 3 376.6 535.1 1
0 2 409.5 874.8 1
9 3 93.3 407.1 1
7 6 154.4 505.3 1
7 5 654.6 950.8 1
3 7 437.3 909.5 1
4 2 728.8 1199.9 1
0 9 361.4 814.3 1
2 3 827.2 1058.9 1
2 9 373.1 542.9 1
0 4 648.1 1121.6 1
2 10 42.4 272.8 1
2 6 796.1 1196.9 1
8 4 346.4 515.8 1
3 7 296.8 489.1 1
0 1 307.7 500.4 1
7 1 555.9 817.2 1
8 4 650.2 1095.5 1
0 3 26.3 169.6 1
9 7 749.0 801.5 1
0 4 71.5 337.4 1
7 2 640.4 838.2 1
8 6 27.3 272.0 1
4 10 630.4 700.6 1
9 6 162.1 250.9 1
1 5 430.0 660.2 1
4 2 375.4 571.7 1
3 5 191.9 631.3 1
9 7 813.8 1076.6 1
5 7 12.8 252.1 1
EOF
