NUM_STATIONS: 10
NUM_REQUESTS: 160
NUM_VEHICLES: 1
VEHICLE_CAPACITY: 4
DISTANCES
0 1 6.3
1 2 1.5
2 3 7.8
3 4 9.8
4 5 9.9
5 6 6.9
6 7 1.6
7 8 5.2
8 9 2.2
9 0 6.8
REQUEST_SECTION
3 7 140.8 1576.7 1
2 4 1079.4 2285.4 1
2 7 423.7 578.0 1
7 4 732.3 2437.5 1
4 10 1616.9 2591.6 1
1 4 1609.7 1970.0 1
2 1 949.8 1403.8 1
5 9 1440.4 2326.2 1
7 3 929.1 2397.8 1
0 7 1307.3 2659.8 1
0 3 771.8 1612.8 1
0 5 346.5 1952.7 1
0 3 1345.2 2189.7 1
8 4 606.9 1697.2 1
3 4 605.1 1086.2 1
0 7 1238.7 2070.2 1
5 4 907.8 2517.2 1
9 8 341.8 1937.0 1
8 6 1708.6 3187.7 1
9 7 1045.6 2573.0 1
9 4 762.0 2292.9 1
2 4 119.2 1071.3 1
9 3 1702.8 2239.4 1
9 5 939.4 1177.4 1
1 6 648.8 845.4 1
9 4 1264.2 1406.6 1
9 2 179.7 1893.0 1
7 2 1121.5 2111.4 1
3 9 706.0 1277.9 1
1 2 408.1 1799.9 1
5 6 177.3 1735.6 1
0 8 175.9 1741.0 1
1 4 877.2 1208.2 1
8 3 1570.4 3085.0 1
0 1 300.2 866.2 1
3 2 733.1 1610.8 1
9 8 1407.7 2219.2 1
0 9 1479.9 2618.9 1
7 6 111.2 1036.6 1
6 2 556.6 1903.7 1
2 3 948.0 1469.0 1
2 3 350.7 578.5 1
2 8 1388.7 2395.3 1
7 3 382.0 1427.1 1
5 1 965.9 2011.5 1
9 6 1563.2 2339.3 1
0 2 29.4 536.7 1
5 2 660.8 2385.5 1
0 4 804.2 1796.1 1
0 1 247.9 1275.0 1
8 5 1665.5 2261.2 1
1 9 1131.3 2535.0 1
9 10 787.2 1377.0 1
9 10 807.1 1152.3 1
3 10 78.0 867.8 1
0 5 1478.5 2566.5 1
9 3 1194.7 2486.6 1
1 7 712.5 1541.2 1
2 9 211.2 1487.1 1
2 9 1341.0 2611.6 1
2 7 581.9 949.6 1
5 1 1499.2 1934.5 1
6 4 502.0 724.7 1
1 4 1405.5 1793.2 1
5 3 410.3 1791.4 1
2 5 1701.6 1952.3 1
4 10 664.9 2421.9 1
0 6 367.5 823.2 1
3 2 321.9 839.6 1
6 1 1320.5 2851.0 1
6 1 121.5 1650.6 1
7 1 1683.1 2423.9 1
9 10 1464.1 2442.1 1
3 4 415.5 1635.4 1
3 6 998.8 1343.2 1
1 4 521.2 870.9 1
2 4 458.7 1939.5 1
6 9 525.9 2141.5 1
3 7 31.5 640.1 1
9 4 1393.8 2431.4 1
5 4 124.4 772.1 1
0 3 217.5 1315.5 1
1 3 698.1 1946.0 1
9 1 322.0 1852.8 1
4 3 399.9 2006.9 1
9 10 420.1 1166.6 1
8 7 337.3 1888.2 1
1 7 1160.5 1930.5 1
7 6 798.0 1946.8 1
2 5 408.7 1139.2 1
0 2 978.1 2724.3 1
5 7 1679.5 3050.7 1
3 7 467.6 2192.6 1
4 10 95.2 491.5 1
5 10 372.6 689.8 1
7 5 1622.4 2742.2 1
1 6 1082.3 2123.0 1
7 1 1666.9 1981.2 1
1 5 1521.0 1757.2 1
6 8 1406.8 1754.2 1
3 5 375.5 1383.2 1
9 7 128.8 1190.9 1
4 9 657.8 2150.9 1
7 4 172.8 997.0 1
4 9 685.9 1938.0 1
8 2 1042.6 1526.9 1
4 9 693.3 1495.7 1
2 1 141.9 1528.5 1
8 10 1186.9 2728.1 1
5 1 1061.0 2674.3 1
9 1 1376.2 1607.3 1
0 4 1619.0 2364.4 1
0 2 1645.9 2593.5 1
6 1 879.5 2541.1 1
5 4 985.4 1365.1 1
5 1 824.2 1335.6 1
0 9 310.5 1021.0 1
6 9 130.9 509.2 1
6 5 852.2 1594.9 1
7 9 994.9 2471.6 1
8 6 1583.6 1938.9 1
1 6 329.0 1988.7 1
2 8 525.8 811.4 1
1 9 209.3 321.5 1
0 8 420.9 1410.3 1
7 1 197.4 1652.1 1
3 9 989.4 2711.8 1
7 10 1183.6 2133.5 1
2 4 884.1 999.5 1
8 7 789.6 1043.3 1
7 1 261.2 605.8 1
3 7 1270.6 2602.0 1
9 5 973.4 1558.6 1
0 8 1253.1 1384.9 1
9 3 526.7 1443.0 1
5 8 951.6 1695.8 1
1 3 1173.3 1799.2 1
1 9 902.9 1170.8 1
5 9 693.3 2410.9 1
2 5 1232.8 2903.3 1
8 3 162.2 1651.2 1
1 8 642.7 2027.0 1
6 9 477.1 1908.5 1
0 9 387.9 600.2 1
4 7 313.6 1705.2 1
2 8 252.0 1953.7 1
1 6 355.1 1382.1 1
1 10 492.5 1792.5 1
0 5 359.2 479.5 1
3 9 242.3 315.5 1
5 9 864.6 1504.1 1
4 5 1121.2 2170.5 1
7 1 1324.8 1694.7 1
9 1 1319.9 2396.8 1
4 10 1250.8 1398.2 1
6 1 1095.0 1760.2 1
7 3 1369.9 1968.0 1
3 8 1455.6 2635.5 1
0 9 941.3 2650.2 1
5 3 1316.3 2734.1 1
EOF
