NUM_STATIONS: 10
NUM_REQUESTS: 160
NUM_VEHICLES: 3
VEHICLE_CAPACITY: 8
DISTANCES
0 1 7.9
1 2 8.7
2 3 5.6
3 4 8.4
4 5 6.3
5 6 1.2
6 7 4.8
7 8 8.8
8 9 1.4
9 0 2.6
REQUEST_SECTION
0 1 131.5 341.4 1
7 1 174.6 389.0 1
6 4 15.2 311.2 1
1 3 205.4 521.7 1
3 4 63.9 278.1 1
6 5 291.3 412.4 1
7 4 55.1 237.8 1
2 1 133.0 402.0 1
6 2 346.5 560.1 1
1 2 313.9 427.0 1
1 6 305.9 503.5 1
5 4 154.7 367.4 1
4 2 272.1 396.5 1
8 6 218.4 433.4 1
6 7 44.0 355.8 1
7 1 328.7 472.6 1
6 5 88.6 344.8 1
0 8 126.5 284.8 1
9 7 322.5 477.2 1
7 3 84.9 199.1 1
5 6 54.7 148.1 1
1 10 348.3 469.8 1
9 4 264.6 375.9 1
0 1 147.6 231.7 1
3 5 284.1 601.2 1
8 7 355.5 609.3 1
3 8 88.6 176.3 1
0 1 47.0 275.0 1
7 2 265.7 528.8 1
4 6 31.5 123.3 1
1 9 93.8 215.0 1
1 7 134.5 435.0 1
7 10 286.9 578.5 1
4 6 223.8 325.9 1
7 5 64.1 393.2 1
8 1 301.7 591.5 1
2 8 302.9 454.4 1
3 10 0.4 333.0 1
7 8 203.7 399.9 1
7 10 231.2 363.1 1
3 7 339.4 643.8 1
9 10 266.9 341.1 1
5 2 262.4 527.4 1
7 1 65.7 221.0 1
1 10 197.4 277.7 1
9 10 1.5 205.4 1
3 4 193.0 291.6 1
9 10 8.8 316.8 1
5 6 319.6 505.9 1
1 4 336.2 466.3 1
1 3 111.8 432.0 1
8 2 344.1 458.1 1
2 7 102.9 198.3 1
8 1 141.9 346.8 1
3 6 305.9 394.7 1
6 7 14.2 213.3 1
4 9 343.7 411.2 1
3 5 202.4 335.0 1
5 6 172.7 494.4 1
9 5 76.4 164.6 1
4 10 156.6 436.7 1
0 4 6.9 65.2 1
9 10 177.4 303.3 1
1 7 145.1 224.3 1
8 6 256.1 388.7 1
2 8 159.5 319.9 1
5 1 141.8 232.3 1
9 1 83.3 308.1 1
8 4 339.6 572.3 1
6 4 7.0 144.9 1
3 5 180.6 360.9 1
7 1 253.2 578.2 1
0 7 232.8 331.7 1
5 9 142.2 406.8 1
1 9 197.9 510.0 1
4 1 327.5 421.8 1
9 3 337.7 554.0 1
8 5 123.7 234.7 1
6 10 172.8 441.1 1
7 1 5.4 63.6 1
3 10 270.4 357.6 1
6 8 329.7 554.5 1
5 8 120.4 184.4 1
9 8 145.3 264.4 1
7 4 145.1 223.5 1
0 4 141.9 229.0 1
2 9 99.0 307.9 1
0 7 230.2 474.4 1
0 4 47.2 146.0 1
1 6 263.6 404.5 1
0 6 263.8 457.8 1
0 5 336.5 551.4 1
7 1 296.3 418.8 1
1 3 253.6 349.2 1
3 8 224.1 440.0 1
7 2 178.0 283.8 1
6 2 269.3 598.9 1
8 9 194.2 383.8 1
0 3 304.2 594.5 1
2 7 53.1 157.2 1
6 1 241.5 547.5 1
8 9 175.6 296.5 1
6 4 250.8 346.8 1
0 4 353.5 575.8 1
7 3 303.0 392.8 1
6 4 198.6 300.5 1
3 8 214.7 323.4 1
9 7 3.6 190.3 1
3 1 64.1 340.0 1
2 8 124.4 261.5 1
3 2 294.6 415.3 1
1 10 148.0 204.8 1
8 5 264.1 332.1 1
1 8 41.0 353.4 1
1 10 125.7 291.5 1
8 10 84.4 266.3 1
6 8 341.5 580.4 1
3 6 305.7 448.5 1
8 9 1.6 225.8 1
2 7 300.0 520.0 1
0 7 135.4 272.8 1
6 2 147.9 470.8 1
3 1 185.5 286.8 1
5 8 355.1 632.8 1
4 6 148.6 309.7 1
5 3 32.3 227.9 1
6 1 266.6 584.0 1
2 9 155.5 432.1 1
1 10 370.6 596.6 1
0 5 354.9 484.0 1
1 5 50.1 156.2 1
7 6 156.7 485.7 1
1 6 261.7 342.2 1
5 10 184.6 353.6 1
4 10 121.7 444.7 1
7 8 129.5 301.8 1
5 7 269.4 342.1 1
5 8 138.1 394.7 1
3 8 229.4 350.7 1
6 8 200.3 372.4 1
7 1 47.5 189.8 1
9 6 99.9 165.1 1
1 10 312.4 521.6 1
1 5 80.4 349.7 1
1 9 66.2 165.1 1
4 6 332.7 456.3 1
7 6 90.5 242.3 1
6 9 199.6 415.9 1
7 2 295.3 372.1 1
5 7 33.3 362.3 1
7 10 185.7 490.5 1
3 8 285.2 551.5 1
1 3 48.9 376.3 1
2 8 21.6 326.3 1
4 2 318.7 619.7 1
5 8 217.1 302.8 1
4 2 106.0 175.8 1
4 2 275.3 486.1 1
9 8 151.7 369.7 1
0 9 185.8 255.4 1
EOF
