NUM_STATIONS: 10
NUM_REQUESTS: 160
NUM_VEHICLES: 3
VEHICLE_CAPACITY: 4
DISTANCES
0 1 7.9
1 2 8.7
2 3 5.6
3 4 8.4
4 5 6.3
5 6 1.2
6 7 4.8
7 8 8.8
8 9 1.4
9 0 2.6
REQUEST_SECTION
0 1 545.1 650.8 1
7 1 492.7 603.9 1
6 4 427.6 776.5 1
1 3 621.9 689.3 1
3 4 597.6 1151.7 1
6 5 347.7 525.5 1
7 4 30.2 299.0 1
2 1 256.1 741.7 1
6 2 163.9 317.8 1
1 2 316.3 792.2 1
1 6 566.2 949.1 1
5 4 431.3 845.4 1
4 2 357.8 929.5 1
8 6 72.3 359.9 1
6 7 312.4 729.8 1
7 1 271.8 399.5 1
6 5 175.0 683.3 1
0 8 475.0 672.9 1
9 7 229.6 488.4 1
7 3 210.7 580.0 1
5 6 176.5 403.7 1
1 10 310.3 821.9 1
9 4 633.5 833.6 1
0 1 263.3 368.6 1
3 5 320.5 624.0 1
8 7 553.8 1130.4 1
3 8 187.9 608.3 1
0 1 622.2 824.1 1
7 2 116.2 279.8 1
4 6 554.6 681.9 1
1 9 191.3 446.6 1
1 7 115.8 322.4 1
7 10 356.1 672.1 1
4 6 255.4 673.2 1
7 5 40.3 643.3 1
8 1 704.3 1195.2 1
2 8 484.3 957.1 1
3 10 276.5 409.5 1
7 8 216.5 764.1 1
7 10 180.2 466.5 1
3 7 514.4 762.9 1
9 10 607.3 1168.7 1
5 2 164.9 625.6 1
7 1 564.8 1088.2 1
1 10 69.2 276.1 1
9 10 132.7 663.9 1
3 4 722.6 1159.9 1
9 10 251.6 586.9 1
5 6 484.3 954.6 1
1 4 711.3 1319.1 1
1 3 697.7 890.1 1
8 2 359.5 952.8 1
2 7 318.9 553.4 1
8 1 201.0 599.1 1
3 6 226.8 649.1 1
6 7 33.8 583.7 1
4 9 617.4 1034.0 1
3 5 437.0 538.7 1
5 6 511.0 1122.9 1
9 5 13.3 412.5 1
4 10 605.1 1129.3 1
0 4 444.3 626.8 1
9 10 672.5 1208.0 1
1 7 346.3 633.9 1
8 6 164.2 492.5 1
2 8 143.0 416.8 1
5 1 648.8 1080.7 1
9 1 427.9 656.3 1
8 4 173.2 387.4 1
6 4 432.7 536.1 1
3 5 463.7 878.8 1
7 1 617.2 982.3 1
0 7 710.1 918.4 1
5 9 398.0 607.7 1
1 9 334.7 567.7 1
4 1 231.1 700.4 1
9 3 92.4 560.5 1
8 5 550.0 769.9 1
6 10 130.4 618.5 1
7 1 90.3 432.6 1
3 10 695.6 1143.8 1
6 8 217.1 479.9 1
5 8 406.7 712.9 1
9 8 698.8 1265.9 1
7 4 5.8 92.6 1
0 4 229.7 730.4 1
2 9 563.8 932.4 1
0 7 518.1 781.3 1
0 4 339.2 565.0 1
1 6 497.0 949.4 1
0 6 67.9 231.3 1
0 5 276.0 483.0 1
7 1 80.3 673.1 1
1 3 648.1 984.6 1
3 8 509.0 1108.0 1
7 2 683.0 851.8 1
6 2 615.2 976.4 1
8 9 23.3 556.8 1
0 3 321.9 602.2 1
2 7 241.4 740.9 1
6 1 727.7 898.9 1
8 9 730.6 1012.3 1
6 4 1.2 491.9 1
0 4 576.0 742.1 1
7 3 3.5 604.1 1
6 4 392.4 458.3 1
3 8 722.9 1216.2 1
9 7 714.6 862.7 1
3 1 98.0 523.1 1
2 8 588.4 1040.4 1
3 2 86.9 509.9 1
1 10 375.5 873.8 1
8 5 154.6 397.2 1
1 8 531.9 688.4 1
1 10 582.6 652.7 1
8 10 377.0 912.2 1
6 8 486.7 803.0 1
3 6 496.7 1090.7 1
8 9 316.6 557.2 1
2 7 168.0 668.2 1
0 7 410.4 847.7 1
6 2 137.3 321.8 1
3 1 177.8 742.4 1
5 8 651.2 869.9 1
4 6 626.9 762.6 1
5 3 615.8 770.9 1
6 1 694.8 1133.0 1
2 9 413.5 752.2 1
1 10 497.4 852.3 1
0 5 135.9 236.7 1
1 5 471.4 786.2 1
7 6 221.5 795.6 1
1 6 611.4 1069.5 1
5 10 713.1 1295.1 1
4 10 658.9 1216.7 1
7 8 180.1 705.9 1
5 7 247.7 846.8 1
5 8 179.6 676.6 1
3 8 605.6 690.2 1
6 8 699.0 991.5 1
7 1 128.2 668.4 1
9 6 626.7 1002.0 1
1 10 286.1 659.7 1
1 5 580.4 897.2 1
1 9 64.1 554.4 1
4 6 595.0 1041.9 1
7 6 594.3 941.6 1
6 9 399.7 863.8 1
7 2 410.5 472.8 1
5 7 730.5 904.7 1
7 10 14.9 533.1 1
3 8 35.6 600.8 1
1 3 640.9 1005.4 1
2 8 618.9 980.3 1
4 2 302.3 543.0 1
5 8 8.7 200.0 1
4 2 243.9 555.8 1
4 2 169.2 766.2 1
9 8 366.4 690.5 1
0 9 682.7 1132.8 1
EOF
