NUM_STATIONS: 10
NUM_REQUESTS: 40
NUM_VEHICLES: 2
VEHICLE_CAPACITY: 1
DISTANCES
0 1 4.3
1 2 4.7
2 3 7.7
3 4 5.3
4 5 3.2
5 6 1.5
6 7 9.1
7 8 3.7
8 9 3.4
9 0 3.5
REQUEST_SECTION
2 7 7.3 285.6 1
8 10 506.2 884.0 1
4 9 185.9 477.3 1
1 7 361.6 482.3 1
9 5 575.1 1041.5 1
8 6 589.5 854.9 1
2 6 19.6 183.3 1
6 5 215.2 648.4 1
4 9 223.0 460.0 1
6 9 141.7 361.4 1
1 5 232.6 679.5 1
3 8 201.5 392.9 1
9 10 798.0 980.1 1
4 5 521.4 649.7 1
5 6 166.0 577.1 1
3 9 146.1 596.2 1
5 7 504.3 881.2 1
0 5 265.1 718.4 1
5 10 12.9 441.7 1
0 2 342.6 568.7 1
0 4 135.0 458.1 1
1 7 70.7 401.9 1
0 3 140.0 345.9 1
9 3 90.5 176.2 1
3 6 128.3 241.3 1
9 7 464.3 607.6 1
4 7 524.6 615.1 1
2 5 64.9 513.1 1
2 5 527.9 1016.3 1
0 4 510.7 708.9 1
0 9 308.5 656.5 1
7 1 157.1 336.1 1
7 2 129.9 534.2 1
1 9 358.5 524.4 1
2 7 255.3 518.7 1
9 8 218.4 338.4 1
7 6 392.2 848.1 1
4 2 183.5 381.6 1
1 6 677.4 997.9 1
4 1 920.7 1325.4 1
EOF
