NUM_STATIONS: 10
NUM_REQUESTS: 40
NUM_VEHICLES: 3
VEHICLE_CAPACITY: 1
DISTANCES
0 1 4.3
1 2 4.7
2 3 7.7
3 4 5.3
4 5 3.2
5 6 1.5
6 7 9.1
7 8 3.7
8 9 3.4
9 0 3.5
REQUEST_SECTION
2 7 84.5 144.4 1
8 10 31.5 540.0 1
4 9 107.4 401.7 1
1 7 420.1 706.6 1
9 5 153.6 646.0 1
8 6 134.1 579.4 1
2 6 168.1 247.9 1
6 5 95.3 487.8 1
4 9 286.7 378.1 1
6 9 73.8 397.7 1
1 5 242.9 372.7 1
3 8 437.9 881.8 1
9 10 373.4 659.2 1
4 5 167.9 415.0 1
5 6 112.6 483.0 1
3 9 146.7 232.0 1
5 7 320.4 509.7 1
0 5 72.2 573.8 1
5 10 225.5 402.9 1
0 2 326.8 489.3 1
0 4 437.4 523.6 1
1 7 401.6 814.7 1
0 3 22.2 171.3 1
9 3 100.0 196.5 1
3 6 24.1 121.9 1
9 7 227.8 506.5 1
4 7 35.4 488.4 1
2 5 170.2 364.2 1
2 5 195.3 263.5 1
0 4 209.3 547.9 1
0 9 331.1 723.3 1
7 1 408.9 475.0 1
7 2 260.7 465.3 1
1 9 205.4 706.6 1
2 7 401.4 521.6 1
9 8 284.5 410.6 1
7 6 201.9 351.9 1
4 2 199.7 559.8 1
1 6 44.7 368.3 1
4 1 280.0 404.6 1
EOF
