NUM_STATIONS: 10
NUM_REQUESTS: 20
NUM_VEHICLES: 3
VEHICLE_CAPACITY: 8
DISTANCES
0 1 6.6
1 2 8.7
2 3 5.9
3 4 9.0
4 5 3.2
5 6 7.2
6 7 4.7
7 8 8.2
8 9 3.5
9 0 6.8
REQUEST_SECTION
3 5 52.5 146.9 1
1 7 50.9 149.7 1
4 5 47.1 124.6 1
0 6 35.5 126.9 1
1 7 46.8 120.4 1
6 7 37.4 105.4 1
0 8 39.5 115.9 1
1 4 31.2 134.9 1
0 5 0.2 103.0 1
6 1 25.6 129.3 1
0 8 50.3 128.9 1
8 2 27.8 115.2 1
8 2 48.8 134.2 1
4 1 41.7 120.2 1
4 7 10.4 113.0 1
5 10 20.4 117.4 1
7 3 11.8 76.0 1
6 2 40.9 130.6 1
0 8 24.4 104.6 1
5 8 38.9 132.9 1
EOF
