NUM_STATIONS: 10
NUM_REQUESTS: 160
NUM_VEHICLES: 3
VEHICLE_CAPACITY: 4
DISTANCES
0 1 6.3
1 2 7.7
2 3 3.8
3 4 4.5
4 5 9.5
5 6 2.1
6 7 8.1
7 8 3.8
8 9 3.5
9 0 1.8
REQUEST_SECTION
8 5 258.7 775.0 1
2 7 14.5 448.3 1
0 6 342.5 517.8 1
4 2 122.9 400.8 1
6 1 371.5 549.8 1
6 5 463.1 898.6 1
4 5 404.3 627.1 1
1 7 25.2 272.4 1
9 1 471.7 661.8 1
8 4 10.4 473.5 1
6 8 319.7 533.0 1
3 10 120.0 523.3 1
9 6 334.8 597.2 1
1 3 372.0 855.8 1
9 1 157.1 698.4 1
6 5 486.3 782.1 1
1 10 420.6 578.6 1
0 8 363.5 915.0 1
7 10 44.6 510.6 1
2 5 333.8 438.1 1
3 9 129.0 460.7 1
9 5 105.8 547.2 1
2 4 243.3 685.4 1
0 5 198.2 375.7 1
6 5 202.1 539.5 1
1 3 189.1 304.3 1
7 5 264.2 440.3 1
0 4 117.0 498.4 1
2 10 86.7 193.0 1
1 10 391.4 895.7 1
4 1 90.4 153.9 1
5 8 420.6 697.4 1
8 5 464.1 987.1 1
4 10 501.7 1030.9 1
6 3 442.3 836.0 1
6 5 35.8 162.2 1
1 7 230.1 467.2 1
3 1 186.2 238.4 1
0 3 44.0 406.5 1
3 2 467.7 646.0 1
7 4 172.8 623.6 1
6 4 450.3 537.4 1
3 8 99.6 566.8 1
7 2 146.9 416.7 1
8 3 80.2 407.1 1
8 2 59.4 323.8 1
2 3 155.7 271.4 1
0 1 69.9 330.4 1
5 8 504.4 876.7 1
2 7 190.2 380.0 1
8 4 153.4 302.3 1
3 8 316.4 588.6 1
2 5 506.8 1032.6 1
4 1 469.6 569.4 1
6 4 501.9 568.7 1
4 5 202.3 431.9 1
6 7 60.3 157.2 1
2 8 180.5 485.7 1
8 10 174.4 343.0 1
9 8 28.7 257.2 1
9 3 474.5 538.5 1
8 9 42.3 486.6 1
8 9 482.3 920.1 1
8 10 341.9 545.1 1
3 9 289.9 367.6 1
2 8 482.6 556.3 1
7 3 236.4 493.3 1
1 8 236.8 659.3 1
9 1 424.4 801.9 1
4 6 482.3 573.7 1
2 10 159.2 642.4 1
0 3 317.7 581.6 1
0 5 195.3 648.5 1
5 3 58.2 451.0 1
9 3 215.1 443.7 1
9 4 108.1 477.2 1
3 2 41.0 109.3 1
5 4 257.2 657.0 1
7 1 66.9 150.8 1
0 7 118.9 642.5 1
5 8 223.0 314.1 1
9 1 151.2 569.5 1
3 4 106.7 664.3 1
4 9 406.1 815.8 1
5 1 102.2 174.5 1
5 2 21.3 274.0 1
2 1 508.9 831.7 1
8 2 214.4 380.2 1
0 8 31.1 255.8 1
3 1 12.3 192.8 1
2 10 347.0 745.9 1
0 8 236.2 481.2 1
6 9 246.8 396.4 1
3 8 381.7 586.8 1
4 2 346.6 831.4 1
7 4 340.4 402.1 1
9 1 339.2 772.7 1
7 8 281.2 418.4 1
4 7 88.8 293.4 1
8 5 427.9 957.2 1
8 7 313.5 794.1 1
3 1 176.0 682.0 1
6 3 380.2 543.2 1
5 9 329.7 611.9 1
3 7 185.3 423.3 1
2 7 242.8 459.5 1
2 7 73.1 329.2 1
9 10 280.0 662.8 1
0 8 150.3 347.8 1
7 8 364.4 505.7 1
4 3 95.0 438.3 1
6 7 430.9 592.1 1
1 6 307.1 492.0 1
5 1 187.5 580.3 1
4 9 395.8 613.6 1
3 8 432.4 950.4 1
5 7 443.6 954.8 1
6 9 265.1 735.7 1
1 5 22.0 427.6 1
8 2 96.0 497.8 1
9 10 398.4 777.2 1
5 7 199.9 436.4 1
5 4 316.4 538.2 1
7 6 122.4 362.8 1
5 9 485.1 666.0 1
9 7 425.4 612.1 1
3 5 15.4 244.5 1
5 9 341.2 417.9 1
7 8 449.3 996.0 1
0 5 476.8 990.0 1
6 3 108.2 529.2 1
2 5 55.6 120.5 1
9 8 21.8 194.6 1
1 10 388.9 872.5 1
4 6 81.9 338.2 1
4 9 492.9 758.5 1
6 7 44.1 145.6 1
8 1 115.6 297.7 1
7 2 356.5 899.2 1
8 7 172.9 421.3 1
6 8 86.2 235.4 1
1 6 34.9 561.7 1
0 3 189.2 725.2 1
5 1 38.0 583.9 1
0 4 211.3 459.2 1
9 4 495.7 1040.3 1
1 10 236.3 698.7 1
8 5 480.2 822.9 1
7 6 251.9 316.9 1
3 9 408.4 477.1 1
0 8 75.0 351.4 1
2 9 474.2 551.4 1
9 8 170.5 642.9 1
1 9 493.1 696.2 1
1 8 382.7 651.2 1
0 5 346.3 625.8 1
4 6 484.6 715.4 1
7 5 465.7 999.3 1
9 6 75.8 537.3 1
8 5 14.4 231.6 1
EOF
