NUM_STATIONS: 10
NUM_REQUESTS: 160
NUM_VEHICLES: 3
VEHICLE_CAPACITY: 1
DISTANCES
0 1 6.3
1 2 1.5
2 3 7.8
3 4 9.8
4 5 9.9
5 6 6.9
6 7 1.6
7 8 5.2
8 9 2.2
9 0 6.8
REQUEST_SECTION
3 7 1284.5 2767.1 1
2 4 1519.7 2962.8 1
2 7 289.7 1695.4 1
7 4 1327.6 3080.6 1
4 10 1432.3 2256.2 1
1 4 346.5 1293.5 1
2 1 2839.7 3301.1 1
5 9 1900.3 3818.7 1
7 3 2508.3 3210.8 1
0 7 832.1 3197.3 1
0 3 1833.1 2735.8 1
0 5 574.6 1340.5 1
0 3 2205.8 2576.5 1
8 4 1869.7 3032.6 1
3 4 192.0 418.0 1
0 7 367.5 658.5 1
5 4 725.0 2577.9 1
9 8 933.8 3022.1 1
8 6 1223.8 2375.3 1
9 7 2352.1 3704.1 1
9 4 108.4 2266.7 1
2 4 474.9 619.6 1
9 3 1188.1 1688.6 1
9 5 641.2 1673.1 1
1 6 2415.2 4444.2 1
9 4 775.6 2080.6 1
9 2 2362.9 3932.2 1
7 2 965.0 2858.7 1
3 9 547.6 1601.9 1
1 2 929.8 2672.2 1
5 6 195.7 1461.8 1
0 8 957.4 1597.5 1
1 4 1953.7 4310.0 1
8 3 1755.7 3918.9 1
0 1 237.6 981.7 1
3 2 224.6 494.5 1
9 8 1660.7 2983.4 1
0 9 1360.0 2902.6 1
7 6 2974.2 3054.1 1
6 2 3063.8 4702.1 1
2 3 563.0 719.5 1
2 3 1918.5 2351.6 1
2 8 2967.3 3172.5 1
7 3 1458.1 3727.3 1
5 1 889.6 2718.6 1
9 6 2919.4 5163.1 1
0 2 2307.8 2793.8 1
5 2 228.6 327.9 1
0 4 511.1 2514.0 1
0 1 2529.4 3411.8 1
8 5 1248.2 2481.4 1
1 9 801.8 2955.3 1
9 10 1557.2 3689.2 1
9 10 893.3 2075.2 1
3 10 51.9 1915.2 1
0 5 2382.2 3402.9 1
9 3 2403.8 4367.2 1
1 7 2273.4 2433.9 1
2 9 2776.7 4444.6 1
2 9 1964.2 2318.1 1
2 7 875.7 2489.8 1
5 1 557.0 1621.8 1
6 4 1331.6 2206.9 1
1 4 2466.5 3676.2 1
5 3 2477.9 4093.9 1
2 5 735.7 2909.6 1
4 10 1693.8 3694.7 1
0 6 1141.5 1420.8 1
3 2 2711.8 3642.9 1
6 1 2091.4 4229.9 1
6 1 2550.9 4755.5 1
7 1 1576.4 3913.2 1
9 10 2269.6 4487.2 1
3 4 1883.3 2853.5 1
3 6 631.6 2816.0 1
1 4 2876.5 3360.7 1
2 4 2501.0 3643.4 1
6 9 968.8 2286.9 1
3 7 1063.2 2498.7 1
9 4 63.3 846.4 1
5 4 2814.3 4325.6 1
0 3 2074.3 2829.5 1
1 3 1816.9 2577.8 1
9 1 1878.9 2639.1 1
4 3 12.3 531.8 1
9 10 718.2 1317.3 1
8 7 1745.3 2176.4 1
1 7 1016.0 1710.1 1
7 6 1937.9 4078.9 1
2 5 2822.0 3919.4 1
0 2 1270.7 2225.9 1
5 7 1978.0 3244.6 1
3 7 2829.0 3467.6 1
4 10 934.1 2481.0 1
5 10 1914.2 3734.3 1
7 5 1365.6 2871.3 1
1 6 832.4 2329.0 1
7 1 1898.5 2598.3 1
1 5 1570.1 2091.2 1
6 8 1038.5 2697.6 1
3 5 1981.0 2849.4 1
9 7 757.5 2862.5 1
4 9 995.9 2160.6 1
7 4 1553.8 3269.6 1
4 9 1348.9 1476.5 1
8 2 3005.0 4175.5 1
4 9 2954.3 3108.6 1
2 1 629.4 849.4 1
8 10 180.4 2321.5 1
5 1 2357.6 2724.4 1
9 1 912.1 3247.9 1
0 4 2826.6 3161.0 1
0 2 195.3 1067.5 1
6 1 686.5 2198.3 1
5 4 615.5 916.5 1
5 1 222.7 2494.0 1
0 9 2925.5 4366.6 1
6 9 2034.7 2701.9 1
6 5 279.1 675.9 1
7 9 1431.9 2086.7 1
8 6 1700.2 2725.6 1
1 6 2378.9 4269.3 1
2 8 558.3 846.0 1
1 9 674.5 1412.4 1
0 8 321.4 539.2 1
7 1 2985.5 4093.6 1
3 9 982.6 2603.5 1
7 10 1383.2 1483.7 1
2 4 2728.8 3480.1 1
8 7 947.1 1394.4 1
7 1 1419.8 3512.8 1
3 7 1517.2 2322.6 1
9 5 1504.8 2698.4 1
0 8 217.3 2189.4 1
9 3 2376.1 4109.6 1
5 8 2470.1 3428.6 1
1 3 2351.8 4564.8 1
1 9 2920.5 4630.2 1
5 9 1045.5 1239.0 1
2 5 1346.6 1830.7 1
8 3 992.7 1525.4 1
1 8 2595.3 2805.8 1
6 9 1667.4 2954.9 1
0 9 644.1 870.6 1
4 7 2232.9 3972.8 1
2 8 1031.2 2828.0 1
1 6 3064.8 4645.4 1
1 10 1302.7 2645.7 1
0 5 729.6 1624.1 1
3 9 2286.4 2462.2 1
5 9 494.4 645.6 1
4 5 783.2 1128.7 1
7 1 826.6 1387.7 1
9 1 2449.1 3923.2 1
4 10 1806.0 3488.8 1
6 1 2362.4 3038.7 1
7 3 1191.6 2472.0 1
3 8 2994.6 4143.6 1
0 9 2217.5 3497.0 1
5 3 1607.1 2975.1 1
EOF
