NUM_STATIONS: 10
NUM_REQUESTS: 160
NUM_VEHICLES: 3
VEHICLE_CAPACITY: 8
DISTANCES
0 1 6.3
1 2 1.5
2 3 7.8
3 4 9.8
4 5 9.9
5 6 6.9
6 7 1.6
7 8 5.2
8 9 2.2
9 0 6.8
REQUEST_SECTION
3 7 179.9 390.7 1
2 4 55.4 327.3 1
2 7 226.4 503.8 1
7 4 300.8 525.4 1
4 10 276.6 585.0 1
1 4 279.3 538.3 1
2 1 105.2 207.6 1
5 9 339.7 519.3 1
7 3 264.0 505.4 1
0 7 337.8 524.3 1
0 3 256.9 397.6 1
0 5 325.3 556.5 1
0 3 199.7 352.8 1
8 4 113.6 278.6 1
3 4 78.4 160.8 1
0 7 42.6 118.1 1
5 4 195.3 442.3 1
9 8 68.1 413.7 1
8 6 12.1 359.6 1
9 7 272.7 522.7 1
9 4 138.9 388.9 1
2 4 299.1 436.4 1
9 3 36.3 297.0 1
9 5 37.9 246.3 1
1 6 48.1 117.7 1
9 4 228.7 299.6 1
9 2 331.8 654.7 1
7 2 278.6 481.0 1
3 9 276.2 475.2 1
1 2 79.4 297.8 1
5 6 255.5 424.6 1
0 8 34.2 334.3 1
1 4 27.4 154.6 1
8 3 270.8 369.6 1
0 1 264.5 595.7 1
3 2 216.6 526.0 1
9 8 368.0 634.7 1
0 9 285.5 356.4 1
7 6 212.5 481.7 1
6 2 275.4 593.9 1
2 3 130.3 275.8 1
2 3 96.4 247.5 1
2 8 210.2 416.9 1
7 3 133.3 245.9 1
5 1 180.8 298.4 1
9 6 289.5 608.2 1
0 2 179.3 282.7 1
5 2 42.6 119.7 1
0 4 194.7 402.8 1
0 1 106.9 383.3 1
8 5 35.0 149.8 1
1 9 296.6 402.8 1
9 10 312.8 468.2 1
9 10 373.8 491.7 1
3 10 111.2 327.3 1
0 5 22.6 310.7 1
9 3 333.9 402.8 1
1 7 91.1 252.4 1
2 9 279.2 433.3 1
2 9 83.8 261.1 1
2 7 308.2 562.3 1
5 1 232.5 471.1 1
6 4 82.3 387.1 1
1 4 35.6 167.5 1
5 3 212.2 414.9 1
2 5 47.1 228.9 1
4 10 272.4 519.1 1
0 6 350.5 428.5 1
3 2 252.9 482.5 1
6 1 179.7 525.2 1
6 1 333.6 605.0 1
7 1 244.2 584.0 1
9 10 252.6 499.1 1
3 4 230.4 365.0 1
3 6 115.5 435.1 1
1 4 384.7 570.9 1
2 4 49.3 359.9 1
6 9 37.7 377.5 1
3 7 161.1 274.6 1
9 4 41.2 225.1 1
5 4 138.9 479.8 1
0 3 42.3 330.3 1
1 3 342.3 538.5 1
9 1 276.2 512.8 1
4 3 238.2 397.9 1
9 10 346.0 595.9 1
8 7 284.7 390.6 1
1 7 31.7 301.5 1
7 6 23.9 175.0 1
2 5 12.0 125.3 1
0 2 33.8 101.6 1
5 7 190.9 273.6 1
3 7 113.0 328.2 1
4 10 88.3 211.3 1
5 10 189.3 300.8 1
7 5 147.8 254.3 1
1 6 191.1 399.8 1
7 1 297.5 504.0 1
1 5 347.6 442.2 1
6 8 32.4 200.1 1
3 5 89.1 221.2 1
9 7 222.5 428.8 1
4 9 106.6 449.4 1
7 4 83.7 402.6 1
4 9 329.4 391.7 1
8 2 347.8 496.5 1
4 9 311.9 608.4 1
2 1 264.5 519.6 1
8 10 204.8 327.8 1
5 1 247.6 505.8 1
9 1 290.6 383.3 1
0 4 117.6 335.1 1
0 2 355.1 554.5 1
6 1 110.9 249.2 1
5 4 354.8 509.5 1
5 1 24.8 215.9 1
0 9 169.8 440.0 1
6 9 186.2 495.6 1
6 5 291.9 528.2 1
7 9 386.3 687.6 1
8 6 73.7 270.2 1
1 6 82.7 384.1 1
2 8 31.5 275.1 1
1 9 268.1 352.9 1
0 8 187.2 312.8 1
7 1 246.0 510.2 1
3 9 166.2 388.3 1
7 10 160.0 278.1 1
2 4 1.2 63.2 1
8 7 194.9 488.3 1
7 1 7.4 98.1 1
3 7 332.9 533.5 1
9 5 228.0 571.8 1
0 8 94.5 176.7 1
9 3 136.6 419.1 1
5 8 211.8 397.7 1
1 3 252.6 378.8 1
1 9 249.7 310.2 1
5 9 171.6 271.1 1
2 5 311.2 579.3 1
8 3 79.9 331.2 1
1 8 67.7 316.8 1
6 9 254.3 420.6 1
0 9 157.9 302.1 1
4 7 203.5 266.3 1
2 8 355.6 666.3 1
1 6 73.0 351.8 1
1 10 322.8 567.1 1
0 5 168.7 227.9 1
3 9 58.4 276.0 1
5 9 60.8 249.7 1
4 5 53.7 149.0 1
7 1 85.1 315.9 1
9 1 201.4 286.2 1
4 10 128.1 263.8 1
6 1 177.2 381.7 1
7 3 59.9 234.2 1
3 8 337.6 667.4 1
0 9 183.3 437.1 1
5 3 54.8 260.4 1
EOF
