NUM_STATIONS: 10
NUM_REQUESTS: 20
NUM_VEHICLES: 3
VEHICLE_CAPACITY: 2
DISTANCES
0 1 5.2
1 2 3.6
2 3 9.0
3 4 5.2
4 5 4.6
5 6 6.8
6 7 9.5
7 8 9.5
8 9 7.9
9 0 8.3
REQUEST_SECTION
3 5 18.5 95.0 1
5 3 64.4 134.2 1
0 4 119.7 255.1 1
0 7 100.1 256.0 1
0 5 133.6 235.4 1
3 5 171.2 323.9 1
2 7 137.3 299.7 1
4 5 79.7 239.2 1
7 10 62.3 165.7 1
4 5 16.2 135.5 1
9 5 11.4 95.1 1
5 8 149.3 223.4 1
0 8 90.8 263.6 1
4 5 27.4 127.7 1
1 9 110.0 263.6 1
7 8 101.8 278.3 1
1 3 113.9 210.5 1
1 8 114.9 289.3 1
6 3 10.1 86.3 1
6 7 142.5 249.9 1
EOF
