NUM_STATIONS: 10
NUM_REQUESTS: 40
NUM_VEHICLES: 2
VEHICLE_CAPACITY: 4
DISTANCES
0 1 4.3
1 2 4.7
2 3 7.7
3 4 5.3
4 5 3.2
5 6 1.5
6 7 9.1
7 8 3.7
8 9 3.4
9 0 3.5
REQUEST_SECTION
2 7 156.4 237.1 1
8 10 146.5 254.0 1
4 9 69.8 209.0 1
1 7 104.4 211.8 1
9 5 58.8 210.0 1
8 6 67.4 154.9 1
2 6 143.2 296.6 1
6 5 136.3 206.2 1
4 9 172.9 311.7 1
6 9 70.4 163.6 1
1 5 138.8 226.4 1
3 8 42.0 95.1 1
9 10 38.4 115.4 1
4 5 163.3 303.8 1
5 6 18.5 86.2 1
3 9 77.0 184.2 1
5 7 39.9 106.5 1
0 5 160.2 226.4 1
5 10 135.7 283.2 1
0 2 59.8 185.4 1
0 4 157.9 259.4 1
1 7 115.0 170.1 1
0 3 85.1 140.1 1
9 3 165.1 282.1 1
3 6 135.3 220.2 1
9 7 80.1 157.4 1
4 7 12.3 68.5 1
2 5 170.0 256.5 1
2 5 15.1 162.2 1
0 4 60.6 156.5 1
0 9 29.5 180.1 1
7 1 116.3 221.5 1
7 2 1.3 112.3 1
1 9 164.6 279.2 1
2 7 1.0 151.8 1
9 8 123.7 226.8 1
7 6 169.2 240.8 1
4 2 78.7 144.3 1
1 6 47.5 115.7 1
4 1 49.5 134.1 1
EOF
