NUM_STATIONS: 10
NUM_REQUESTS: 160
NUM_VEHICLES: 3
VEHICLE_CAPACITY: 4
DISTANCES
0 1 3.3
1 2 8.6
2 3 9.8
3 4 4.8
4 5 3.7
5 6 5.0
6 7 1.8
7 8 2.0
8 9 1.3
9 0 2.7
REQUEST_SECTION
9 3 72.2 450.8 1
8 4 71.0 363.8 1
4 8 2.1 105.3 1
6 3 378.0 605.7 1
8 2 129.4 481.1 1
7 2 300.4 755.2 1
8 1 255.4 330.7 1
6 4 27.4 386.6 1
7 2 459.8 845.1 1
2 6 511.7 931.9 1
3 7 33.5 404.7 1
8 4 292.3 502.8 1
0 8 418.2 591.6 1
8 10 398.1 442.8 1
8 2 396.2 482.6 1
4 2 13.6 311.1 1
3 5 29.9 125.8 1
5 7 118.2 449.3 1
3 7 456.9 637.3 1
7 4 64.0 106.8 1
6 7 54.6 272.1 1
3 7 307.4 714.1 1
5 2 337.1 591.9 1
4 7 255.5 708.7 1
3 5 410.5 820.2 1
1 3 447.6 782.5 1
9 10 196.0 503.3 1
3 6 313.9 528.1 1
3 7 381.4 693.6 1
7 10 163.2 503.7 1
8 9 473.8 659.0 1
3 9 353.4 540.8 1
4 7 37.3 455.3 1
4 6 16.7 320.3 1
6 10 493.9 655.7 1
1 3 281.7 750.4 1
8 7 13.5 443.5 1
8 10 93.0 468.7 1
2 1 560.8 629.5 1
5 1 417.1 700.2 1
2 4 219.4 672.5 1
5 10 367.2 520.5 1
8 6 133.8 542.2 1
5 2 465.6 752.8 1
6 2 331.7 645.2 1
5 4 2.2 259.0 1
0 9 68.3 376.5 1
3 4 280.9 711.5 1
0 2 358.1 788.5 1
9 7 142.9 469.3 1
8 3 361.3 813.3 1
1 4 125.3 350.4 1
3 1 131.5 516.9 1
2 7 502.0 782.9 1
3 10 251.6 538.2 1
2 4 431.4 568.8 1
5 8 16.5 346.2 1
8 1 13.6 145.8 1
2 3 104.2 307.3 1
6 8 492.8 746.0 1
8 10 546.3 635.2 1
6 8 411.9 479.1 1
2 6 511.6 645.9 1
6 7 81.0 146.0 1
7 2 417.8 666.4 1
0 7 177.5 546.5 1
3 5 325.0 456.6 1
4 5 562.3 801.8 1
5 2 266.7 349.0 1
5 4 541.7 863.9 1
5 3 464.8 818.1 1
3 10 378.4 749.8 1
6 7 235.2 691.3 1
2 9 146.9 528.1 1
1 8 382.0 846.1 1
0 1 301.5 732.3 1
2 9 464.1 615.8 1
9 5 51.9 377.8 1
6 5 299.3 458.1 1
3 7 199.2 534.8 1
7 1 515.8 677.7 1
3 2 247.1 500.3 1
2 7 98.2 479.4 1
1 8 437.1 658.9 1
1 10 9.6 130.6 1
9 8 236.1 360.5 1
7 8 561.2 662.8 1
2 7 498.4 621.9 1
6 1 470.2 608.8 1
7 3 260.4 695.2 1
8 2 118.5 330.0 1
2 6 528.9 878.2 1
8 6 397.8 731.1 1
1 3 310.8 466.9 1
9 5 228.1 636.6 1
0 3 100.1 513.9 1
5 10 113.2 319.0 1
7 3 353.6 435.7 1
5 10 553.4 754.3 1
6 2 467.4 844.4 1
6 8 395.3 815.1 1
8 5 55.4 504.6 1
0 2 490.3 670.8 1
9 5 50.7 361.4 1
8 3 49.0 190.1 1
4 9 293.4 401.6 1
4 9 194.9 332.8 1
1 6 260.4 721.7 1
9 4 392.9 603.3 1
9 6 169.3 415.3 1
0 2 541.6 983.8 1
6 8 550.2 944.5 1
6 2 116.0 277.0 1
2 6 373.9 613.4 1
6 3 297.7 560.8 1
7 3 389.5 510.3 1
3 9 479.3 693.8 1
6 10 344.8 543.5 1
3 2 219.2 561.8 1
9 1 167.6 372.7 1
6 9 314.4 432.4 1
4 9 60.6 414.5 1
3 9 369.2 836.4 1
8 5 454.5 884.3 1
4 5 227.0 617.4 1
0 4 195.4 476.0 1
5 8 360.0 566.1 1
9 10 193.3 632.0 1
0 2 21.0 431.8 1
1 3 60.2 166.1 1
4 2 239.2 583.0 1
4 3 100.6 320.5 1
0 1 190.8 390.0 1
9 3 182.9 451.7 1
5 6 303.9 604.4 1
4 9 429.5 859.2 1
5 2 58.7 383.8 1
0 6 393.3 658.0 1
1 9 416.6 516.0 1
9 3 517.5 930.6 1
4 10 551.9 922.0 1
2 7 261.7 487.3 1
5 1 533.4 996.5 1
3 10 117.3 464.2 1
3 6 199.1 426.8 1
2 4 181.1 380.2 1
0 4 162.5 341.4 1
0 8 228.9 452.8 1
3 5 333.2 719.0 1
0 3 236.0 359.5 1
3 8 176.5 330.9 1
4 9 6.5 396.4 1
3 10 89.8 425.8 1
6 3 285.2 356.1 1
7 3 130.6 593.2 1
6 10 16.5 224.5 1
9 7 39.3 287.4 1
0 6 115.9 443.6 1
6 5 217.4 440.8 1
7 4 428.7 843.2 1
EOF
