NUM_STATIONS: 10
NUM_REQUESTS: 40
NUM_VEHICLES: 1
VEHICLE_CAPACITY: 2
DISTANCES
0 1 5.5
1 2 7.8
2 3 7.1
3 4 4.8
4 5 4.5
5 6 3.9
6 7 2.7
7 8 6.4
8 9 8.5
9 0 7.6
REQUEST_SECTION
8 7 645.6 1127.7 1
8 6 220.6 682.2 1
7 5 275.9 405.5 1
5 10 577.6 1009.2 1
6 9 47.3 621.3 1
3 4 208.8 826.3 1
4 2 40.2 517.8 1
5 3 325.1 631.5 1
5 10 607.3 1059.4 1
2 9 595.0 895.1 1
2 8 591.3 1136.9 1
0 7 15.9 382.8 1
4 5 116.2 415.1 1
3 9 287.0 765.7 1
5 7 400.4 471.1 1
8 4 834.5 1415.1 1
9 8 510.0 791.6 1
2 10 567.3 942.7 1
4 7 197.0 401.9 1
4 10 787.8 1100.8 1
7 2 829.3 1402.5 1
3 5 606.7 1186.9 1
1 9 378.3 873.4 1
9 8 379.3 833.7 1
5 1 833.8 1400.8 1
5 3 117.4 204.6 1
5 8 283.9 616.5 1
5 6 484.3 1123.1 1
0 1 333.2 549.0 1
5 2 359.1 500.6 1
5 3 218.2 400.0 1
1 10 334.5 679.8 1
2 4 385.0 949.8 1
8 3 860.7 1111.3 1
5 7 67.2 313.2 1
1 10 7.2 371.8 1
5 1 208.6 758.9 1
2 6 645.6 1065.6 1
7 5 660.5 745.8 1
8 7 387.5 918.2 1
EOF
