NUM_STATIONS: 10
NUM_REQUESTS: 160
NUM_VEHICLES: 3
VEHICLE_CAPACITY: 1
DISTANCES
0 1 7.9
1 2 8.7
2 3 5.6
3 4 8.4
4 5 6.3
5 6 1.2
6 7 4.8
7 8 8.8
8 9 1.4
9 0 2.6
REQUEST_SECTION
0 1 1638.1 2234.2 1
7 1 1862.4 2088.6 1
6 4 860.1 1165.6 1
1 3 1716.1 2383.0 1
3 4 1715.1 2484.8 1
6 5 1322.5 1687.2 1
7 4 2077.7 2540.0 1
2 1 1230.8 2433.5 1
6 2 1233.4 2130.4 1
1 2 2048.7 3292.2 1
1 6 1119.1 1737.5 1
5 4 556.3 1015.0 1
4 2 879.9 1952.8 1
8 6 1461.2 1896.9 1
6 7 695.3 2066.3 1
7 1 1123.3 1833.2 1
6 5 733.8 2041.0 1
0 8 990.1 2044.1 1
9 7 41.5 1580.6 1
7 3 384.4 871.1 1
5 6 1286.5 2257.7 1
1 10 1869.6 2714.1 1
9 4 1647.0 2695.4 1
0 1 1120.5 2342.1 1
3 5 280.4 942.5 1
8 7 1212.0 2737.7 1
3 8 433.7 720.7 1
0 1 967.1 2417.2 1
7 2 971.5 1508.8 1
4 6 1731.9 2957.8 1
1 9 2186.8 2576.4 1
1 7 50.3 906.5 1
7 10 610.9 1672.8 1
4 6 1691.5 2913.0 1
7 5 2146.4 3625.5 1
8 1 2214.1 3003.5 1
2 8 1493.1 1723.2 1
3 10 724.1 955.6 1
7 8 1767.0 2117.4 1
7 10 924.6 2176.4 1
3 7 2223.5 2851.4 1
9 10 1480.2 3008.1 1
5 2 1238.7 2209.5 1
7 1 1114.7 1415.6 1
1 10 408.9 1489.5 1
9 10 407.1 579.1 1
3 4 1202.6 1850.3 1
9 10 1187.4 1510.7 1
5 6 83.7 1201.1 1
1 4 1096.3 1993.6 1
1 3 286.4 1187.1 1
8 2 2045.0 2424.5 1
2 7 1584.4 2003.5 1
8 1 1162.2 2422.3 1
3 6 1835.1 3265.6 1
6 7 794.2 2157.5 1
4 9 618.6 1299.7 1
3 5 1689.4 2667.1 1
5 6 859.8 1820.6 1
9 5 331.3 535.2 1
4 10 984.0 1960.8 1
0 4 1355.1 1665.1 1
9 10 239.8 734.2 1
1 7 1376.8 2717.3 1
8 6 822.1 2299.1 1
2 8 1975.7 2829.7 1
5 1 458.6 527.1 1
9 1 1473.1 2367.4 1
8 4 1437.0 2107.4 1
6 4 957.8 2282.3 1
3 5 761.7 1658.1 1
7 1 949.3 2436.1 1
0 7 792.1 1733.5 1
5 9 1859.8 2066.1 1
1 9 592.4 1601.6 1
4 1 247.9 1488.5 1
9 3 657.9 875.1 1
8 5 713.0 1534.8 1
6 10 1307.9 2047.6 1
7 1 1988.0 3527.8 1
3 10 665.5 1555.5 1
6 8 1598.7 2580.1 1
5 8 1486.1 1707.8 1
9 8 2163.9 3023.8 1
7 4 1554.2 1903.2 1
0 4 1297.8 2692.1 1
2 9 1426.7 2215.3 1
0 7 1680.1 3093.9 1
0 4 2011.3 2285.5 1
1 6 966.6 1115.2 1
0 6 1244.8 2601.7 1
0 5 335.9 717.6 1
7 1 247.2 759.1 1
1 3 259.6 1752.7 1
3 8 1471.4 1668.5 1
7 2 2.9 1389.0 1
6 2 308.6 1618.6 1
8 9 647.1 934.5 1
0 3 1704.2 2308.0 1
2 7 1395.2 1544.1 1
6 1 837.4 1375.2 1
8 9 95.3 166.4 1
6 4 1765.1 2916.3 1
0 4 1117.5 1913.8 1
7 3 1941.1 2690.2 1
6 4 1398.2 2255.3 1
3 8 908.5 1157.3 1
9 7 136.8 538.8 1
3 1 1195.8 2026.5 1
2 8 729.0 1956.1 1
3 2 1764.6 1905.3 1
1 10 1388.0 2592.6 1
8 5 1073.2 1538.3 1
1 8 986.9 2342.1 1
1 10 1189.6 2622.0 1
8 10 971.8 2438.2 1
6 8 1043.6 2109.4 1
3 6 905.3 1923.0 1
8 9 1453.3 2970.4 1
2 7 1919.5 2552.6 1
0 7 1102.3 1312.6 1
6 2 40.4 1542.7 1
3 1 1645.3 3007.4 1
5 8 1490.1 2455.2 1
4 6 1116.3 1492.2 1
5 3 1810.5 2827.4 1
6 1 505.5 1840.0 1
2 9 1035.2 2216.8 1
1 10 450.2 1223.3 1
0 5 1210.3 2638.6 1
1 5 1760.5 2689.4 1
7 6 539.6 1974.3 1
1 6 99.1 607.6 1
5 10 1780.0 2851.4 1
4 10 1908.6 2817.4 1
7 8 127.5 425.1 1
5 7 642.5 1834.2 1
5 8 1649.7 2021.9 1
3 8 571.8 1005.8 1
6 8 1847.9 1957.4 1
7 1 477.4 545.4 1
9 6 2148.6 3121.5 1
1 10 2211.2 3270.6 1
1 5 593.0 1956.7 1
1 9 1015.1 1441.3 1
4 6 1093.5 2419.0 1
7 6 289.5 1551.1 1
6 9 2042.7 3037.3 1
7 2 1014.6 1659.8 1
5 7 1956.4 2600.6 1
7 10 1832.2 2641.8 1
3 8 767.9 1277.9 1
1 3 107.3 623.1 1
2 8 1022.3 1838.6 1
4 2 1003.5 1123.8 1
5 8 960.1 1152.4 1
4 2 374.2 1433.6 1
4 2 1571.8 1895.6 1
9 8 1995.7 2539.1 1
0 9 1779.0 1951.7 1
EOF
