NUM_STATIONS: 10
NUM_REQUESTS: 80
NUM_VEHICLES: 3
VEHICLE_CAPACITY: 4
DISTANCES
0 1 7.9
1 2 8.1
2 3 2.5
3 4 7.9
4 5 2.3
5 6 7.4
6 7 8.2
7 8 1.4
8 9 7.4
9 0 3.5
REQUEST_SECTION
9 4 188.2 292.2 1
8 6 325.1 521.2 1
1 2 200.1 391.0 1
8 4 199.8 335.1 1
2 7 357.2 538.0 1
1 8 178.7 254.8 1
5 7 274.7 448.3 1
1 9 78.2 219.2 1
1 4 324.8 442.8 1
4 6 366.3 602.0 1
0 8 250.9 469.7 1
7 6 329.4 515.4 1
7 6 92.0 230.5 1
4 10 86.4 216.1 1
8 2 323.2 452.6 1
1 4 58.1 265.2 1
2 8 185.7 356.5 1
0 3 351.4 540.0 1
8 6 153.3 213.9 1
8 1 71.7 225.4 1
9 8 353.2 465.2 1
6 3 151.4 378.1 1
2 4 131.2 265.7 1
3 10 292.0 394.4 1
5 6 376.5 489.8 1
5 6 10.7 146.1 1
2 9 234.5 313.6 1
6 8 39.3 247.7 1
9 10 367.8 504.3 1
5 8 129.4 350.9 1
0 5 254.0 463.2 1
2 4 58.4 172.9 1
3 9 170.6 270.0 1
0 3 267.2 330.5 1
5 6 254.1 424.0 1
5 10 260.0 338.9 1
4 8 126.3 358.6 1
9 4 238.9 454.8 1
1 9 138.5 291.9 1
0 9 334.3 577.7 1
6 3 192.9 332.5 1
0 1 269.7 441.4 1
8 1 205.2 271.8 1
3 9 223.6 336.2 1
4 2 52.2 198.7 1
5 10 77.9 190.4 1
9 2 53.1 282.5 1
2 5 76.0 206.2 1
3 4 206.5 424.8 1
3 1 77.5 313.9 1
3 2 361.1 573.9 1
4 3 59.3 133.8 1
1 4 296.2 520.4 1
2 7 178.4 286.5 1
1 9 5.3 154.8 1
0 6 32.4 149.3 1
5 2 290.5 513.3 1
8 2 330.2 434.5 1
8 4 192.6 376.6 1
2 4 206.1 412.7 1
6 8 29.6 236.9 1
2 9 169.5 228.0 1
2 8 165.1 300.4 1
1 8 155.8 389.7 1
9 7 133.0 194.7 1
6 2 34.8 222.6 1
2 8 298.0 422.3 1
0 4 329.7 545.5 1
7 10 128.6 234.7 1
2 4 331.5 493.0 1
6 1 158.6 253.0 1
5 2 25.5 154.8 1
6 8 208.8 367.6 1
7 5 3.2 78.7 1
8 10 190.8 301.1 1
5 2 123.1 267.8 1
9 7 207.5 335.7 1
7 6 135.8 268.3 1
4 9 245.6 359.4 1
3 10 25.0 153.6 1
EOF
