NUM_STATIONS: 10
NUM_REQUESTS: 80
NUM_VEHICLES: 1
VEHICLE_CAPACITY: 2
DISTANCES
0 1 7.9
1 2 8.1
2 3 2.5
3 4 7.9
4 5 2.3
5 6 7.4
6 7 8.2
7 8 1.4
8 9 7.4
9 0 3.5
REQUEST_SECTION
9 4 1690.7 1869.3 1
8 6 810.6 1387.4 1
1 2 1261.3 2067.1 1
8 4 1885.0 2309.4 1
2 7 2148.2 3265.7 1
1 8 903.1 1178.7 1
5 7 944.2 1019.6 1
1 9 1433.0 1897.7 1
1 4 1079.6 1847.8 1
4 6 2218.5 2349.1 1
0 8 461.0 1300.9 1
7 6 1773.4 2411.4 1
7 6 1736.6 2704.4 1
4 10 912.2 1704.4 1
8 2 1744.2 2231.6 1
1 4 1032.3 1719.6 1
2 8 1467.7 2150.6 1
0 3 1603.6 2696.1 1
8 6 2098.7 2762.1 1
8 1 1460.3 1985.7 1
9 8 1403.8 2097.5 1
6 3 574.1 1219.1 1
2 4 1203.7 1361.9 1
3 10 117.7 763.8 1
5 6 1735.0 2242.9 1
5 6 2022.2 2348.0 1
2 9 485.9 853.9 1
6 8 1315.1 1730.4 1
9 10 659.0 1726.1 1
5 8 1826.1 2462.1 1
0 5 1644.8 2370.4 1
2 4 1082.5 2107.0 1
3 9 1525.0 2338.2 1
0 3 2103.2 2308.3 1
5 6 2070.4 3124.1 1
5 10 175.1 849.5 1
4 8 1046.1 1983.3 1
9 4 58.9 145.1 1
1 9 714.5 1383.1 1
0 9 408.8 480.1 1
6 3 1527.7 2126.8 1
0 1 850.7 1132.6 1
8 1 854.8 1870.3 1
3 9 148.8 301.8 1
4 2 1906.1 2103.9 1
5 10 220.9 1152.9 1
9 2 708.8 1243.2 1
2 5 251.6 1339.2 1
3 4 1501.2 1765.0 1
3 1 186.7 438.0 1
3 2 1282.9 2252.1 1
4 3 117.9 399.4 1
1 4 660.2 1152.5 1
2 7 1278.5 1799.5 1
1 9 2073.2 2328.0 1
0 6 1940.1 2642.1 1
5 2 555.2 1733.3 1
8 2 713.2 1371.3 1
8 4 438.4 677.0 1
2 4 539.8 666.2 1
6 8 2132.3 2402.9 1
2 9 1019.5 1248.6 1
2 8 1426.5 2408.1 1
1 8 1740.6 2618.5 1
9 7 1953.1 2695.5 1
6 2 1995.1 2207.9 1
2 8 1891.0 2741.7 1
0 4 1470.3 1957.3 1
7 10 750.2 1895.9 1
2 4 856.2 1372.2 1
6 1 883.2 1026.6 1
5 2 178.7 757.9 1
6 8 2093.9 3097.2 1
7 5 581.7 1600.4 1
8 10 155.3 487.7 1
5 2 585.8 666.7 1
9 7 1170.3 1859.1 1
7 6 1587.0 2088.9 1
4 9 1555.9 1617.9 1
3 10 62.8 1059.9 1
EOF
