NUM_STATIONS: 10
NUM_REQUESTS: 80
NUM_VEHICLES: 3
VEHICLE_CAPACITY: 4
DISTANCES
0 1 8.0
1 2 8.3
2 3 3.5
3 4 6.0
4 5 1.1
5 6 2.5
6 7 5.2
7 8 7.5
8 9 5.8
9 0 8.4
REQUEST_SECTION
9 3 223.6 339.2 1
9 7 70.2 146.4 1
9 1 168.3 288.2 1
2 6 215.2 301.3 1
5 4 172.7 395.4 1
6 5 1.4 205.7 1
3 2 185.6 422.8 1
6 2 21.6 231.5 1
0 9 101.3 328.9 1
3 8 227.0 419.1 1
1 2 260.8 449.1 1
9 2 275.0 435.0 1
4 3 142.4 292.1 1
3 8 220.6 312.7 1
8 3 149.6 251.0 1
8 5 46.6 288.6 1
8 5 267.8 434.1 1
0 3 47.8 159.3 1
7 10 215.3 443.5 1
2 10 1.4 228.6 1
7 9 214.4 411.5 1
6 5 265.8 326.7 1
4 8 245.5 362.1 1
6 10 202.9 377.3 1
3 4 9.1 177.5 1
9 5 168.1 404.1 1
7 6 276.6 431.8 1
9 7 206.4 449.2 1
5 9 247.3 455.0 1
5 7 9.0 170.3 1
6 1 44.7 274.6 1
7 4 32.8 92.6 1
2 8 152.6 357.2 1
9 1 163.3 245.9 1
4 1 161.8 350.4 1
5 6 51.5 133.2 1
0 9 179.6 419.4 1
8 2 40.6 174.5 1
6 3 228.7 463.5 1
6 9 51.8 122.1 1
9 7 144.0 336.4 1
2 8 133.1 318.7 1
6 8 81.6 206.0 1
5 2 41.6 166.8 1
4 6 205.5 421.7 1
4 9 154.7 340.0 1
4 9 229.2 399.4 1
9 8 234.6 379.8 1
6 4 195.3 401.6 1
8 6 32.5 274.1 1
4 3 71.0 180.6 1
9 10 228.7 386.4 1
8 7 106.0 240.5 1
7 1 88.5 160.5 1
1 3 94.9 250.9 1
6 3 191.0 393.0 1
8 3 52.8 178.8 1
4 6 129.5 202.2 1
6 9 165.8 267.8 1
9 4 106.2 248.1 1
7 8 270.3 361.3 1
6 3 262.4 325.1 1
7 5 103.7 332.8 1
9 3 187.2 347.2 1
1 9 17.7 241.2 1
8 1 54.6 267.1 1
9 8 14.7 96.9 1
9 7 193.8 435.3 1
6 7 181.1 297.6 1
5 9 265.1 476.1 1
1 5 94.2 272.4 1
8 6 195.3 347.0 1
2 1 277.4 336.8 1
1 7 103.2 343.6 1
4 6 182.9 259.1 1
0 3 241.5 335.4 1
1 10 281.5 481.1 1
7 8 156.9 347.7 1
9 6 204.5 336.6 1
3 10 68.8 239.3 1
EOF
