NUM_STATIONS: 10
NUM_REQUESTS: 80
NUM_VEHICLES: 3
VEHICLE_CAPACITY: 2
DISTANCES
0 1 5.3
1 2 5.1
2 3 4.1
3 4 5.8
4 5 8.8
5 6 4.0
6 7 7.4
7 8 2.6
8 9 6.4
9 0 5.7
REQUEST_SECTION
7 4 11.2 273.5 1
7 1 323.3 822.5 1
9 2 14.5 584.0 1
2 9 223.5 394.2 1
6 10 122.8 267.8 1
0 9 76.0 200.3 1
6 8 17.8 286.7 1
2 3 296.1 683.7 1
4 7 476.1 638.7 1
1 4 493.1 617.4 1
5 9 396.3 865.7 1
7 1 386.8 845.5 1
5 3 233.8 412.3 1
4 10 16.3 81.5 1
0 1 157.0 729.6 1
8 9 357.5 899.6 1
8 2 239.8 553.4 1
8 4 238.0 555.4 1
1 5 367.5 567.5 1
5 3 29.5 190.4 1
8 2 9.3 71.8 1
3 6 293.4 449.8 1
5 4 492.7 763.5 1
7 9 356.0 547.6 1
3 5 20.0 251.5 1
7 8 407.3 745.4 1
0 8 31.8 325.2 1
9 2 533.2 1051.8 1
1 6 492.4 1032.2 1
4 7 279.0 514.0 1
0 7 499.1 631.3 1
5 7 411.4 920.2 1
4 7 514.0 1109.0 1
1 6 13.8 562.8 1
0 9 40.4 230.0 1
8 9 497.3 604.1 1
2 5 261.9 646.2 1
1 10 296.9 883.0 1
3 2 507.5 1064.4 1
9 6 97.7 545.7 1
7 8 264.6 550.7 1
6 8 158.5 714.4 1
6 3 9.0 242.2 1
0 6 212.8 347.3 1
1 6 457.7 1056.6 1
0 7 39.2 124.4 1
6 3 123.1 391.4 1
3 2 164.9 557.4 1
8 10 134.7 722.6 1
6 3 243.5 347.6 1
9 8 238.1 603.8 1
1 6 79.4 462.9 1
3 2 444.0 799.0 1
2 5 287.8 684.2 1
6 1 496.9 1008.6 1
9 4 404.4 701.2 1
7 9 71.9 645.5 1
1 2 244.7 767.2 1
8 4 130.2 599.4 1
3 7 123.6 226.8 1
1 8 80.6 170.9 1
3 5 229.4 489.1 1
6 4 539.2 982.0 1
5 9 268.9 849.9 1
4 3 278.7 482.3 1
1 8 229.1 341.9 1
0 9 461.5 621.7 1
9 5 67.6 624.8 1
2 9 342.8 542.9 1
6 2 278.0 518.0 1
9 1 293.2 518.2 1
9 3 42.5 314.9 1
5 2 180.0 299.1 1
8 10 424.2 974.6 1
3 7 146.1 381.2 1
7 5 499.3 911.3 1
0 5 85.9 366.9 1
6 1 491.6 809.9 1
7 1 452.5 725.0 1
3 9 358.9 461.7 1
EOF
