NUM_STATIONS: 10
NUM_REQUESTS: 80
NUM_VEHICLES: 3
VEHICLE_CAPACITY: 4
DISTANCES
0 1 7.9
1 2 8.1
2 3 2.5
3 4 7.9
4 5 2.3
5 6 7.4
6 7 8.2
7 8 1.4
8 9 7.4
9 0 3.5
REQUEST_SECTION
9 4 59.6 370.5 1
8 6 46.5 191.8 1
1 2 203.6 369.7 1
8 4 246.5 307.1 1
2 7 37.9 275.6 1
1 8 143.3 283.2 1
5 7 178.1 366.0 1
1 9 37.7 101.8 1
1 4 255.2 408.7 1
4 6 27.1 161.5 1
0 8 268.9 381.4 1
7 6 106.2 266.0 1
7 6 142.3 266.9 1
4 10 184.7 470.0 1
8 2 241.9 461.6 1
1 4 34.1 91.8 1
2 8 116.3 377.1 1
0 3 158.9 243.5 1
8 6 196.3 444.5 1
8 1 212.5 537.1 1
9 8 35.9 298.7 1
6 3 191.9 402.6 1
2 4 97.5 329.8 1
3 10 183.1 480.3 1
5 6 95.1 227.9 1
5 6 219.7 396.4 1
2 9 52.2 293.6 1
6 8 263.3 532.4 1
9 10 196.5 271.8 1
5 8 173.6 425.3 1
0 5 194.6 351.3 1
2 4 241.4 562.0 1
3 9 68.0 216.8 1
0 3 175.5 485.2 1
5 6 184.1 514.1 1
5 10 224.3 541.5 1
4 8 120.0 355.6 1
9 4 62.0 188.5 1
1 9 10.1 309.9 1
0 9 251.0 473.5 1
6 3 219.1 549.9 1
0 1 215.7 492.9 1
8 1 125.4 211.6 1
3 9 81.4 248.0 1
4 2 51.4 351.4 1
5 10 30.2 272.8 1
9 2 61.1 169.0 1
2 5 9.5 275.4 1
3 4 227.2 465.4 1
3 1 223.7 449.9 1
3 2 43.6 331.2 1
4 3 158.8 354.4 1
1 4 172.0 470.4 1
2 7 245.4 423.4 1
1 9 244.9 566.6 1
0 6 235.5 446.5 1
5 2 149.4 423.2 1
8 2 94.3 363.6 1
8 4 210.4 479.5 1
2 4 24.4 250.6 1
6 8 70.2 132.3 1
2 9 56.3 326.9 1
2 8 157.1 484.0 1
1 8 61.0 118.1 1
9 7 173.4 339.2 1
6 2 51.6 147.4 1
2 8 189.7 266.4 1
0 4 219.8 486.6 1
7 10 188.8 437.8 1
2 4 6.5 105.9 1
6 1 256.8 565.7 1
5 2 174.7 393.7 1
6 8 88.1 362.1 1
7 5 119.7 398.0 1
8 10 2.7 81.9 1
5 2 35.7 159.1 1
9 7 165.8 424.7 1
7 6 174.3 248.5 1
4 9 206.8 505.9 1
3 10 32.1 322.9 1
EOF
