NUM_STATIONS: 10
NUM_REQUESTS: 160
NUM_VEHICLES: 3
VEHICLE_CAPACITY: 2
DISTANCES
0 1 3.6
1 2 7.3
2 3 7.4
3 4 1.6
4 5 9.1
5 6 1.1
6 7 5.1
7 8 5.3
8 9 9.0
9 0 2.6
REQUEST_SECTION
0 6 99.3 695.2 1
6 7 730.6 1431.3 1
7 6 38.4 253.2 1
0 1 1270.1 1488.7 1
4 3 796.1 1126.2 1
6 10 970.0 1487.1 1
5 2 1166.3 2243.0 1
1 3 544.1 1374.0 1
0 6 158.3 899.4 1
6 1 1009.4 2033.1 1
4 5 140.9 982.1 1
6 2 269.6 798.2 1
3 4 143.5 1084.7 1
3 4 91.9 1160.3 1
7 9 444.3 927.4 1
9 3 344.0 759.4 1
9 7 1234.8 1588.5 1
4 8 1270.4 1738.6 1
3 7 1157.7 1712.3 1
2 3 436.4 580.7 1
0 7 813.0 1098.5 1
1 5 935.0 1504.6 1
8 2 299.0 1293.1 1
5 3 755.2 1133.1 1
5 9 66.7 991.6 1
1 6 820.9 1054.3 1
1 6 1123.5 1665.5 1
4 2 202.0 869.4 1
5 3 1318.9 2403.5 1
4 7 673.2 1511.1 1
6 5 476.2 1468.3 1
3 7 275.9 353.8 1
5 3 1345.1 2033.7 1
4 9 844.2 1278.6 1
2 6 1016.4 1612.4 1
8 4 788.2 1345.7 1
0 3 200.5 977.3 1
8 9 883.2 940.5 1
9 5 1312.9 1979.7 1
5 7 1327.3 1831.5 1
1 5 463.2 1488.5 1
6 8 1088.6 1320.8 1
3 8 52.8 343.4 1
8 5 109.1 598.3 1
3 10 1074.9 2133.2 1
8 7 51.5 280.0 1
9 4 425.8 480.5 1
6 2 1367.4 1588.4 1
9 7 1115.4 1435.7 1
0 8 738.9 795.2 1
3 9 740.9 898.4 1
7 10 612.0 959.4 1
7 3 961.8 1656.9 1
4 1 21.5 1047.9 1
1 3 553.2 768.7 1
4 9 731.9 1459.2 1
6 7 834.9 1201.6 1
3 9 681.5 1370.9 1
1 5 1387.7 2159.0 1
9 7 390.3 793.0 1
4 8 913.4 1794.5 1
7 10 1289.0 2265.1 1
2 9 667.8 893.6 1
8 1 717.7 1031.7 1
1 7 228.7 452.1 1
8 5 193.8 455.2 1
7 3 1152.4 1941.5 1
3 5 1025.7 1422.4 1
0 5 1309.5 1450.6 1
9 4 1085.2 1805.6 1
5 8 1030.2 1477.2 1
9 8 272.1 739.7 1
6 9 1061.0 1588.8 1
8 1 603.3 1257.0 1
6 7 917.7 1135.7 1
6 1 94.3 812.8 1
3 5 1334.5 2069.3 1
4 7 1218.1 2277.4 1
6 3 1272.0 1836.2 1
4 5 1046.0 1819.6 1
0 1 154.3 644.2 1
8 5 582.9 893.6 1
3 4 1373.0 1918.3 1
2 6 402.9 847.0 1
9 4 1242.7 1666.4 1
6 8 579.8 1569.5 1
6 2 1267.1 2030.3 1
7 2 1294.9 1387.4 1
1 8 18.8 132.9 1
9 5 1204.2 1848.3 1
6 2 1097.6 1785.1 1
1 5 1101.4 1705.1 1
5 4 441.9 1406.9 1
8 10 199.8 1172.5 1
3 6 609.0 1424.1 1
5 2 932.5 1805.6 1
6 3 1359.6 1689.3 1
4 6 1232.6 2168.1 1
5 7 220.1 477.3 1
2 3 1342.8 1473.2 1
4 9 1152.4 2077.0 1
4 1 1328.0 2300.9 1
5 6 876.3 1083.1 1
5 10 1008.2 1926.0 1
8 9 1159.6 2190.6 1
3 5 786.8 1345.5 1
3 8 1289.4 2029.5 1
7 8 1153.6 1326.5 1
4 8 914.0 1948.7 1
1 6 730.0 1319.7 1
3 9 927.1 1290.9 1
0 8 395.4 1228.7 1
0 5 521.6 683.5 1
1 8 816.0 971.2 1
3 6 388.2 785.2 1
7 1 911.9 2001.6 1
7 1 427.7 570.7 1
4 1 1316.5 1549.6 1
1 2 559.2 1156.6 1
8 5 846.0 1869.9 1
6 4 1356.7 1476.7 1
3 6 1182.7 1903.1 1
2 8 550.0 1218.3 1
6 1 824.1 1312.5 1
6 10 244.7 815.3 1
0 2 468.7 677.5 1
0 1 1381.0 1708.6 1
3 9 890.3 1667.3 1
2 8 286.0 854.5 1
4 5 140.6 736.9 1
1 5 84.7 1161.8 1
4 2 402.5 1078.1 1
1 3 243.8 1167.7 1
1 3 667.0 1516.4 1
6 1 712.3 971.1 1
8 9 891.6 1376.3 1
7 6 663.6 1322.1 1
1 7 781.6 1612.8 1
6 1 419.5 824.4 1
4 6 730.2 1153.2 1
3 9 502.4 910.4 1
2 9 604.8 1158.0 1
6 9 820.7 1239.8 1
2 4 1128.3 1857.4 1
9 6 902.2 1106.4 1
1 6 754.8 836.8 1
3 2 0.3 1005.3 1
4 1 1150.5 1476.5 1
8 9 773.9 1821.7 1
4 3 241.3 339.3 1
7 5 33.2 325.1 1
3 5 1272.0 1593.5 1
6 7 919.8 1780.0 1
9 5 108.0 1126.2 1
6 5 738.8 1307.7 1
3 8 138.3 981.2 1
4 9 1359.3 1859.5 1
4 10 279.5 959.3 1
6 8 579.3 1615.8 1
3 1 1258.1 1874.2 1
EOF
