NUM_STATIONS: 10
NUM_REQUESTS: 40
NUM_VEHICLES: 2
VEHICLE_CAPACITY: 4
DISTANCES
0 1 3.4
1 2 6.2
2 3 7.9
3 4 7.1
4 5 5.2
5 6 1.5
6 7 5.2
7 8 1.2
8 9 5.0
9 0 2.1
REQUEST_SECTION
3 7 148.4 278.1 1
4 5 83.8 165.5 1
4 5 107.5 167.1 1
2 9 125.3 316.6 1
4 6 60.4 152.2 1
2 7 158.2 286.8 1
2 4 39.6 116.1 1
5 6 35.2 232.6 1
4 1 135.6 308.6 1
0 7 82.5 192.1 1
6 3 62.9 139.5 1
0 2 85.2 207.7 1
9 3 127.9 205.0 1
7 6 159.1 364.1 1
7 5 61.9 198.7 1
3 7 13.8 186.7 1
4 2 146.5 286.8 1
0 9 71.3 197.9 1
2 3 89.4 275.6 1
2 9 107.2 213.3 1
0 4 77.1 125.7 1
2 10 49.4 195.1 1
2 6 133.4 334.4 1
8 4 113.4 255.1 1
3 7 30.7 205.1 1
0 1 46.0 92.0 1
7 1 73.8 241.4 1
8 4 20.4 156.0 1
0 3 142.5 310.0 1
9 7 106.4 299.1 1
0 4 161.9 314.4 1
7 2 18.0 215.7 1
8 6 56.8 222.7 1
4 10 88.7 280.9 1
9 6 13.1 152.6 1
1 5 144.5 219.5 1
4 2 108.5 209.1 1
3 5 76.0 246.7 1
9 7 134.2 275.3 1
5 7 122.2 270.0 1
EOF
