NUM_STATIONS: 10
NUM_REQUESTS: 80
NUM_VEHICLES: 1
VEHICLE_CAPACITY: 1
DISTANCES
0 1 8.0
1 2 8.3
2 3 3.5
3 4 6.0
4 5 1.1
5 6 2.5
6 7 5.2
7 8 7.5
8 9 5.8
9 0 8.4
REQUEST_SECTION
9 3 3192.0 4716.7 1
9 7 1982.7 3119.7 1
9 1 2748.2 3903.1 1
2 6 346.8 2533.9 1
5 4 2894.0 5116.0 1
6 5 458.3 1377.1 1
3 2 453.0 1680.3 1
6 2 2209.0 4133.7 1
0 9 1266.8 1849.3 1
3 8 675.4 1226.6 1
1 2 1509.4 2415.0 1
9 2 606.2 1861.3 1
4 3 1539.5 1900.4 1
3 8 2596.0 2776.3 1
8 3 1582.6 2624.2 1
8 5 1512.8 3336.3 1
8 5 2906.5 5018.1 1
0 3 563.2 2738.3 1
7 10 966.7 3211.2 1
2 10 423.6 1864.4 1
7 9 950.5 1040.4 1
6 5 627.1 1894.7 1
4 8 1625.9 3408.8 1
6 10 3062.2 5315.9 1
3 4 1587.9 3278.7 1
9 5 683.0 2420.3 1
7 6 856.5 2610.7 1
9 7 2137.2 3021.8 1
5 9 1207.0 3019.2 1
5 7 1036.5 1826.2 1
6 1 1851.3 3329.1 1
7 4 1430.5 2539.8 1
2 8 613.5 2907.6 1
9 1 1444.9 2679.2 1
4 1 598.8 1757.2 1
5 6 2697.0 4439.2 1
0 9 2072.2 4129.8 1
8 2 1540.3 3164.2 1
6 3 3210.4 4250.5 1
6 9 2706.4 3005.8 1
9 7 2968.4 3736.6 1
2 8 1252.0 3422.3 1
6 8 2677.1 3238.4 1
5 2 426.9 1595.1 1
4 6 2992.2 3235.5 1
4 9 1228.5 2875.0 1
4 9 2957.3 4974.9 1
9 8 829.2 2068.8 1
6 4 1179.2 2533.9 1
8 6 3261.1 4309.4 1
4 3 2496.3 3197.1 1
9 10 1785.5 2117.2 1
8 7 3096.1 4024.3 1
7 1 563.7 1059.0 1
1 3 1409.7 3494.1 1
6 3 1253.8 1598.8 1
8 3 978.0 3146.1 1
4 6 1860.7 2500.5 1
6 9 1906.4 2601.0 1
9 4 3159.8 4953.1 1
7 8 349.7 654.7 1
6 3 2648.3 4619.5 1
7 5 2619.1 4621.8 1
9 3 1378.5 3457.9 1
1 9 1155.3 3073.3 1
8 1 2548.5 3677.0 1
9 8 55.6 806.6 1
9 7 2721.0 3149.7 1
6 7 372.2 1229.7 1
5 9 2627.3 3055.2 1
1 5 507.0 1546.1 1
8 6 3018.1 3120.3 1
2 1 2270.2 3163.8 1
1 7 3126.7 5087.4 1
4 6 733.5 2809.5 1
0 3 1342.5 1651.9 1
1 10 2186.3 4281.9 1
7 8 1566.7 2031.9 1
9 6 2927.8 3789.5 1
3 10 1608.0 3321.7 1
EOF
