NUM_STATIONS: 10
NUM_REQUESTS: 80
NUM_VEHICLES: 2
VEHICLE_CAPACITY: 4
DISTANCES
0 1 2.4
1 2 8.8
2 3 9.2
3 4 4.4
4 5 2.3
5 6 10.0
6 7 6.1
7 8 3.9
8 9 6.9
9 0 4.1
REQUEST_SECTION
4 2 34.5 129.9 1
1 6 132.7 245.5 1
9 8 285.7 531.8 1
7 1 377.4 654.9 1
1 5 29.1 367.0 1
5 9 245.3 356.7 1
1 5 463.4 753.5 1
5 6 96.6 375.7 1
2 8 549.7 840.2 1
6 1 338.5 679.4 1
5 3 445.0 634.5 1
2 7 480.8 541.1 1
5 9 129.3 416.5 1
0 2 301.8 465.5 1
1 8 150.6 256.9 1
7 10 305.2 396.8 1
1 3 72.9 393.8 1
5 3 107.3 416.2 1
2 5 387.2 458.6 1
4 8 78.1 394.1 1
2 4 561.2 633.1 1
4 2 220.8 440.9 1
7 10 152.7 401.6 1
5 6 452.6 657.6 1
5 9 315.9 597.6 1
7 6 340.6 577.7 1
1 5 408.9 628.3 1
1 2 129.8 288.2 1
9 1 410.7 646.8 1
3 7 536.2 715.8 1
7 2 367.2 557.2 1
1 7 232.3 411.7 1
3 8 10.7 95.2 1
1 5 132.3 280.7 1
1 8 244.3 303.8 1
3 9 25.7 210.4 1
1 10 328.1 468.9 1
7 2 156.2 500.2 1
3 6 19.8 138.5 1
8 7 275.0 479.8 1
1 2 507.8 583.4 1
0 7 40.7 236.7 1
0 3 10.5 199.3 1
0 4 274.4 460.7 1
6 5 564.7 891.4 1
5 8 216.8 507.4 1
1 10 355.2 458.9 1
5 6 185.6 450.5 1
4 7 323.3 523.1 1
8 9 125.4 243.4 1
5 8 571.0 655.4 1
6 7 540.3 888.9 1
0 8 173.6 397.7 1
1 9 373.7 446.2 1
0 5 347.0 477.5 1
0 4 70.0 243.6 1
4 9 155.8 482.8 1
3 1 310.8 456.6 1
7 2 409.3 585.6 1
5 8 7.5 130.6 1
2 10 280.8 505.9 1
7 9 329.3 583.6 1
8 5 551.5 688.6 1
5 6 317.0 509.9 1
8 2 341.3 630.8 1
5 2 168.0 336.4 1
5 1 64.0 202.1 1
8 7 69.5 370.2 1
3 7 377.8 643.1 1
4 7 195.9 399.7 1
6 4 562.7 904.6 1
9 7 216.7 413.7 1
9 3 53.7 262.3 1
9 5 441.6 501.2 1
9 10 165.6 253.0 1
8 10 39.9 178.6 1
9 6 429.7 581.5 1
3 9 277.9 442.3 1
2 9 538.9 655.4 1
2 4 69.3 359.5 1
EOF
