NUM_STATIONS: 10
NUM_REQUESTS: 20
NUM_VEHICLES: 1
VEHICLE_CAPACITY: 8
DISTANCES
0 1 8.3
1 2 2.5
2 3 8.9
3 4 6.4
4 5 8.5
5 6 5.9
6 7 7.6
7 8 9.1
8 9 7.1
9 0 6.5
REQUEST_SECTION
4 1 171.8 250.2 1
9 3 6.1 169.5 1
9 10 91.5 208.2 1
7 2 60.6 182.0 1
9 1 42.2 124.3 1
4 2 137.8 212.8 1
1 10 116.7 312.6 1
1 5 18.7 162.0 1
5 7 7.3 183.9 1
6 7 39.1 128.4 1
2 1 90.1 222.2 1
0 3 106.0 197.0 1
8 5 44.1 147.3 1
0 6 41.4 157.5 1
3 2 48.9 218.5 1
1 2 155.5 264.3 1
0 9 147.7 323.7 1
2 5 152.1 233.3 1
2 1 167.3 361.7 1
9 8 41.6 239.7 1
EOF
