NUM_STATIONS: 10
NUM_REQUESTS: 160
NUM_VEHICLES: 3
VEHICLE_CAPACITY: 1
DISTANCES
0 1 7.9
1 2 8.7
2 3 5.6
3 4 8.4
4 5 6.3
5 6 1.2
6 7 4.8
7 8 8.8
8 9 1.4
9 0 2.6
REQUEST_SECTION
0 1 46.3 1216.2 1
7 1 332.6 2388.6 1
6 4 433.8 1128.2 1
1 3 1636.0 3256.5 1
3 4 2064.8 2538.4 1
6 5 317.7 2470.5 1
7 4 936.6 1582.4 1
2 1 1485.0 3342.9 1
6 2 859.1 936.8 1
1 2 1050.7 1960.1 1
1 6 799.1 862.6 1
5 4 1663.2 3521.9 1
4 2 616.9 2497.5 1
8 6 257.7 1826.7 1
6 7 1026.7 2642.8 1
7 1 1626.3 2557.8 1
6 5 1471.0 1635.1 1
0 8 2077.6 3866.3 1
9 7 716.4 1319.9 1
7 3 2040.4 3759.0 1
5 6 1632.6 3572.7 1
1 10 597.7 1280.9 1
9 4 443.5 1986.2 1
0 1 1830.4 3050.1 1
3 5 2031.8 3916.5 1
8 7 1559.2 2133.9 1
3 8 1468.7 1954.1 1
0 1 2194.2 3233.5 1
7 2 92.6 1106.5 1
4 6 1993.0 3213.5 1
1 9 767.9 2928.1 1
1 7 1979.1 3175.7 1
7 10 1616.5 3850.7 1
4 6 1337.4 3457.7 1
7 5 1940.3 2559.0 1
8 1 23.7 2038.4 1
2 8 1742.6 2343.0 1
3 10 1690.7 3449.4 1
7 8 1879.2 3272.7 1
7 10 8.0 724.5 1
3 7 1846.2 3558.0 1
9 10 1656.2 2125.5 1
5 2 9.8 481.6 1
7 1 2207.9 2765.3 1
1 10 2199.0 3582.4 1
9 10 1608.8 1844.0 1
3 4 1118.3 1442.4 1
9 10 2215.6 3507.8 1
5 6 1595.4 1737.1 1
1 4 326.3 1749.7 1
1 3 629.9 1209.4 1
8 2 1082.4 3261.0 1
2 7 1713.9 2996.8 1
8 1 813.6 1726.9 1
3 6 1367.9 2607.0 1
6 7 138.5 2054.5 1
4 9 613.7 2023.4 1
3 5 804.5 1337.2 1
5 6 1618.2 2211.7 1
9 5 549.0 2756.2 1
4 10 2111.3 2301.8 1
0 4 1371.3 2657.7 1
9 10 1301.3 2524.7 1
1 7 919.5 2486.7 1
8 6 918.7 1287.5 1
2 8 213.6 1418.3 1
5 1 1737.3 3525.6 1
9 1 1867.2 3538.1 1
8 4 1492.8 1741.6 1
6 4 824.8 2098.0 1
3 5 1232.6 2586.6 1
7 1 1954.7 3674.1 1
0 7 1502.2 2450.6 1
5 9 1879.9 3490.0 1
1 9 2087.3 2742.3 1
4 1 589.5 1476.8 1
9 3 89.0 1760.5 1
8 5 273.5 1540.0 1
6 10 52.8 344.9 1
7 1 1201.7 3363.2 1
3 10 1952.7 2783.7 1
6 8 1123.9 2771.5 1
5 8 812.3 1135.4 1
9 8 1327.4 3299.7 1
7 4 1652.2 2446.0 1
0 4 1308.9 1492.4 1
2 9 1079.8 2327.1 1
0 7 801.5 2077.8 1
0 4 1619.2 2265.5 1
1 6 27.0 1021.2 1
0 6 1180.3 3104.2 1
0 5 1313.6 1516.2 1
7 1 1476.3 2971.6 1
1 3 721.0 923.0 1
3 8 78.9 1192.2 1
7 2 1785.0 2562.1 1
6 2 1004.4 3025.1 1
8 9 2137.2 3749.3 1
0 3 1831.8 2243.3 1
2 7 710.7 2836.2 1
6 1 1163.0 3267.8 1
8 9 806.2 1158.6 1
6 4 28.5 1918.5 1
0 4 1008.6 2536.3 1
7 3 928.6 2098.4 1
6 4 489.7 1830.7 1
3 8 401.8 845.3 1
9 7 1774.9 3095.3 1
3 1 1099.7 1236.8 1
2 8 1845.8 3099.9 1
3 2 1369.3 3416.0 1
1 10 1462.1 3055.5 1
8 5 1694.1 2015.0 1
1 8 1288.4 2151.9 1
1 10 1599.0 2656.3 1
8 10 1334.5 2299.2 1
6 8 1852.1 3339.4 1
3 6 1269.6 2205.6 1
8 9 1167.9 2426.5 1
2 7 288.9 1265.5 1
0 7 20.5 1325.7 1
6 2 780.9 2535.3 1
3 1 768.8 1175.3 1
5 8 1097.0 1838.1 1
4 6 1099.7 1748.6 1
5 3 1735.4 3537.9 1
6 1 1197.2 1882.4 1
2 9 1323.8 3218.8 1
1 10 1582.2 2960.5 1
0 5 25.5 98.5 1
1 5 887.2 1384.9 1
7 6 128.1 1700.5 1
1 6 1715.4 2768.6 1
5 10 1378.3 3374.1 1
4 10 413.1 1433.8 1
7 8 882.9 1028.8 1
5 7 112.3 298.7 1
5 8 1826.0 4069.6 1
3 8 581.9 1363.6 1
6 8 701.5 2144.6 1
7 1 2014.2 3987.8 1
9 6 1889.8 2022.5 1
1 10 806.0 1348.7 1
1 5 302.1 1287.7 1
1 9 1085.0 3357.5 1
4 6 980.6 1797.5 1
7 6 2210.9 2872.7 1
6 9 777.1 912.8 1
7 2 1604.3 2638.3 1
5 7 995.7 3265.6 1
7 10 2106.9 4184.9 1
3 8 642.6 2220.9 1
1 3 819.3 2573.2 1
2 8 1277.0 2771.5 1
4 2 2111.9 4112.6 1
5 8 2080.1 3817.8 1
4 2 550.7 1724.0 1
4 2 535.7 2657.9 1
9 8 951.6 3089.0 1
0 9 1856.0 2045.2 1
EOF
