NUM_STATIONS: 10
NUM_REQUESTS: 80
NUM_VEHICLES: 1
VEHICLE_CAPACITY: 8
DISTANCES
0 1 9.9
1 2 5.8
2 3 2.8
3 4 4.2
4 5 8.2
5 6 9.6
6 7 7.3
7 8 4.0
8 9 8.9
9 0 4.1
REQUEST_SECTION
8 2 411.2 935.7 1
3 8 385.2 905.8 1
0 4 281.4 593.3 1
4 8 192.0 489.6 1
7 10 89.4 211.9 1
4 1 434.7 562.8 1
1 9 175.3 471.4 1
3 6 155.0 666.0 1
5 9 80.1 395.2 1
9 5 11.6 459.4 1
1 7 110.3 373.0 1
7 3 402.0 860.4 1
9 7 146.6 461.3 1
1 6 125.3 200.4 1
5 3 403.9 631.7 1
0 4 414.5 596.2 1
7 1 318.1 863.7 1
0 4 403.4 753.2 1
2 9 266.6 445.6 1
0 6 63.8 140.8 1
0 9 351.3 713.0 1
4 10 91.0 500.6 1
2 5 460.5 843.0 1
1 10 152.5 395.3 1
7 10 227.0 681.3 1
2 10 85.2 428.7 1
3 8 172.4 703.9 1
5 8 95.0 226.3 1
6 8 220.6 425.1 1
6 5 158.7 423.6 1
5 10 281.4 456.6 1
2 8 43.3 496.3 1
8 9 59.1 271.9 1
2 7 140.9 317.9 1
4 6 354.1 779.6 1
5 8 150.2 665.6 1
9 8 87.4 348.0 1
3 1 187.1 328.6 1
3 4 85.3 207.1 1
2 6 381.4 629.7 1
4 9 60.2 560.1 1
7 5 132.6 398.3 1
6 4 311.8 409.1 1
7 3 387.5 488.0 1
5 10 430.1 941.1 1
3 8 370.5 877.1 1
9 6 190.9 629.5 1
5 1 411.9 676.3 1
8 4 286.6 413.2 1
0 5 354.0 645.5 1
5 10 284.7 773.5 1
7 5 311.0 517.3 1
6 10 228.2 301.5 1
6 1 82.2 475.7 1
2 6 347.1 475.2 1
4 5 96.2 545.7 1
7 3 422.6 904.1 1
0 4 186.5 424.1 1
0 9 94.4 478.8 1
4 10 50.4 327.2 1
2 1 190.4 376.9 1
1 10 127.6 512.9 1
0 7 37.1 488.6 1
0 4 417.1 541.1 1
2 6 84.9 317.6 1
6 8 352.3 802.1 1
7 9 423.5 793.6 1
0 1 177.5 555.1 1
3 6 135.6 509.3 1
5 1 125.3 365.9 1
1 8 244.7 361.3 1
7 5 272.1 751.1 1
3 2 101.5 362.6 1
2 5 295.3 531.5 1
4 2 197.2 655.0 1
7 10 62.6 344.3 1
3 7 272.0 724.1 1
4 6 273.7 688.7 1
1 2 348.5 559.9 1
1 8 188.9 439.8 1
EOF
