NUM_STATIONS: 10
NUM_REQUESTS: 80
NUM_VEHICLES: 3
VEHICLE_CAPACITY: 8
DISTANCES
0 1 7.9
1 2 8.1
2 3 2.5
3 4 7.9
4 5 2.3
5 6 7.4
6 7 8.2
7 8 1.4
8 9 7.4
9 0 3.5
REQUEST_SECTION
9 4 118.3 254.2 1
8 6 5.6 68.0 1
1 2 127.6 270.2 1
8 4 140.6 271.0 1
2 7 99.9 192.6 1
1 8 79.3 161.0 1
5 7 50.4 126.7 1
1 9 76.7 189.4 1
1 4 84.3 203.3 1
4 6 15.3 147.7 1
0 8 28.8 110.3 1
7 6 88.4 191.5 1
7 6 109.5 218.8 1
4 10 136.4 197.3 1
8 2 95.1 188.7 1
1 4 40.8 133.3 1
2 8 60.1 196.3 1
0 3 123.4 237.8 1
8 6 49.0 150.9 1
8 1 139.2 248.1 1
9 8 95.6 159.0 1
6 3 48.8 147.1 1
2 4 0.6 98.9 1
3 10 29.7 163.4 1
5 6 37.5 150.5 1
5 6 85.9 232.1 1
2 9 13.6 145.9 1
6 8 106.1 230.3 1
9 10 115.6 241.4 1
5 8 23.6 112.5 1
0 5 119.1 214.0 1
2 4 80.2 222.4 1
3 9 108.5 165.1 1
0 3 141.3 201.0 1
5 6 135.3 214.9 1
5 10 42.0 158.8 1
4 8 124.5 231.4 1
9 4 52.6 128.0 1
1 9 140.0 235.7 1
0 9 53.8 145.5 1
6 3 60.0 173.6 1
0 1 39.3 138.8 1
8 1 43.5 119.5 1
3 9 115.8 220.7 1
4 2 133.7 214.7 1
5 10 71.8 189.9 1
9 2 96.2 181.2 1
2 5 78.1 161.1 1
3 4 97.3 162.0 1
3 1 47.9 180.7 1
3 2 73.0 140.0 1
4 3 65.3 186.7 1
1 4 87.8 155.5 1
2 7 120.1 191.6 1
1 9 99.1 177.2 1
0 6 141.3 260.7 1
5 2 14.5 150.9 1
8 2 122.6 209.4 1
8 4 10.5 68.8 1
2 4 62.5 146.9 1
6 8 23.1 114.6 1
2 9 74.5 188.7 1
2 8 74.0 160.3 1
1 8 108.8 181.2 1
9 7 59.3 177.9 1
6 2 66.0 166.1 1
2 8 100.7 182.0 1
0 4 24.3 163.7 1
7 10 85.5 231.5 1
2 4 91.2 239.4 1
6 1 59.9 141.4 1
5 2 24.4 141.1 1
6 8 103.5 185.8 1
7 5 110.2 222.0 1
8 10 75.6 138.6 1
5 2 54.7 112.4 1
9 7 124.2 189.2 1
7 6 58.8 199.3 1
4 9 86.6 235.0 1
3 10 127.3 257.2 1
EOF
