NUM_STATIONS: 10
NUM_REQUESTS: 20
NUM_VEHICLES: 3
VEHICLE_CAPACITY: 2
DISTANCES
0 1 8.9
1 2 4.6
2 3 7.4
3 4 8.4
4 5 9.1
5 6 4.1
6 7 8.9
7 8 3.5
8 9 7.1
9 0 5.5
REQUEST_SECTION
2 3 129.7 242.0 1
4 1 193.6 311.8 1
1 10 38.2 259.0 1
5 4 93.2 318.0 1
6 5 36.7 265.5 1
0 8 22.0 204.8 1
2 9 152.7 317.8 1
9 1 65.0 173.2 1
2 3 156.2 262.2 1
5 9 218.4 309.5 1
6 4 146.1 374.0 1
5 1 93.4 302.7 1
8 4 188.7 311.5 1
8 1 220.8 364.3 1
9 2 198.0 299.1 1
5 8 129.0 278.9 1
3 5 7.3 214.7 1
8 1 172.9 343.4 1
4 9 147.1 326.6 1
6 4 37.7 222.5 1
EOF
