NUM_STATIONS: 10
NUM_REQUESTS: 80
NUM_VEHICLES: 3
VEHICLE_CAPACITY: 1
DISTANCES
0 1 7.9
1 2 8.1
2 3 2.5
3 4 7.9
4 5 2.3
5 6 7.4
6 7 8.2
7 8 1.4
8 9 7.4
9 0 3.5
REQUEST_SECTION
9 4 952.1 1172.5 1
8 6 30.0 603.4 1
1 2 1074.7 1370.7 1
8 4 989.7 1083.8 1
2 7 806.0 1544.5 1
1 8 549.0 1086.0 1
5 7 425.9 633.4 1
1 9 974.1 1737.5 1
1 4 1490.0 1629.9 1
4 6 404.7 984.7 1
0 8 1214.9 1673.4 1
7 6 1461.7 2190.8 1
7 6 1004.1 1442.9 1
4 10 962.5 1291.3 1
8 2 156.1 862.5 1
1 4 1476.8 2204.8 1
2 8 794.1 1252.2 1
0 3 319.0 582.6 1
8 6 1085.5 1277.1 1
8 1 1227.2 1419.2 1
9 8 1284.0 1555.2 1
6 3 1313.0 1562.3 1
2 4 1169.5 1511.3 1
3 10 38.9 386.1 1
5 6 1363.9 1826.8 1
5 6 889.3 1311.1 1
2 9 658.6 1349.2 1
6 8 1259.2 1884.7 1
9 10 326.5 1058.0 1
5 8 1500.2 2161.1 1
0 5 20.0 182.8 1
2 4 18.9 465.0 1
3 9 745.6 837.1 1
0 3 845.5 1003.5 1
5 6 1027.4 1743.2 1
5 10 567.8 903.7 1
4 8 241.1 426.6 1
9 4 637.8 728.9 1
1 9 1257.3 1782.9 1
0 9 1399.5 1531.8 1
6 3 761.7 1162.5 1
0 1 1239.4 1606.2 1
8 1 74.6 151.3 1
3 9 908.9 1200.6 1
4 2 726.9 1342.2 1
5 10 256.0 479.8 1
9 2 1040.9 1098.0 1
2 5 976.1 1256.9 1
3 4 165.3 436.3 1
3 1 1112.7 1549.8 1
3 2 194.4 296.8 1
4 3 945.4 1019.0 1
1 4 767.9 1322.4 1
2 7 1475.8 1818.6 1
1 9 889.5 1536.1 1
0 6 79.4 316.9 1
5 2 855.3 1499.7 1
8 2 699.0 929.5 1
8 4 946.9 1293.5 1
2 4 955.8 1561.5 1
6 8 328.0 408.8 1
2 9 676.8 739.9 1
2 8 335.2 717.8 1
1 8 243.2 794.0 1
9 7 531.0 1006.0 1
6 2 105.5 657.0 1
2 8 753.1 1317.1 1
0 4 8.9 115.2 1
7 10 539.7 1072.5 1
2 4 233.8 788.9 1
6 1 125.5 929.7 1
5 2 378.8 807.2 1
6 8 414.7 628.1 1
7 5 1007.8 1613.1 1
8 10 97.1 525.8 1
5 2 673.2 1258.6 1
9 7 878.4 1339.1 1
7 6 1170.7 1665.5 1
4 9 905.1 1496.5 1
3 10 1484.5 1953.0 1
EOF
