NUM_STATIONS: 10
NUM_REQUESTS: 80
NUM_VEHICLES: 3
VEHICLE_CAPACITY: 2
DISTANCES
0 1 8.0
1 2 8.3
2 3 3.5
3 4 6.0
4 5 1.1
5 6 2.5
6 7 5.2
7 8 7.5
8 9 5.8
9 0 8.4
REQUEST_SECTION
9 3 360.0 631.8 1
9 7 355.9 433.9 1
9 1 41.9 400.7 1
2 6 519.3 860.1 1
5 4 495.4 1043.1 1
6 5 328.1 821.5 1
3 2 311.3 741.4 1
6 2 547.5 1012.3 1
0 9 72.2 319.3 1
3 8 404.6 593.5 1
1 2 87.3 236.2 1
9 2 441.1 855.8 1
4 3 284.5 591.2 1
3 8 559.6 1027.1 1
8 3 236.4 297.3 1
8 5 395.4 698.1 1
8 5 392.8 601.9 1
0 3 410.8 802.9 1
7 10 242.6 664.4 1
2 10 139.4 722.1 1
7 9 112.1 509.5 1
6 5 426.9 913.9 1
4 8 68.0 192.1 1
6 10 461.8 752.9 1
3 4 380.3 914.7 1
9 5 389.3 980.3 1
7 6 392.0 878.0 1
9 7 298.2 447.0 1
5 9 252.2 619.6 1
5 7 178.1 495.8 1
6 1 104.9 480.2 1
7 4 88.5 467.8 1
2 8 62.9 444.5 1
9 1 64.9 495.7 1
4 1 68.8 208.2 1
5 6 132.2 702.9 1
0 9 152.6 705.5 1
8 2 512.0 576.8 1
6 3 188.8 439.0 1
6 9 141.6 593.7 1
9 7 226.9 805.3 1
2 8 352.6 847.5 1
6 8 497.5 801.3 1
5 2 556.3 1015.6 1
4 6 476.8 936.5 1
4 9 111.9 356.4 1
4 9 57.1 118.2 1
9 8 546.3 945.6 1
6 4 515.4 827.3 1
8 6 328.0 450.7 1
4 3 438.8 716.5 1
9 10 30.5 186.9 1
8 7 76.1 599.4 1
7 1 506.1 669.4 1
1 3 258.2 763.0 1
6 3 75.3 262.6 1
8 3 343.6 922.9 1
4 6 397.5 693.5 1
6 9 485.8 546.2 1
9 4 545.9 661.0 1
7 8 285.4 774.8 1
6 3 221.8 464.5 1
7 5 250.0 728.6 1
9 3 82.2 574.0 1
1 9 377.8 692.5 1
8 1 396.2 726.0 1
9 8 35.1 458.1 1
9 7 89.2 495.6 1
6 7 204.6 815.2 1
5 9 208.4 607.1 1
1 5 442.2 973.7 1
8 6 345.9 860.9 1
2 1 70.6 473.8 1
1 7 503.8 699.5 1
4 6 456.7 617.6 1
0 3 319.4 545.9 1
1 10 431.4 1022.1 1
7 8 245.5 358.6 1
9 6 294.7 412.7 1
3 10 549.2 859.4 1
EOF
