NUM_STATIONS: 10
NUM_REQUESTS: 40
NUM_VEHICLES: 3
VEHICLE_CAPACITY: 4
DISTANCES
0 1 5.5
1 2 7.8
2 3 7.1
3 4 4.8
4 5 4.5
5 6 3.9
6 7 2.7
7 8 6.4
8 9 8.5
9 0 7.6
REQUEST_SECTION
8 7 190.9 347.8 1
8 6 74.4 183.6 1
7 5 52.8 148.9 1
5 10 170.7 262.1 1
6 9 53.2 140.7 1
3 4 121.3 182.2 1
4 2 105.9 196.3 1
5 3 150.6 333.1 1
5 10 95.4 189.7 1
2 9 112.2 222.9 1
2 8 98.8 249.9 1
0 7 166.1 360.3 1
4 5 85.5 201.9 1
3 9 83.4 285.8 1
5 7 152.7 243.4 1
8 4 40.3 160.6 1
9 8 103.8 244.5 1
2 10 2.6 162.7 1
4 7 13.7 158.4 1
4 10 172.9 312.7 1
7 2 3.7 100.9 1
3 5 187.1 251.5 1
1 9 87.4 195.6 1
9 8 116.7 275.5 1
5 1 68.3 207.2 1
5 3 185.4 318.4 1
5 8 155.6 328.5 1
5 6 106.3 284.8 1
0 1 129.9 263.5 1
5 2 25.5 134.5 1
5 3 69.7 169.1 1
1 10 73.9 240.7 1
2 4 79.6 207.1 1
8 3 121.4 324.9 1
5 7 77.5 170.1 1
1 10 55.7 224.4 1
5 1 11.9 179.2 1
2 6 31.6 112.4 1
7 5 3.6 160.0 1
8 7 36.7 106.4 1
EOF
