NUM_STATIONS: 10
NUM_REQUESTS: 80
NUM_VEHICLES: 3
VEHICLE_CAPACITY: 4
DISTANCES
0 1 7.9
1 2 8.1
2 3 2.5
3 4 7.9
4 5 2.3
5 6 7.4
6 7 8.2
7 8 1.4
8 9 7.4
9 0 3.5
REQUEST_SECTION
9 4 166.2 292.4 1
8 6 311.6 589.7 1
1 2 94.4 162.0 1
8 4 3.2 314.2 1
2 7 341.1 426.1 1
1 8 234.2 301.0 1
5 7 175.3 470.1 1
1 9 60.4 123.5 1
1 4 374.5 683.2 1
4 6 299.4 554.6 1
0 8 154.7 397.7 1
7 6 108.1 251.0 1
7 6 367.8 426.2 1
4 10 233.0 484.8 1
8 2 74.2 317.5 1
1 4 137.0 294.2 1
2 8 159.4 370.1 1
0 3 126.5 358.0 1
8 6 349.4 594.2 1
8 1 204.5 509.3 1
9 8 280.1 541.3 1
6 3 368.4 528.4 1
2 4 16.8 102.3 1
3 10 106.2 243.3 1
5 6 129.6 296.2 1
5 6 303.1 571.7 1
2 9 113.9 194.7 1
6 8 36.9 216.5 1
9 10 155.9 400.3 1
5 8 140.0 289.1 1
0 5 137.6 371.2 1
2 4 356.0 554.2 1
3 9 126.4 386.2 1
0 3 83.4 229.8 1
5 6 11.3 340.4 1
5 10 83.1 408.6 1
4 8 271.0 515.0 1
9 4 75.3 317.2 1
1 9 27.6 90.6 1
0 9 147.8 393.3 1
6 3 24.1 241.0 1
0 1 149.7 253.9 1
8 1 273.0 609.7 1
3 9 95.1 203.9 1
4 2 15.8 243.4 1
5 10 269.8 572.7 1
9 2 287.9 354.3 1
2 5 300.4 370.1 1
3 4 154.0 302.8 1
3 1 22.6 192.7 1
3 2 92.4 183.3 1
4 3 275.6 417.3 1
1 4 203.3 273.3 1
2 7 57.5 272.3 1
1 9 316.8 651.9 1
0 6 224.1 312.8 1
5 2 221.4 384.0 1
8 2 368.3 705.5 1
8 4 308.5 422.8 1
2 4 195.3 393.3 1
6 8 101.9 398.0 1
2 9 318.4 655.8 1
2 8 240.0 411.4 1
1 8 227.1 339.0 1
9 7 105.6 361.4 1
6 2 31.8 207.7 1
2 8 63.1 290.6 1
0 4 347.0 584.3 1
7 10 119.8 398.4 1
2 4 134.9 406.8 1
6 1 204.6 446.3 1
5 2 56.4 138.2 1
6 8 284.4 494.4 1
7 5 228.2 367.6 1
8 10 238.0 530.0 1
5 2 308.9 608.4 1
9 7 345.2 455.9 1
7 6 229.5 397.1 1
4 9 49.7 260.7 1
3 10 74.9 325.2 1
EOF
