NUM_STATIONS: 10
NUM_REQUESTS: 160
NUM_VEHICLES: 1
VEHICLE_CAPACITY: 2
DISTANCES
0 1 7.9
1 2 8.7
2 3 5.6
3 4 8.4
4 5 6.3
5 6 1.2
6 7 4.8
7 8 8.8
8 9 1.4
9 0 2.6
REQUEST_SECTION
0 1 2417.8 3354.7 1
7 1 476.6 2351.3 1
6 4 3110.1 3259.9 1
1 3 891.7 2378.8 1
3 4 2269.2 3773.6 1
6 5 950.8 2934.6 1
7 4 2626.9 3109.2 1
2 1 1686.1 2583.2 1
6 2 2061.5 4212.6 1
1 2 1661.1 3489.1 1
1 6 2822.6 4700.2 1
5 4 596.6 2497.6 1
4 2 1539.8 3786.3 1
8 6 548.3 2495.0 1
6 7 654.5 1159.2 1
7 1 2650.6 3684.8 1
6 5 8.9 99.1 1
0 8 2455.9 2954.0 1
9 7 2544.8 3171.8 1
7 3 1945.4 3315.5 1
5 6 2875.9 4991.0 1
1 10 1120.4 1421.6 1
9 4 2715.6 4928.0 1
0 1 623.1 1937.6 1
3 5 1865.3 4144.5 1
8 7 1699.3 3370.6 1
3 8 2059.1 3140.8 1
0 1 1518.6 1913.8 1
7 2 2457.0 3197.8 1
4 6 254.7 1360.2 1
1 9 681.7 2275.3 1
1 7 1224.6 3212.8 1
7 10 1593.8 3232.2 1
4 6 430.0 705.5 1
7 5 893.7 2641.7 1
8 1 291.4 2123.6 1
2 8 2581.6 3700.8 1
3 10 456.0 1269.0 1
7 8 588.1 2559.4 1
7 10 470.9 698.7 1
3 7 320.3 1598.8 1
9 10 633.6 1121.8 1
5 2 411.0 2331.3 1
7 1 2379.6 4634.4 1
1 10 382.7 1356.8 1
9 10 1205.7 3129.4 1
3 4 1319.1 2228.7 1
9 10 234.9 1786.3 1
5 6 1737.2 3144.3 1
1 4 645.5 1060.6 1
1 3 2555.2 4514.5 1
8 2 413.2 1562.9 1
2 7 3290.8 5242.5 1
8 1 1051.3 3169.6 1
3 6 42.3 1678.0 1
6 7 306.4 2576.0 1
4 9 819.6 2654.9 1
3 5 583.8 1866.4 1
5 6 1911.1 3253.3 1
9 5 1028.7 2222.9 1
4 10 1034.3 2017.8 1
0 4 3039.6 4263.6 1
9 10 983.8 3158.8 1
1 7 482.1 1391.1 1
8 6 2630.8 4887.8 1
2 8 1095.4 2126.1 1
5 1 1167.1 2337.0 1
9 1 212.4 2060.8 1
8 4 1161.3 2870.9 1
6 4 89.6 1582.0 1
3 5 801.6 888.9 1
7 1 2654.3 3373.4 1
0 7 1009.9 1307.9 1
5 9 2102.4 3380.2 1
1 9 3174.6 5391.5 1
4 1 2106.4 3969.3 1
9 3 1040.1 2423.6 1
8 5 484.6 1676.9 1
6 10 705.1 2365.2 1
7 1 2871.4 3907.6 1
3 10 719.8 1430.3 1
6 8 1548.6 2461.3 1
5 8 3008.4 3760.1 1
9 8 1038.1 2824.9 1
7 4 3321.3 3388.3 1
0 4 3216.5 4790.5 1
2 9 1857.9 3986.3 1
0 7 113.7 2133.1 1
0 4 2821.6 5099.9 1
1 6 831.6 1663.0 1
0 6 85.4 2275.0 1
0 5 327.3 2343.0 1
7 1 1311.7 2219.6 1
1 3 74.5 536.5 1
3 8 780.9 2335.7 1
7 2 1726.0 2197.2 1
6 2 76.5 401.3 1
8 9 206.9 2192.7 1
0 3 254.2 1564.5 1
2 7 1001.0 1844.5 1
6 1 1122.8 2626.7 1
8 9 1137.8 2587.0 1
6 4 1471.9 2122.5 1
0 4 2104.7 3365.5 1
7 3 2438.9 2802.3 1
6 4 876.3 2082.4 1
3 8 1168.7 1537.3 1
9 7 540.8 1967.2 1
3 1 358.0 1225.4 1
2 8 89.5 891.0 1
3 2 778.0 1832.3 1
1 10 1503.4 3503.8 1
8 5 2369.9 2917.1 1
1 8 391.7 785.2 1
1 10 1064.0 1520.5 1
8 10 1658.9 2576.1 1
6 8 231.4 2164.5 1
3 6 3051.5 4161.7 1
8 9 516.0 1668.5 1
2 7 1435.6 3675.3 1
0 7 329.5 1191.0 1
6 2 1430.7 1543.7 1
3 1 845.8 2628.1 1
5 8 1014.1 2903.1 1
4 6 971.3 1663.6 1
5 3 585.8 1012.1 1
6 1 2874.6 3691.2 1
2 9 78.8 1593.8 1
1 10 179.9 1353.9 1
0 5 513.6 2613.9 1
1 5 2836.8 4557.7 1
7 6 1331.4 2800.1 1
1 6 566.2 2639.6 1
5 10 3215.6 4669.7 1
4 10 2474.7 4155.1 1
7 8 1048.9 2906.1 1
5 7 1244.6 2758.4 1
5 8 122.1 747.8 1
3 8 2836.2 4614.0 1
6 8 118.7 650.0 1
7 1 197.5 358.8 1
9 6 52.9 739.0 1
1 10 1831.6 2564.9 1
1 5 2118.5 3502.1 1
1 9 399.2 519.7 1
4 6 759.7 1362.7 1
7 6 2239.6 3421.7 1
6 9 1785.6 3535.4 1
7 2 2986.6 3749.9 1
5 7 1007.1 3061.9 1
7 10 71.5 1814.1 1
3 8 648.3 1911.5 1
1 3 846.1 1255.9 1
2 8 3040.5 5306.6 1
4 2 98.4 1720.7 1
5 8 3017.3 3975.3 1
4 2 2709.8 4339.6 1
4 2 2099.0 3707.2 1
9 8 1707.9 3866.9 1
0 9 2363.8 3901.0 1
EOF
