NUM_STATIONS: 10
NUM_REQUESTS: 20
NUM_VEHICLES: 3
VEHICLE_CAPACITY: 2
DISTANCES
0 1 5.2
1 2 3.6
2 3 9.0
3 4 5.2
4 5 4.6
5 6 6.8
6 7 9.5
7 8 9.5
8 9 7.9
9 0 8.3
REQUEST_SECTION
3 5 98.7 320.1 1
5 3 53.5 242.6 1
0 4 78.2 148.4 1
0 7 146.3 377.6 1
0 5 188.9 320.4 1
3 5 5.3 76.5 1
2 7 230.3 473.5 1
4 5 62.8 242.3 1
7 10 87.2 167.3 1
4 5 129.2 201.6 1
9 5 114.5 338.0 1
5 8 132.0 283.8 1
0 8 187.0 332.2 1
4 5 204.4 339.7 1
1 9 88.4 225.7 1
7 8 71.8 181.4 1
1 3 88.7 298.4 1
1 8 124.8 352.2 1
6 3 206.6 411.5 1
6 7 179.0 391.2 1
EOF
