NUM_STATIONS: 10
NUM_REQUESTS: 160
NUM_VEHICLES: 2
VEHICLE_CAPACITY: 4
DISTANCES
0 1 6.3
1 2 7.7
2 3 3.8
3 4 4.5
4 5 9.5
5 6 2.1
6 7 8.1
7 8 3.8
8 9 3.5
9 0 1.8
REQUEST_SECTION
8 5 391.7 791.8 1
2 7 177.3 693.9 1
0 6 447.4 519.8 1
4 2 986.7 1363.5 1
6 1 847.3 1154.4 1
6 5 658.6 985.0 1
4 5 1001.0 1301.2 1
1 7 372.6 606.9 1
9 1 544.0 1084.0 1
8 4 103.2 225.0 1
6 8 978.2 1132.6 1
3 10 369.0 779.8 1
9 6 232.5 518.2 1
1 3 490.4 751.8 1
9 1 719.2 1209.9 1
6 5 917.8 1442.6 1
1 10 931.8 1366.2 1
0 8 344.4 569.8 1
7 10 347.7 858.9 1
2 5 270.9 512.6 1
3 9 950.6 1341.3 1
9 5 592.0 1139.6 1
2 4 429.5 779.9 1
0 5 910.7 1001.5 1
6 5 181.5 491.1 1
1 3 339.7 812.4 1
7 5 715.7 1123.0 1
0 4 287.5 844.4 1
2 10 440.5 517.7 1
1 10 945.4 1471.5 1
4 1 35.6 521.8 1
5 8 58.7 530.5 1
8 5 829.0 971.0 1
4 10 8.6 307.4 1
6 3 399.8 676.5 1
6 5 143.2 461.3 1
1 7 369.9 483.5 1
3 1 801.3 925.9 1
0 3 1.6 155.8 1
3 2 49.3 286.5 1
7 4 770.8 1002.5 1
6 4 389.0 912.3 1
3 8 638.5 894.1 1
7 2 330.2 728.3 1
8 3 127.6 220.3 1
8 2 337.2 769.8 1
2 3 968.8 1355.1 1
0 1 83.7 238.1 1
5 8 26.6 272.6 1
2 7 192.0 544.0 1
8 4 104.4 349.9 1
3 8 704.6 776.3 1
2 5 524.0 1061.7 1
4 1 275.1 466.8 1
6 4 310.7 791.2 1
4 5 577.2 767.9 1
6 7 357.1 660.6 1
2 8 523.4 1026.3 1
8 10 646.1 1134.2 1
9 8 103.6 245.4 1
9 3 345.8 759.0 1
8 9 477.5 931.1 1
8 9 937.8 1044.5 1
8 10 735.0 821.9 1
3 9 797.0 1325.1 1
2 8 417.4 625.1 1
7 3 780.7 878.2 1
1 8 46.3 497.8 1
9 1 56.5 308.8 1
4 6 585.6 1145.6 1
2 10 706.0 1097.4 1
0 3 210.7 652.9 1
0 5 335.4 426.7 1
5 3 537.0 874.9 1
9 3 414.8 601.5 1
9 4 267.0 725.0 1
3 2 392.6 570.9 1
5 4 657.6 905.9 1
7 1 201.1 609.2 1
0 7 765.5 991.3 1
5 8 595.2 934.5 1
9 1 749.7 1156.1 1
3 4 462.0 820.3 1
4 9 374.6 692.0 1
5 1 960.3 1439.3 1
5 2 785.2 1011.5 1
2 1 313.6 618.1 1
8 2 781.3 1194.7 1
0 8 346.0 608.4 1
3 1 765.8 927.8 1
2 10 418.4 718.0 1
0 8 490.5 928.2 1
6 9 873.3 1012.2 1
3 8 711.4 905.0 1
4 2 835.6 1180.2 1
7 4 1002.2 1481.3 1
9 1 225.9 357.5 1
7 8 775.6 940.1 1
4 7 21.0 378.1 1
8 5 865.5 1388.1 1
8 7 411.5 888.5 1
3 1 468.2 905.4 1
6 3 77.8 540.1 1
5 9 69.1 568.5 1
3 7 316.5 859.0 1
2 7 46.8 363.0 1
2 7 907.3 975.7 1
9 10 476.4 621.3 1
0 8 638.7 743.5 1
7 8 1015.0 1378.4 1
4 3 611.5 937.2 1
6 7 261.8 459.0 1
1 6 781.1 1217.5 1
5 1 623.9 1061.2 1
4 9 106.8 375.2 1
3 8 726.5 1068.3 1
5 7 977.4 1073.4 1
6 9 792.5 886.4 1
1 5 719.5 1140.8 1
8 2 990.5 1527.2 1
9 10 461.3 688.4 1
5 7 821.6 1149.9 1
5 4 887.9 978.1 1
7 6 979.5 1085.4 1
5 9 868.4 1344.3 1
9 7 445.0 973.6 1
3 5 138.0 213.9 1
5 9 455.6 669.4 1
7 8 577.2 910.7 1
0 5 965.8 1311.3 1
6 3 124.5 216.0 1
2 5 218.1 750.7 1
9 8 408.2 694.4 1
1 10 395.3 742.7 1
4 6 694.8 767.7 1
4 9 368.5 682.5 1
6 7 261.4 483.8 1
8 1 970.0 1413.4 1
7 2 163.9 440.5 1
8 7 745.0 1034.2 1
6 8 987.4 1187.8 1
1 6 462.2 619.2 1
0 3 822.1 986.3 1
5 1 464.5 757.9 1
0 4 259.5 773.5 1
9 4 973.0 1211.4 1
1 10 276.8 437.1 1
8 5 653.6 927.2 1
7 6 824.5 1370.7 1
3 9 498.2 1011.8 1
0 8 278.0 432.2 1
2 9 162.2 245.1 1
9 8 505.6 999.3 1
1 9 955.9 1049.5 1
1 8 357.8 721.1 1
0 5 591.6 696.1 1
4 6 707.9 1056.2 1
7 5 7.1 462.0 1
9 6 784.8 1259.0 1
8 5 221.8 375.0 1
EOF
