NUM_STATIONS: 10
NUM_REQUESTS: 40
NUM_VEHICLES: 2
VEHICLE_CAPACITY: 4
DISTANCES
0 1 5.5
1 2 7.8
2 3 7.1
3 4 4.8
4 5 4.5
5 6 3.9
6 7 2.7
7 8 6.4
8 9 8.5
9 0 7.6
REQUEST_SECTION
8 7 216.7 486.6 1
8 6 129.0 278.5 1
7 5 55.1 117.4 1
5 10 153.3 385.1 1
6 9 89.3 259.4 1
3 4 210.4 270.3 1
4 2 42.7 217.5 1
5 3 136.5 232.9 1
5 10 41.1 141.6 1
2 9 84.3 284.0 1
2 8 109.5 192.1 1
0 7 3.7 224.1 1
4 5 167.4 248.6 1
3 9 90.7 200.3 1
5 7 171.3 419.7 1
8 4 152.7 356.5 1
9 8 166.1 420.1 1
2 10 120.2 386.0 1
4 7 112.4 271.2 1
4 10 92.0 237.8 1
7 2 131.0 390.3 1
3 5 168.3 367.3 1
1 9 153.2 229.8 1
9 8 215.7 367.7 1
5 1 55.3 122.3 1
5 3 37.0 304.1 1
5 8 148.0 220.6 1
5 6 91.8 289.7 1
0 1 20.9 88.3 1
5 2 163.3 432.2 1
5 3 7.6 82.9 1
1 10 72.8 202.0 1
2 4 195.9 395.6 1
8 3 57.7 230.8 1
5 7 150.0 426.9 1
1 10 78.4 318.2 1
5 1 200.7 297.4 1
2 6 66.9 171.6 1
7 5 1.3 139.0 1
8 7 162.1 391.0 1
EOF
