NUM_STATIONS: 10
NUM_REQUESTS: 160
NUM_VEHICLES: 1
VEHICLE_CAPACITY: 8
DISTANCES
0 1 6.3
1 2 1.5
2 3 7.8
3 4 9.8
4 5 9.9
5 6 6.9
6 7 1.6
7 8 5.2
8 9 2.2
9 0 6.8
REQUEST_SECTION
3 7 567.8 904.3 1
2 4 599.9 668.4 1
2 7 490.3 912.1 1
7 4 830.5 927.6 1
4 10 865.7 1076.2 1
1 4 225.8 578.7 1
2 1 539.7 880.7 1
5 9 382.2 980.8 1
7 3 770.8 1300.0 1
0 7 798.4 1262.2 1
0 3 266.5 551.4 1
0 5 548.5 780.6 1
0 3 19.5 355.1 1
8 4 249.8 709.6 1
3 4 347.1 845.4 1
0 7 870.2 1241.9 1
5 4 820.9 1292.6 1
9 8 709.1 1200.1 1
8 6 288.1 735.4 1
9 7 150.6 318.1 1
9 4 707.5 1179.1 1
2 4 728.0 829.8 1
9 3 687.3 786.3 1
9 5 266.9 794.0 1
1 6 725.2 892.9 1
9 4 234.0 743.3 1
9 2 816.0 931.2 1
7 2 81.4 709.1 1
3 9 241.8 452.1 1
1 2 805.3 1377.1 1
5 6 227.7 603.6 1
0 8 340.3 643.0 1
1 4 132.5 470.4 1
8 3 398.7 770.0 1
0 1 39.2 357.2 1
3 2 413.5 593.7 1
9 8 417.0 1039.1 1
0 9 804.4 1031.9 1
7 6 404.8 909.9 1
6 2 800.0 952.6 1
2 3 181.9 644.6 1
2 3 850.4 1215.9 1
2 8 275.3 485.0 1
7 3 85.5 326.1 1
5 1 656.6 1214.3 1
9 6 594.2 668.4 1
0 2 310.9 600.2 1
5 2 276.2 644.7 1
0 4 131.2 435.3 1
0 1 836.7 1256.0 1
8 5 246.9 579.5 1
1 9 492.4 705.2 1
9 10 732.2 1223.9 1
9 10 569.0 635.8 1
3 10 284.2 804.8 1
0 5 780.0 1062.6 1
9 3 76.0 345.3 1
1 7 185.0 646.2 1
2 9 412.2 490.9 1
2 9 372.4 545.3 1
2 7 2.8 566.9 1
5 1 16.3 649.5 1
6 4 277.1 719.3 1
1 4 849.8 1220.0 1
5 3 188.4 800.8 1
2 5 281.1 484.1 1
4 10 462.8 835.7 1
0 6 267.1 338.1 1
3 2 133.6 497.0 1
6 1 707.0 842.0 1
6 1 835.4 1266.4 1
7 1 11.6 303.9 1
9 10 825.8 1462.4 1
3 4 697.5 780.7 1
3 6 302.4 858.0 1
1 4 19.4 113.8 1
2 4 854.0 1302.9 1
6 9 42.1 494.7 1
3 7 595.9 1216.8 1
9 4 628.3 1045.9 1
5 4 28.9 246.3 1
0 3 171.7 640.6 1
1 3 156.6 640.6 1
9 1 623.1 1072.3 1
4 3 66.2 459.2 1
9 10 734.3 1119.3 1
8 7 746.6 850.8 1
1 7 176.1 621.4 1
7 6 592.4 758.0 1
2 5 197.0 474.3 1
0 2 680.4 996.8 1
5 7 850.4 1413.8 1
3 7 45.7 349.9 1
4 10 473.2 547.7 1
5 10 784.5 979.7 1
7 5 55.7 403.6 1
1 6 601.3 869.3 1
7 1 779.1 1019.6 1
1 5 457.3 750.7 1
6 8 841.8 1451.0 1
3 5 588.1 1197.6 1
9 7 737.6 945.7 1
4 9 364.6 516.3 1
7 4 479.9 633.0 1
4 9 501.3 732.9 1
8 2 545.2 911.4 1
4 9 458.5 979.7 1
2 1 474.2 599.8 1
8 10 858.4 954.5 1
5 1 811.7 871.3 1
9 1 279.1 717.3 1
0 4 582.0 889.1 1
0 2 597.1 1222.5 1
6 1 334.0 634.7 1
5 4 671.5 844.2 1
5 1 340.3 461.4 1
0 9 370.1 705.2 1
6 9 504.9 678.4 1
6 5 825.3 1013.1 1
7 9 265.4 561.2 1
8 6 290.9 633.3 1
1 6 693.4 965.0 1
2 8 208.1 380.3 1
1 9 116.5 652.3 1
0 8 834.6 1077.6 1
7 1 260.6 666.9 1
3 9 174.3 640.0 1
7 10 312.3 481.0 1
2 4 801.8 1245.5 1
8 7 249.1 538.9 1
7 1 24.4 100.4 1
3 7 412.3 1016.1 1
9 5 177.6 682.7 1
0 8 394.8 683.9 1
9 3 571.6 1141.9 1
5 8 751.7 1072.6 1
1 3 53.2 512.3 1
1 9 164.2 677.2 1
5 9 418.9 594.6 1
2 5 268.6 644.7 1
8 3 481.0 938.0 1
1 8 334.6 885.6 1
6 9 613.2 749.9 1
0 9 98.2 213.4 1
4 7 613.8 1104.8 1
2 8 767.6 1214.1 1
1 6 270.4 391.1 1
1 10 747.1 1250.4 1
0 5 258.8 446.5 1
3 9 467.2 1047.6 1
5 9 576.2 655.5 1
4 5 682.6 1247.5 1
7 1 233.7 649.6 1
9 1 791.9 1259.7 1
4 10 628.7 1069.3 1
6 1 687.9 965.0 1
7 3 657.9 980.6 1
3 8 508.7 1037.0 1
0 9 786.9 1420.7 1
5 3 57.4 693.7 1
EOF
