NUM_STATIONS: 10
NUM_REQUESTS: 40
NUM_VEHICLES: 3
VEHICLE_CAPACITY: 2
DISTANCES
0 1 5.5
1 2 7.8
2 3 7.1
3 4 4.8
4 5 4.5
5 6 3.9
6 7 2.7
7 8 6.4
8 9 8.5
9 0 7.6
REQUEST_SECTION
8 7 342.3 440.1 1
8 6 351.5 431.9 1
7 5 26.0 158.8 1
5 10 219.0 315.7 1
6 9 251.8 326.9 1
3 4 140.2 272.5 1
4 2 165.3 341.3 1
5 3 297.3 509.2 1
5 10 369.6 434.3 1
2 9 298.6 361.5 1
2 8 43.9 111.3 1
0 7 296.9 396.0 1
4 5 74.3 222.5 1
3 9 362.7 501.5 1
5 7 248.1 387.6 1
8 4 322.6 483.1 1
9 8 237.3 382.6 1
2 10 122.9 197.0 1
4 7 236.7 334.1 1
4 10 194.1 272.3 1
7 2 45.0 128.9 1
3 5 315.0 456.9 1
1 9 265.2 498.1 1
9 8 357.1 539.5 1
5 1 118.6 326.4 1
5 3 236.1 300.1 1
5 8 233.3 457.6 1
5 6 108.8 315.4 1
0 1 215.3 343.7 1
5 2 94.9 266.7 1
5 3 144.8 348.7 1
1 10 169.1 287.6 1
2 4 102.0 349.8 1
8 3 287.7 437.1 1
5 7 224.6 416.7 1
1 10 221.9 318.9 1
5 1 88.3 267.0 1
2 6 331.7 574.3 1
7 5 304.1 542.4 1
8 7 22.1 261.0 1
EOF
