NUM_STATIONS: 10
NUM_REQUESTS: 20
NUM_VEHICLES: 3
VEHICLE_CAPACITY: 1
DISTANCES
0 1 8.3
1 2 2.5
2 3 8.9
3 4 6.4
4 5 8.5
5 6 5.9
6 7 7.6
7 8 9.1
8 9 7.1
9 0 6.5
REQUEST_SECTION
4 1 411.0 754.8 1
9 3 265.3 460.7 1
9 10 40.3 224.7 1
7 2 272.9 557.6 1
9 1 260.5 638.2 1
4 2 113.2 286.8 1
1 10 362.2 627.4 1
1 5 356.1 573.1 1
5 7 158.2 307.9 1
6 7 30.5 148.0 1
2 1 157.1 397.6 1
0 3 191.0 330.6 1
8 5 305.1 652.2 1
0 6 254.8 455.9 1
3 2 138.9 424.0 1
1 2 442.5 525.7 1
0 9 130.1 209.3 1
2 5 320.1 600.8 1
2 1 463.2 745.2 1
9 8 173.5 540.8 1
EOF
