NUM_STATIONS: 10
NUM_REQUESTS: 160
NUM_VEHICLES: 1
VEHICLE_CAPACITY: 1
DISTANCES
0 1 3.3
1 2 8.6
2 3 9.8
3 4 4.8
4 5 3.7
5 6 5.0
6 7 1.8
7 8 2.0
8 9 1.3
9 0 2.7
REQUEST_SECTION
9 3 407.3 1664.2 1
8 4 3021.0 5558.3 1
4 8 877.3 4898.1 1
6 3 558.8 4725.3 1
8 2 3760.3 4326.4 1
7 2 2293.3 6282.6 1
8 1 420.8 4408.6 1
6 4 4804.8 9657.5 1
7 2 1985.0 3514.8 1
2 6 2475.4 6191.3 1
3 7 2769.6 3491.6 1
8 4 3842.9 6152.8 1
0 8 313.1 3635.7 1
8 10 2531.0 7617.8 1
8 2 2171.4 5724.9 1
4 2 3736.3 8353.0 1
3 5 3585.8 5382.0 1
5 7 4329.7 7726.2 1
3 7 4894.8 6698.5 1
7 4 1864.6 2174.0 1
6 7 1423.4 4568.7 1
3 7 2471.9 3448.6 1
5 2 4446.4 7620.3 1
4 7 188.3 973.0 1
3 5 273.7 5096.9 1
1 3 443.7 5412.6 1
9 10 3664.2 7087.5 1
3 6 3744.0 7459.5 1
3 7 4729.0 4946.7 1
7 10 1726.8 4346.7 1
8 9 1494.6 1850.5 1
3 9 4369.6 5147.8 1
4 7 4622.1 6571.2 1
4 6 1550.5 2989.3 1
6 10 957.6 1702.0 1
1 3 1032.4 5033.0 1
8 7 3864.3 5460.0 1
8 10 4973.1 5611.9 1
2 1 2344.9 7122.1 1
5 1 250.8 3650.6 1
2 4 3688.0 8237.9 1
5 10 4506.4 6261.4 1
8 6 2196.3 6188.0 1
5 2 1746.0 6634.8 1
6 2 1945.5 3247.7 1
5 4 4617.7 6538.0 1
0 9 3192.6 6160.1 1
3 4 147.8 4759.6 1
0 2 3322.0 6904.8 1
9 7 639.5 1268.2 1
8 3 4142.7 7274.2 1
1 4 2754.1 5202.4 1
3 1 4507.0 6024.4 1
2 7 4555.6 9127.5 1
3 10 885.6 934.9 1
2 4 1697.3 5014.7 1
5 8 554.8 1607.1 1
8 1 4646.1 9508.0 1
2 3 3248.3 7723.7 1
6 8 3263.3 4408.6 1
8 10 2163.1 5108.8 1
6 8 2832.3 6533.4 1
2 6 1271.6 6239.5 1
6 7 1341.7 3343.0 1
7 2 2220.1 2597.7 1
0 7 1292.2 4457.2 1
3 5 4001.3 4499.2 1
4 5 2891.9 7104.1 1
5 2 4642.2 4964.8 1
5 4 5129.0 7461.1 1
5 3 1860.6 2170.3 1
3 10 2677.8 4912.6 1
6 7 2479.3 4376.6 1
2 9 5133.5 7895.3 1
1 8 1588.8 2892.2 1
0 1 4880.5 8895.3 1
2 9 2899.6 6503.6 1
9 5 2286.6 4059.6 1
6 5 172.6 4764.8 1
3 7 4255.3 4437.3 1
7 1 1443.1 4955.3 1
3 2 2079.8 6423.0 1
2 7 519.4 4963.3 1
1 8 3890.6 7134.0 1
1 10 3152.3 5800.9 1
9 8 4341.2 6600.0 1
7 8 2085.6 3069.7 1
2 7 2787.4 5439.1 1
6 1 3246.7 4573.2 1
7 3 3977.9 6688.8 1
8 2 2421.7 3120.0 1
2 6 4627.5 4771.2 1
8 6 4402.3 8222.7 1
1 3 2635.6 6228.0 1
9 5 4497.3 9229.0 1
0 3 1499.6 3554.8 1
5 10 3847.0 4413.0 1
7 3 450.1 3280.1 1
5 10 4118.6 4520.1 1
6 2 4502.0 9072.3 1
6 8 1649.0 6593.6 1
8 5 3854.2 4505.0 1
0 2 3673.8 5827.9 1
9 5 3065.6 5798.7 1
8 3 4509.1 5315.4 1
4 9 3202.5 8263.6 1
4 9 836.9 4099.9 1
1 6 1978.5 4646.3 1
9 4 4510.2 5597.6 1
9 6 2410.6 6985.7 1
0 2 3596.5 6254.8 1
6 8 2543.1 3592.9 1
6 2 4742.2 6496.9 1
2 6 3001.5 3665.0 1
6 3 4831.3 8976.6 1
7 3 4923.1 8672.0 1
3 9 4473.2 5082.7 1
6 10 4206.3 6521.8 1
3 2 3761.9 7181.7 1
9 1 859.8 2306.5 1
6 9 372.8 4262.8 1
4 9 3706.7 6968.6 1
3 9 2358.9 6340.9 1
8 5 2990.4 7966.0 1
4 5 3791.2 3913.5 1
0 4 4156.5 7664.7 1
5 8 2392.4 2692.2 1
9 10 2886.7 4559.3 1
0 2 2168.2 6137.2 1
1 3 4934.1 8187.3 1
4 2 3125.5 3269.8 1
4 3 1658.4 3934.0 1
0 1 3282.9 3824.3 1
9 3 4811.5 9968.6 1
5 6 4784.4 8683.6 1
4 9 99.6 3799.8 1
5 2 3085.2 3890.8 1
0 6 128.4 4536.8 1
1 9 2398.5 4893.8 1
9 3 4889.9 6149.1 1
4 10 405.6 2997.4 1
2 7 4157.0 6707.1 1
5 1 831.7 5071.3 1
3 10 4613.7 8708.5 1
3 6 2031.2 3080.8 1
2 4 324.2 4292.0 1
0 4 4766.8 7976.1 1
0 8 2931.7 5381.2 1
3 5 2740.3 5053.6 1
0 3 3960.5 4137.1 1
3 8 4198.8 6427.9 1
4 9 1021.9 5951.6 1
3 10 1936.7 6354.5 1
6 3 1394.2 4949.5 1
7 3 1664.8 4763.5 1
6 10 1211.6 3136.2 1
9 7 379.7 2355.3 1
0 6 2709.3 4802.9 1
6 5 4157.9 9325.5 1
7 4 977.7 5132.0 1
EOF
