NUM_STATIONS: 10
NUM_REQUESTS: 160
NUM_VEHICLES: 3
VEHICLE_CAPACITY: 8
DISTANCES
0 1 3.3
1 2 8.6
2 3 9.8
3 4 4.8
4 5 3.7
5 6 5.0
6 7 1.8
7 8 2.0
8 9 1.3
9 0 2.7
REQUEST_SECTION
9 3 113.1 257.9 1
8 4 170.8 344.2 1
4 8 30.7 138.4 1
6 3 22.3 123.2 1
8 2 211.4 329.9 1
7 2 9.1 151.3 1
8 1 100.0 209.9 1
6 4 82.4 202.6 1
7 2 123.0 307.7 1
2 6 167.0 288.1 1
3 7 62.5 209.1 1
8 4 155.5 320.4 1
0 8 218.3 348.1 1
8 10 161.6 218.3 1
8 2 50.5 206.2 1
4 2 79.2 217.1 1
3 5 270.4 353.0 1
5 7 201.9 362.1 1
3 7 217.5 278.9 1
7 4 239.1 376.3 1
6 7 201.4 310.7 1
3 7 195.6 308.9 1
5 2 75.1 130.3 1
4 7 164.7 300.0 1
3 5 7.7 190.2 1
1 3 218.8 295.7 1
9 10 148.0 258.8 1
3 6 16.0 192.1 1
3 7 6.2 103.4 1
7 10 164.2 240.6 1
8 9 241.1 399.1 1
3 9 106.9 197.1 1
4 7 260.0 306.9 1
4 6 282.3 328.8 1
6 10 24.2 85.8 1
1 3 179.8 335.1 1
8 7 40.4 186.7 1
8 10 45.2 153.7 1
2 1 224.1 340.8 1
5 1 142.4 276.2 1
2 4 177.7 222.5 1
5 10 185.4 266.0 1
8 6 141.7 205.3 1
5 2 269.4 380.5 1
6 2 25.6 80.0 1
5 4 204.8 279.9 1
0 9 56.9 104.0 1
3 4 13.2 153.3 1
0 2 169.4 254.4 1
9 7 198.9 244.0 1
8 3 243.8 339.8 1
1 4 274.6 391.1 1
3 1 31.9 127.3 1
2 7 149.4 281.7 1
3 10 22.5 140.4 1
2 4 1.7 173.5 1
5 8 82.5 144.6 1
8 1 108.0 214.0 1
2 3 270.4 398.9 1
6 8 244.1 400.8 1
8 10 85.2 266.5 1
6 8 130.5 305.5 1
2 6 261.8 401.8 1
6 7 252.6 322.3 1
7 2 237.4 397.1 1
0 7 246.9 423.7 1
3 5 251.2 390.2 1
4 5 177.7 324.8 1
5 2 60.4 225.7 1
5 4 181.5 321.1 1
5 3 95.9 251.0 1
3 10 94.8 279.7 1
6 7 179.5 334.2 1
2 9 250.4 328.8 1
1 8 198.7 329.6 1
0 1 205.4 298.8 1
2 9 145.1 290.3 1
9 5 11.2 175.5 1
6 5 201.9 370.7 1
3 7 218.4 329.6 1
7 1 283.9 432.7 1
3 2 88.3 216.5 1
2 7 1.1 152.7 1
1 8 194.3 304.5 1
1 10 161.8 214.4 1
9 8 37.7 217.0 1
7 8 223.0 390.8 1
2 7 283.3 414.4 1
6 1 221.7 379.9 1
7 3 243.6 402.6 1
8 2 171.2 338.8 1
2 6 213.2 365.6 1
8 6 31.8 131.2 1
1 3 140.0 207.2 1
9 5 88.2 226.3 1
0 3 240.4 331.3 1
5 10 280.1 411.2 1
7 3 178.8 286.3 1
5 10 27.7 109.4 1
6 2 139.2 315.9 1
6 8 238.5 320.5 1
8 5 122.2 230.8 1
0 2 191.0 273.7 1
9 5 223.6 356.8 1
8 3 113.5 222.3 1
4 9 226.5 401.4 1
4 9 156.0 335.5 1
1 6 122.4 281.2 1
9 4 8.6 121.2 1
9 6 176.7 320.9 1
0 2 140.6 322.5 1
6 8 157.9 300.9 1
6 2 63.7 164.1 1
2 6 55.6 186.8 1
6 3 18.3 166.8 1
7 3 192.7 304.5 1
3 9 58.8 124.8 1
6 10 206.5 369.8 1
3 2 81.7 179.9 1
9 1 223.1 274.3 1
6 9 196.4 297.3 1
4 9 276.1 322.7 1
3 9 129.8 224.2 1
8 5 153.5 256.6 1
4 5 205.4 374.0 1
0 4 3.9 182.8 1
5 8 17.2 152.3 1
9 10 175.9 314.2 1
0 2 194.6 303.3 1
1 3 49.5 216.3 1
4 2 239.5 370.1 1
4 3 44.7 175.6 1
0 1 113.7 273.6 1
9 3 284.8 387.3 1
5 6 271.3 385.2 1
4 9 98.9 151.5 1
5 2 107.3 251.1 1
0 6 121.0 194.9 1
1 9 78.7 190.3 1
9 3 36.5 177.0 1
4 10 47.2 213.6 1
2 7 12.9 61.2 1
5 1 241.3 346.0 1
3 10 8.6 121.5 1
3 6 242.9 365.8 1
2 4 143.7 276.2 1
0 4 110.9 188.9 1
0 8 36.2 79.8 1
3 5 189.5 338.6 1
0 3 3.3 67.7 1
3 8 2.9 161.9 1
4 9 33.5 218.0 1
3 10 205.6 368.0 1
6 3 284.1 363.3 1
7 3 282.8 414.9 1
6 10 152.5 315.7 1
9 7 252.2 315.6 1
0 6 246.7 398.2 1
6 5 203.3 387.8 1
7 4 21.6 146.7 1
EOF
