NUM_STATIONS: 10
NUM_REQUESTS: 40
NUM_VEHICLES: 3
VEHICLE_CAPACITY: 4
DISTANCES
0 1 3.4
1 2 6.2
2 3 7.9
3 4 7.1
4 5 5.2
5 6 1.5
6 7 5.2
7 8 1.2
8 9 5.0
9 0 2.1
REQUEST_SECTION
3 7 81.0 164.7 1
4 5 100.2 186.7 1
4 5 50.8 160.9 1
2 9 54.8 168.8 1
4 6 57.6 128.1 1
2 7 78.6 176.3 1
2 4 6.4 95.8 1
5 6 73.3 166.8 1
4 1 0.5 110.4 1
0 7 13.1 95.6 1
6 3 49.9 125.5 1
0 2 35.2 96.2 1
9 3 16.5 104.1 1
7 6 82.3 137.9 1
7 5 7.5 118.0 1
3 7 11.1 113.8 1
4 2 35.0 139.4 1
0 9 14.9 60.8 1
2 3 46.1 131.3 1
2 9 36.8 122.3 1
0 4 37.3 129.2 1
2 10 35.6 104.9 1
2 6 15.3 102.9 1
8 4 4.0 103.4 1
3 7 76.5 147.7 1
0 1 35.7 107.8 1
7 1 33.3 84.1 1
8 4 11.8 64.4 1
0 3 87.3 173.1 1
9 7 98.8 171.2 1
0 4 79.7 198.8 1
7 2 61.2 119.8 1
8 6 45.5 152.1 1
4 10 35.6 83.0 1
9 6 50.9 142.4 1
1 5 99.5 149.0 1
4 2 29.3 86.7 1
3 5 49.4 142.2 1
9 7 51.6 156.2 1
5 7 78.2 185.7 1
EOF
