NUM_STATIONS: 10
NUM_REQUESTS: 20
NUM_VEHICLES: 1
VEHICLE_CAPACITY: 4
DISTANCES
0 1 10.0
1 2 3.1
2 3 7.4
3 4 2.1
4 5 5.5
5 6 6.0
6 7 3.5
7 8 7.1
8 9 7.6
9 0 5.4
REQUEST_SECTION
4 9 94.5 153.8 1
8 3 196.4 341.1 1
4 3 34.7 189.7 1
5 2 151.7 213.1 1
7 5 4.7 68.9 1
3 6 141.9 219.6 1
9 4 44.8 182.2 1
5 4 9.8 203.7 1
7 6 157.4 304.1 1
5 4 159.7 356.5 1
6 8 32.7 174.9 1
3 1 1.4 188.8 1
3 10 62.2 239.4 1
8 9 194.0 352.2 1
8 3 126.4 275.5 1
3 2 25.1 220.3 1
0 3 118.2 189.9 1
1 3 10.6 75.6 1
7 5 205.3 351.9 1
8 7 185.1 380.0 1
EOF
