NUM_STATIONS: 10
NUM_REQUESTS: 160
NUM_VEHICLES: 3
VEHICLE_CAPACITY: 2
DISTANCES
0 1 3.3
1 2 8.6
2 3 9.8
3 4 4.8
4 5 3.7
5 6 5.0
6 7 1.8
7 8 2.0
8 9 1.3
9 0 2.7
REQUEST_SECTION
9 3 172.7 666.3 1
8 4 1029.5 1827.8 1
4 8 336.6 786.2 1
6 3 845.7 1611.6 1
8 2 423.8 600.0 1
7 2 654.0 1480.1 1
8 1 1018.8 1148.3 1
6 4 107.1 685.6 1
7 2 1029.4 1721.7 1
2 6 836.2 1632.6 1
3 7 708.5 899.1 1
8 4 827.9 1174.5 1
0 8 414.8 1200.7 1
8 10 682.1 1306.1 1
8 2 143.6 791.8 1
4 2 811.0 1212.9 1
3 5 860.3 912.4 1
5 7 32.2 422.0 1
3 7 111.2 768.9 1
7 4 870.2 1271.6 1
6 7 68.9 855.2 1
3 7 55.3 773.8 1
5 2 1077.7 1281.3 1
4 7 358.3 1186.4 1
3 5 0.1 94.6 1
1 3 558.9 826.1 1
9 10 677.3 1288.8 1
3 6 827.5 1575.6 1
3 7 1006.1 1525.0 1
7 10 867.9 1466.3 1
8 9 478.2 935.4 1
3 9 701.0 1082.5 1
4 7 676.4 1326.5 1
4 6 845.9 1302.9 1
6 10 331.5 905.4 1
1 3 360.8 1145.9 1
8 7 817.3 1646.1 1
8 10 917.3 1775.2 1
2 1 855.5 1031.2 1
5 1 529.1 1174.0 1
2 4 873.7 1695.9 1
5 10 1090.9 1524.6 1
8 6 354.4 720.4 1
5 2 792.2 1246.0 1
6 2 627.6 1230.3 1
5 4 125.9 861.3 1
0 9 1011.9 1487.3 1
3 4 550.4 924.2 1
0 2 755.0 1561.2 1
9 7 548.7 630.6 1
8 3 387.7 459.2 1
1 4 110.4 457.2 1
3 1 101.6 402.4 1
2 7 113.1 901.1 1
3 10 179.9 828.0 1
2 4 779.3 1519.1 1
5 8 1091.9 1375.7 1
8 1 527.4 1186.3 1
2 3 289.6 433.0 1
6 8 533.9 635.1 1
8 10 440.3 791.9 1
6 8 341.8 773.2 1
2 6 1019.3 1856.0 1
6 7 108.5 409.3 1
7 2 553.5 796.4 1
0 7 535.8 1156.6 1
3 5 847.7 1503.3 1
4 5 91.4 310.4 1
5 2 527.7 930.6 1
5 4 1115.8 1730.0 1
5 3 55.6 485.8 1
3 10 447.8 693.0 1
6 7 986.2 1502.2 1
2 9 138.4 1005.9 1
1 8 1068.5 1621.2 1
0 1 185.5 646.8 1
2 9 1069.8 1354.2 1
9 5 868.0 1369.1 1
6 5 952.1 1690.8 1
3 7 587.5 805.2 1
7 1 135.8 878.9 1
3 2 810.7 1378.1 1
2 7 31.7 358.1 1
1 8 597.3 1408.9 1
1 10 741.2 856.6 1
9 8 299.0 446.9 1
7 8 381.4 1201.5 1
2 7 336.8 476.1 1
6 1 352.7 831.8 1
7 3 944.3 1634.8 1
8 2 1029.2 1439.1 1
2 6 201.0 927.7 1
8 6 323.6 734.9 1
1 3 807.3 1416.0 1
9 5 156.1 311.0 1
0 3 95.7 409.5 1
5 10 172.1 328.7 1
7 3 1127.3 1816.8 1
5 10 862.0 1290.6 1
6 2 1101.1 1200.8 1
6 8 1136.0 1614.7 1
8 5 636.3 1254.6 1
0 2 1091.8 1558.5 1
9 5 427.3 1105.9 1
8 3 735.9 1072.9 1
4 9 290.9 611.1 1
4 9 828.6 992.1 1
1 6 213.8 437.4 1
9 4 40.2 274.4 1
9 6 154.4 278.3 1
0 2 296.2 987.1 1
6 8 487.5 543.2 1
6 2 797.7 903.2 1
2 6 989.7 1593.9 1
6 3 588.5 1102.8 1
7 3 255.1 728.2 1
3 9 429.0 741.3 1
6 10 285.2 677.0 1
3 2 1015.4 1522.7 1
9 1 1021.9 1562.1 1
6 9 861.7 1463.5 1
4 9 982.3 1493.4 1
3 9 17.6 199.2 1
8 5 178.8 303.3 1
4 5 381.7 840.7 1
0 4 937.6 1628.2 1
5 8 789.6 1236.6 1
9 10 513.3 1269.9 1
0 2 470.9 1318.5 1
1 3 794.1 1284.7 1
4 2 1063.2 1118.5 1
4 3 457.7 632.2 1
0 1 227.3 723.2 1
9 3 578.1 687.4 1
5 6 158.0 444.6 1
4 9 460.9 708.7 1
5 2 62.5 483.4 1
0 6 1006.5 1873.5 1
1 9 466.2 1218.3 1
9 3 371.3 1250.8 1
4 10 974.8 1401.8 1
2 7 368.9 602.7 1
5 1 1089.1 1957.5 1
3 10 386.4 824.5 1
3 6 539.8 959.9 1
2 4 686.7 920.5 1
0 4 749.1 904.4 1
0 8 1003.4 1152.5 1
3 5 460.6 1005.7 1
0 3 314.7 431.6 1
3 8 844.4 1626.0 1
4 9 830.3 1289.2 1
3 10 560.7 706.2 1
6 3 384.9 1082.5 1
7 3 655.1 1025.2 1
6 10 246.6 750.3 1
9 7 911.2 1594.7 1
0 6 1118.6 1783.9 1
6 5 683.3 1434.5 1
7 4 641.0 1321.9 1
EOF
