NUM_STATIONS: 10
NUM_REQUESTS: 160
NUM_VEHICLES: 1
VEHICLE_CAPACITY: 2
DISTANCES
0 1 6.3
1 2 7.7
2 3 3.8
3 4 4.5
4 5 9.5
5 6 2.1
6 7 8.1
7 8 3.8
8 9 3.5
9 0 1.8
REQUEST_SECTION
8 5 3238.3 4574.0 1
2 7 1041.9 2322.2 1
0 6 2049.4 3400.2 1
4 2 1073.6 1521.5 1
6 1 3115.5 3340.0 1
6 5 758.7 2306.3 1
4 5 3639.4 4648.7 1
1 7 2936.4 3174.3 1
9 1 3625.6 4537.4 1
8 4 2291.8 4163.9 1
6 8 957.8 2952.8 1
3 10 3326.6 5270.4 1
9 6 3073.9 4140.5 1
1 3 3948.4 5718.7 1
9 1 2790.1 3466.5 1
6 5 3504.4 5305.7 1
1 10 2625.5 3074.0 1
0 8 2209.7 3921.0 1
7 10 2509.8 2971.2 1
2 5 1795.7 2498.3 1
3 9 2557.0 2962.4 1
9 5 2912.5 3548.7 1
2 4 1126.9 2851.9 1
0 5 944.8 2278.8 1
6 5 3101.2 3665.3 1
1 3 274.0 1152.7 1
7 5 2264.4 3442.6 1
0 4 3729.0 4191.8 1
2 10 1719.9 2599.3 1
1 10 1344.1 1414.5 1
4 1 3560.0 4241.6 1
5 8 914.8 1792.4 1
8 5 3137.7 4014.4 1
4 10 1968.2 2623.5 1
6 3 829.6 1830.0 1
6 5 559.8 661.8 1
1 7 1300.2 1470.5 1
3 1 9.6 273.2 1
0 3 907.5 1826.7 1
3 2 657.2 1460.4 1
7 4 2679.2 2937.3 1
6 4 916.8 2653.1 1
3 8 2330.2 4046.4 1
7 2 3125.0 5183.6 1
8 3 1085.9 2552.7 1
8 2 3383.6 5351.9 1
2 3 1030.7 1693.7 1
0 1 3803.8 3869.8 1
5 8 1996.2 3169.6 1
2 7 1853.7 2255.6 1
8 4 626.8 719.9 1
3 8 3384.2 3721.6 1
2 5 2468.4 3938.0 1
4 1 1784.7 2414.6 1
6 4 2802.7 4214.5 1
4 5 2509.3 3053.6 1
6 7 155.4 1924.3 1
2 8 2757.6 3781.6 1
8 10 2284.7 2668.1 1
9 8 1471.6 2652.6 1
9 3 2827.5 3682.9 1
8 9 2511.1 3443.8 1
8 9 2743.9 4812.5 1
8 10 421.0 1590.5 1
3 9 1654.5 1865.2 1
2 8 1488.2 3516.5 1
7 3 542.5 830.4 1
1 8 81.5 948.5 1
9 1 2166.7 2614.6 1
4 6 3808.7 4531.4 1
2 10 1657.5 2894.7 1
0 3 2980.7 3203.6 1
0 5 2641.1 3706.4 1
5 3 2420.2 2653.9 1
9 3 2364.2 3783.5 1
9 4 2937.1 3191.9 1
3 2 1582.4 3056.5 1
5 4 1507.1 2977.2 1
7 1 3097.9 4659.0 1
0 7 3643.4 5359.5 1
5 8 1631.1 2893.9 1
9 1 2663.2 3979.0 1
3 4 2408.1 3798.3 1
4 9 1008.8 1966.3 1
5 1 1731.9 3467.3 1
5 2 3821.5 4180.4 1
2 1 3673.5 5485.1 1
8 2 2762.5 4117.1 1
0 8 2061.9 2622.4 1
3 1 2780.2 4467.0 1
2 10 1911.9 2106.3 1
0 8 3650.4 5164.0 1
6 9 1303.2 3291.0 1
3 8 1237.9 1987.8 1
4 2 3764.6 4991.2 1
7 4 1975.5 3059.9 1
9 1 2592.9 4391.0 1
7 8 1172.8 2173.5 1
4 7 3078.3 3539.7 1
8 5 316.9 2042.9 1
8 7 3649.4 3722.0 1
3 1 1732.3 1917.6 1
6 3 1909.5 3717.0 1
5 9 2673.0 3853.7 1
3 7 3742.5 4687.2 1
2 7 716.7 1083.9 1
2 7 3460.6 5047.1 1
9 10 3951.3 4826.1 1
0 8 3007.8 4387.7 1
7 8 655.7 1509.6 1
4 3 1439.3 1847.0 1
6 7 383.3 886.3 1
1 6 2272.0 3917.7 1
5 1 3147.0 3712.1 1
4 9 2597.7 4625.8 1
3 8 451.5 2507.9 1
5 7 3386.1 4114.0 1
6 9 3703.2 5380.9 1
1 5 780.6 2018.2 1
8 2 3658.5 4492.4 1
9 10 1905.6 3091.5 1
5 7 3444.1 3699.3 1
5 4 483.6 2087.9 1
7 6 224.1 412.8 1
5 9 696.0 1690.7 1
9 7 882.2 1492.5 1
3 5 90.5 1918.9 1
5 9 3959.7 4968.8 1
7 8 3632.0 4585.7 1
0 5 551.7 871.9 1
6 3 118.4 1866.5 1
2 5 3985.5 4626.7 1
9 8 1640.8 2762.6 1
1 10 1731.8 2748.2 1
4 6 3809.0 5263.0 1
4 9 2709.1 3965.2 1
6 7 89.5 660.0 1
8 1 4013.0 6090.0 1
7 2 1894.5 3574.2 1
8 7 1230.7 2345.9 1
6 8 1765.7 2219.7 1
1 6 1124.5 2843.1 1
0 3 2793.8 4179.7 1
5 1 1592.2 2999.3 1
0 4 2618.7 2807.5 1
9 4 3855.5 5262.8 1
1 10 2065.3 2768.0 1
8 5 1369.4 1434.6 1
7 6 260.9 1296.4 1
3 9 2235.4 3571.6 1
0 8 1373.3 2438.8 1
2 9 1026.2 2181.6 1
9 8 2980.7 3726.8 1
1 9 1726.5 2989.7 1
1 8 3463.4 3965.0 1
0 5 3610.6 4649.1 1
4 6 2513.5 4253.6 1
7 5 2759.7 3341.9 1
9 6 3564.8 3965.4 1
8 5 2712.5 3022.1 1
EOF
