NUM_STATIONS: 10
NUM_REQUESTS: 160
NUM_VEHICLES: 2
VEHICLE_CAPACITY: 1
DISTANCES
0 1 3.6
1 2 7.3
2 3 7.4
3 4 1.6
4 5 9.1
5 6 1.1
6 7 5.1
7 8 5.3
8 9 9.0
9 0 2.6
REQUEST_SECTION
0 6 1904.5 3713.2 1
6 7 90.1 415.6 1
7 6 1517.0 3503.8 1
0 1 632.5 1032.1 1
4 3 1015.0 2212.1 1
6 10 3493.6 4480.1 1
5 2 1851.3 3364.6 1
1 3 2080.9 2143.3 1
0 6 1908.8 3270.7 1
6 1 2963.7 4456.8 1
4 5 2320.7 3558.1 1
6 2 463.9 550.2 1
3 4 1489.2 2923.7 1
3 4 3336.6 4764.5 1
7 9 2051.0 3321.1 1
9 3 2319.4 3087.9 1
9 7 78.5 2030.9 1
4 8 3625.6 4630.5 1
3 7 3169.9 4832.4 1
2 3 430.4 728.8 1
0 7 715.7 2446.7 1
1 5 3244.1 3343.2 1
8 2 4093.2 6115.1 1
5 3 1221.0 2978.5 1
5 9 612.0 835.7 1
1 6 389.5 1060.8 1
1 6 1697.3 2040.8 1
4 2 2490.8 3006.2 1
5 3 4040.5 5231.0 1
4 7 3494.4 5631.5 1
6 5 2379.8 3893.6 1
3 7 944.7 1062.3 1
5 3 2291.5 3234.2 1
4 9 1379.7 1513.4 1
2 6 183.7 2211.4 1
8 4 248.0 452.2 1
0 3 153.9 1052.1 1
8 9 845.4 2076.2 1
9 5 1450.1 2555.7 1
5 7 2873.6 3247.6 1
1 5 1098.1 1630.2 1
6 8 2051.0 3359.9 1
3 8 3988.9 4559.3 1
8 5 2473.5 3645.8 1
3 10 1345.1 3435.0 1
8 7 3694.6 4488.3 1
9 4 1865.2 3715.4 1
6 2 1864.4 1977.6 1
9 7 1188.9 3158.7 1
0 8 349.8 635.2 1
3 9 3255.6 3361.5 1
7 10 2263.4 3818.6 1
7 3 110.9 251.9 1
4 1 1236.2 2914.5 1
1 3 2822.4 3396.6 1
4 9 1407.6 2106.9 1
6 7 783.0 1195.7 1
3 9 3509.7 3640.9 1
1 5 615.6 1288.3 1
9 7 564.0 824.5 1
4 8 1045.7 2601.6 1
7 10 3713.8 4060.6 1
2 9 586.1 1179.3 1
8 1 3695.1 4957.5 1
1 7 3138.9 3325.3 1
8 5 1390.3 2091.0 1
7 3 1257.4 1822.9 1
3 5 420.7 1831.9 1
0 5 2543.9 3772.2 1
9 4 3212.7 4891.7 1
5 8 3649.1 5167.9 1
9 8 3869.4 4920.3 1
6 9 2440.8 2850.1 1
8 1 2548.8 3534.7 1
6 7 2993.7 3771.7 1
6 1 1227.5 3288.2 1
3 5 3596.5 5117.5 1
4 7 1367.7 1781.0 1
6 3 1888.3 3499.1 1
4 5 1001.8 2786.6 1
0 1 3139.7 4666.9 1
8 5 3395.6 4865.6 1
3 4 3056.9 4140.0 1
2 6 1341.4 2159.6 1
9 4 2222.2 4295.6 1
6 8 3610.9 3839.5 1
6 2 2636.4 2765.9 1
7 2 706.8 2349.0 1
1 8 1657.5 3049.9 1
9 5 3355.5 3561.5 1
6 2 713.7 1007.9 1
1 5 695.5 897.4 1
5 4 2263.8 2325.8 1
8 10 876.3 2335.3 1
3 6 4020.7 5800.0 1
5 2 1026.7 2822.0 1
6 3 1547.3 3345.6 1
4 6 3299.4 4741.7 1
5 7 4060.4 4768.3 1
2 3 3413.3 4039.8 1
4 9 3455.4 4372.5 1
4 1 1488.2 2842.9 1
5 6 1758.2 1999.8 1
5 10 3409.9 3808.3 1
8 9 3559.9 3936.8 1
3 5 3974.9 5221.9 1
3 8 3362.0 5455.2 1
7 8 3694.1 4358.3 1
4 8 4036.5 5892.3 1
1 6 317.2 934.6 1
3 9 135.2 1573.2 1
0 8 2778.4 3991.3 1
0 5 4076.5 5391.4 1
1 8 257.2 572.8 1
3 6 2941.5 4893.5 1
7 1 972.7 2462.3 1
7 1 3365.5 3873.4 1
4 1 2306.0 3876.1 1
1 2 2073.3 2863.1 1
8 5 2688.0 4010.8 1
6 4 1904.1 2882.0 1
3 6 490.9 2631.9 1
2 8 2881.9 4936.3 1
6 1 2533.8 3400.5 1
6 10 351.4 1801.8 1
0 2 4171.6 4225.4 1
0 1 3379.8 3587.4 1
3 9 1213.9 3065.2 1
2 8 889.7 1608.0 1
4 5 4010.9 4739.9 1
1 5 1641.2 1976.7 1
4 2 1033.0 2807.9 1
1 3 250.2 2081.2 1
1 3 1201.4 1529.1 1
6 1 3725.5 5806.2 1
8 9 1928.1 3877.2 1
7 6 4169.5 5033.2 1
1 7 3756.4 5526.0 1
6 1 2847.8 4459.8 1
4 6 2202.8 2326.5 1
3 9 549.7 2635.0 1
2 9 2413.9 3105.4 1
6 9 894.4 2066.8 1
2 4 3967.5 5113.8 1
9 6 54.2 1031.5 1
1 6 1431.0 3419.5 1
3 2 1185.8 2301.1 1
4 1 2374.2 4117.9 1
8 9 1948.0 3963.7 1
4 3 3897.0 6009.7 1
7 5 1761.9 3373.4 1
3 5 465.3 2171.1 1
6 7 2282.5 2403.1 1
9 5 1752.6 3707.2 1
6 5 1737.4 3218.6 1
3 8 3636.9 5372.9 1
4 9 2602.8 3655.8 1
4 10 3969.0 4090.6 1
6 8 3997.4 4421.5 1
3 1 2075.8 2595.3 1
EOF
