NUM_STATIONS: 10
NUM_REQUESTS: 80
NUM_VEHICLES: 1
VEHICLE_CAPACITY: 8
DISTANCES
0 1 7.9
1 2 8.1
2 3 2.5
3 4 7.9
4 5 2.3
5 6 7.4
6 7 8.2
7 8 1.4
8 9 7.4
9 0 3.5
REQUEST_SECTION
9 4 52.3 284.2 1
8 6 359.4 436.0 1
1 2 422.9 481.5 1
8 4 160.3 286.6 1
2 7 278.2 338.0 1
1 8 340.1 546.9 1
5 7 220.8 300.8 1
1 9 53.6 208.2 1
1 4 216.9 387.3 1
4 6 203.1 480.7 1
0 8 182.2 482.2 1
7 6 343.5 578.0 1
7 6 201.4 435.7 1
4 10 338.9 616.3 1
8 2 288.2 621.6 1
1 4 3.7 313.2 1
2 8 229.1 433.8 1
0 3 344.3 607.3 1
8 6 265.1 464.4 1
8 1 56.0 132.4 1
9 8 189.0 334.9 1
6 3 216.3 449.0 1
2 4 155.0 463.9 1
3 10 234.4 523.4 1
5 6 353.1 450.8 1
5 6 115.3 432.6 1
2 9 304.5 380.5 1
6 8 152.5 293.5 1
9 10 14.1 271.5 1
5 8 392.9 551.7 1
0 5 346.7 582.3 1
2 4 311.2 646.6 1
3 9 201.9 269.2 1
0 3 190.2 492.1 1
5 6 142.9 255.6 1
5 10 405.8 661.4 1
4 8 308.1 470.6 1
9 4 114.4 345.2 1
1 9 141.7 436.0 1
0 9 15.8 274.1 1
6 3 61.2 177.1 1
0 1 95.1 209.2 1
8 1 308.6 558.9 1
3 9 407.7 735.3 1
4 2 70.8 245.8 1
5 10 47.9 372.3 1
9 2 166.5 396.0 1
2 5 246.2 423.7 1
3 4 95.0 301.8 1
3 1 379.8 526.0 1
3 2 374.2 455.3 1
4 3 45.3 283.5 1
1 4 114.1 206.9 1
2 7 215.7 407.4 1
1 9 330.1 421.1 1
0 6 103.8 237.3 1
5 2 398.9 556.7 1
8 2 128.4 460.2 1
8 4 280.4 436.7 1
2 4 401.7 703.9 1
6 8 148.0 370.1 1
2 9 48.1 252.2 1
2 8 300.6 428.0 1
1 8 336.1 600.6 1
9 7 204.8 305.9 1
6 2 402.5 725.1 1
2 8 389.6 573.5 1
0 4 418.8 732.5 1
7 10 105.4 246.4 1
2 4 132.1 246.8 1
6 1 405.7 521.7 1
5 2 423.3 558.9 1
6 8 53.6 147.6 1
7 5 55.8 285.9 1
8 10 266.6 603.2 1
5 2 340.5 628.8 1
9 7 194.5 483.8 1
7 6 144.5 228.5 1
4 9 414.6 518.0 1
3 10 326.8 654.3 1
EOF
