NUM_STATIONS: 10
NUM_REQUESTS: 40
NUM_VEHICLES: 1
VEHICLE_CAPACITY: 1
DISTANCES
0 1 2.8
1 2 2.9
2 3 8.4
3 4 7.3
4 5 6.1
5 6 1.6
6 7 8.4
7 8 7.7
8 9 3.2
9 0 1.5
REQUEST_SECTION
4 8 287.3 996.8 1
3 10 681.1 1180.0 1
6 4 967.5 1037.9 1
1 6 872.2 1742.8 1
0 4 163.9 507.2 1
5 3 1205.8 1612.3 1
6 9 1091.7 1971.0 1
1 10 1257.6 2073.1 1
1 9 418.4 714.7 1
0 6 213.7 937.9 1
6 9 1374.1 1531.9 1
5 6 356.6 1020.0 1
9 3 139.0 444.5 1
6 2 274.1 979.1 1
9 3 822.4 1615.8 1
0 2 214.1 929.4 1
9 5 729.1 1189.3 1
7 4 151.7 385.9 1
1 5 1227.1 1335.7 1
5 4 1381.0 1800.2 1
8 5 420.2 1340.1 1
7 6 1351.8 1516.9 1
4 1 1346.7 2334.0 1
4 10 307.2 1226.7 1
7 5 54.2 976.1 1
1 10 515.5 689.6 1
3 5 1184.4 1442.5 1
2 5 420.9 1122.6 1
6 8 863.2 1102.0 1
4 7 68.7 771.5 1
9 1 66.7 1069.0 1
6 3 1454.4 2151.7 1
8 9 1251.0 1796.8 1
6 3 696.6 1677.4 1
5 2 1166.5 1763.7 1
8 5 740.3 1342.9 1
7 9 1347.3 1466.4 1
5 4 802.4 1577.0 1
0 2 237.6 673.8 1
2 4 1376.0 1657.0 1
EOF
