NUM_STATIONS: 10
NUM_REQUESTS: 40
NUM_VEHICLES: 1
VEHICLE_CAPACITY: 1
DISTANCES
0 1 3.4
1 2 6.2
2 3 7.9
3 4 7.1
4 5 5.2
5 6 1.5
6 7 5.2
7 8 1.2
8 9 5.0
9 0 2.1
REQUEST_SECTION
3 7 781.8 1426.8 1
4 5 925.0 1993.6 1
4 5 1586.7 2630.5 1
2 9 960.5 1552.8 1
4 6 930.9 1103.4 1
2 7 1553.3 2752.6 1
2 4 64.3 500.4 1
5 6 1727.2 2791.9 1
4 1 12.4 910.8 1
0 7 638.0 1649.9 1
6 3 892.6 1892.2 1
0 2 811.2 1559.8 1
9 3 1094.2 1651.6 1
7 6 1210.6 1755.7 1
7 5 1521.1 1970.9 1
3 7 91.3 1109.8 1
4 2 1312.5 2320.3 1
0 9 1658.3 2722.5 1
2 3 975.3 2148.6 1
2 9 1766.3 3121.6 1
0 4 1129.8 1946.1 1
2 10 342.3 1720.3 1
2 6 282.7 1502.4 1
8 4 1458.5 1564.8 1
3 7 1294.7 2050.3 1
0 1 439.9 798.5 1
7 1 1333.9 2223.0 1
8 4 1216.7 1324.6 1
0 3 27.4 776.2 1
9 7 700.3 1001.7 1
0 4 601.3 1368.0 1
7 2 1278.9 1668.9 1
8 6 1158.4 1494.4 1
4 10 734.5 1123.6 1
9 6 967.9 1563.9 1
1 5 1000.8 1794.1 1
4 2 1028.6 2349.0 1
3 5 1161.3 1548.9 1
9 7 527.6 859.9 1
5 7 9.3 725.6 1
EOF
