NUM_STATIONS: 10
NUM_REQUESTS: 40
NUM_VEHICLES: 2
VEHICLE_CAPACITY: 1
DISTANCES
0 1 2.8
1 2 2.9
2 3 8.4
3 4 7.3
4 5 6.1
5 6 1.6
6 7 8.4
7 8 7.7
8 9 3.2
9 0 1.5
REQUEST_SECTION
4 8 611.0 1335.2 1
3 10 657.4 1418.4 1
6 4 96.1 674.7 1
1 6 204.5 451.3 1
0 4 701.1 1017.8 1
5 3 110.5 161.8 1
6 9 110.7 848.0 1
1 10 350.0 588.2 1
1 9 41.4 354.8 1
0 6 242.8 561.2 1
6 9 205.9 517.4 1
5 6 381.3 1043.3 1
9 3 151.1 643.7 1
6 2 671.0 1294.9 1
9 3 489.8 859.0 1
0 2 391.0 711.9 1
9 5 653.8 1086.9 1
7 4 582.9 1245.9 1
1 5 385.3 775.9 1
5 4 470.2 827.7 1
8 5 600.1 1378.5 1
7 6 176.7 359.5 1
4 1 373.3 886.2 1
4 10 699.9 1243.4 1
7 5 631.5 1114.7 1
1 10 698.7 1062.8 1
3 5 91.3 597.8 1
2 5 488.1 1008.6 1
6 8 4.7 512.0 1
4 7 90.3 527.0 1
9 1 264.0 975.1 1
6 3 243.0 1003.1 1
8 9 437.0 938.5 1
6 3 687.0 1429.9 1
5 2 241.9 692.8 1
8 5 149.5 404.6 1
7 9 328.5 773.7 1
5 4 567.7 854.8 1
0 2 117.5 771.1 1
2 4 534.4 1190.6 1
EOF
