NUM_STATIONS: 10
NUM_REQUESTS: 20
NUM_VEHICLES: 1
VEHICLE_CAPACITY: 2
DISTANCES
0 1 6.6
1 2 8.7
2 3 5.9
3 4 9.0
4 5 3.2
5 6 7.2
6 7 4.7
7 8 8.2
8 9 3.5
9 0 6.8
REQUEST_SECTION
3 5 336.5 490.3 1
1 7 354.4 598.0 1
4 5 311.6 619.3 1
0 6 316.2 591.8 1
1 7 420.6 535.7 1
6 7 112.4 380.8 1
0 8 411.9 609.4 1
1 4 3.6 133.9 1
0 5 443.2 714.3 1
6 1 407.0 673.3 1
0 8 55.9 335.2 1
8 2 453.1 808.7 1
8 2 148.0 465.8 1
4 1 56.1 413.9 1
4 7 177.8 380.0 1
5 10 245.5 455.0 1
7 3 310.1 632.7 1
6 2 97.8 351.7 1
0 8 260.3 424.7 1
5 8 339.7 479.8 1
EOF
