NUM_STATIONS: 10
NUM_REQUESTS: 160
NUM_VEHICLES: 2
VEHICLE_CAPACITY: 2
DISTANCES
0 1 7.9
1 2 8.7
2 3 5.6
3 4 8.4
4 5 6.3
5 6 1.2
6 7 4.8
7 8 8.8
8 9 1.4
9 0 2.6
REQUEST_SECTION
0 1 1324.9 1858.9 1
7 1 1681.6 2708.5 1
6 4 2223.5 2749.4 1
1 3 1200.7 1394.5 1
3 4 1663.7 2487.5 1
6 5 213.5 1020.9 1
7 4 1188.4 2028.2 1
2 1 1918.0 2154.6 1
6 2 241.1 1086.7 1
1 2 261.3 524.6 1
1 6 1828.0 2689.9 1
5 4 257.6 961.7 1
4 2 2026.3 2402.8 1
8 6 2126.2 2623.2 1
6 7 1575.9 2173.9 1
7 1 1419.2 1854.7 1
6 5 898.7 1264.0 1
0 8 472.0 534.0 1
9 7 1181.3 1973.1 1
7 3 877.6 1615.3 1
5 6 1840.9 2688.4 1
1 10 1294.4 2007.0 1
9 4 1408.5 1483.2 1
0 1 1491.1 2388.7 1
3 5 1062.0 1732.5 1
8 7 1277.8 1756.8 1
3 8 16.5 627.7 1
0 1 1913.0 2989.2 1
7 2 2060.7 2206.0 1
4 6 863.7 1673.9 1
1 9 160.2 1229.0 1
1 7 883.7 1212.6 1
7 10 763.6 1814.3 1
4 6 1995.7 3037.2 1
7 5 1240.2 1553.8 1
8 1 1802.2 2694.6 1
2 8 2145.6 2792.9 1
3 10 1685.4 1929.7 1
7 8 1175.2 1863.6 1
7 10 1972.9 2884.5 1
3 7 1468.0 2344.2 1
9 10 1459.3 2346.4 1
5 2 1181.5 2024.7 1
7 1 2192.2 2311.3 1
1 10 1455.7 1878.5 1
9 10 1481.2 2416.2 1
3 4 1916.4 2322.1 1
9 10 1010.1 1652.1 1
5 6 778.7 1630.0 1
1 4 1641.0 2773.0 1
1 3 2128.8 3020.4 1
8 2 416.0 1118.0 1
2 7 643.5 703.7 1
8 1 692.9 1414.6 1
3 6 2045.3 2669.5 1
6 7 658.5 815.5 1
4 9 517.2 1442.4 1
3 5 129.4 681.5 1
5 6 350.1 730.4 1
9 5 2029.7 3197.3 1
4 10 818.9 1395.0 1
0 4 1648.0 1836.2 1
9 10 356.9 1174.9 1
1 7 242.7 886.5 1
8 6 1430.0 1861.1 1
2 8 438.0 619.1 1
5 1 859.0 1458.8 1
9 1 2146.1 2251.5 1
8 4 484.4 696.3 1
6 4 1035.9 1609.6 1
3 5 630.5 1416.1 1
7 1 1599.0 2235.6 1
0 7 123.4 577.8 1
5 9 24.8 130.1 1
1 9 977.1 1982.8 1
4 1 200.6 966.0 1
9 3 1385.1 1530.9 1
8 5 217.6 785.9 1
6 10 1879.0 2668.0 1
7 1 1553.1 2166.2 1
3 10 1601.2 2229.9 1
6 8 600.9 1319.3 1
5 8 642.0 1114.4 1
9 8 1344.6 2511.3 1
7 4 987.6 1160.8 1
0 4 2159.9 3070.4 1
2 9 1970.2 2548.8 1
0 7 2228.7 3134.1 1
0 4 598.2 987.4 1
1 6 608.3 1239.2 1
0 6 1572.0 2347.8 1
0 5 7.3 931.5 1
7 1 558.2 1634.3 1
1 3 1685.2 1753.8 1
3 8 1248.8 1896.3 1
7 2 1296.0 2020.4 1
6 2 803.4 1030.7 1
8 9 1070.2 1224.1 1
0 3 1972.4 3132.8 1
2 7 1348.8 1621.6 1
6 1 2099.3 2402.9 1
8 9 236.9 1303.2 1
6 4 1700.7 1841.6 1
0 4 51.7 580.0 1
7 3 651.7 1366.2 1
6 4 298.0 620.7 1
3 8 157.1 864.5 1
9 7 364.3 571.8 1
3 1 826.6 1853.9 1
2 8 586.0 1064.6 1
3 2 1659.7 1999.2 1
1 10 353.6 1401.1 1
8 5 1403.0 1816.7 1
1 8 1970.5 2778.8 1
1 10 399.5 1102.6 1
8 10 1108.0 1500.9 1
6 8 2163.7 3300.2 1
3 6 1538.1 2366.4 1
8 9 1657.5 1998.5 1
2 7 1556.9 1637.2 1
0 7 1849.2 2324.3 1
6 2 925.1 981.1 1
3 1 952.9 1272.7 1
5 8 255.5 673.4 1
4 6 847.7 910.8 1
5 3 1554.6 2251.7 1
6 1 1360.1 1902.3 1
2 9 1906.4 2339.8 1
1 10 1935.6 2255.0 1
0 5 152.8 1150.0 1
1 5 2129.5 2229.0 1
7 6 1869.9 2918.3 1
1 6 151.8 1302.5 1
5 10 146.0 581.9 1
4 10 959.7 1509.8 1
7 8 2158.8 3304.9 1
5 7 1925.5 3044.3 1
5 8 1046.9 2205.7 1
3 8 1006.7 1984.7 1
6 8 963.7 1988.2 1
7 1 2134.9 2784.4 1
9 6 1494.0 1569.9 1
1 10 339.8 774.9 1
1 5 289.1 1261.3 1
1 9 1563.9 1929.0 1
4 6 338.7 941.9 1
7 6 1736.4 2817.1 1
6 9 494.2 1036.1 1
7 2 119.1 232.9 1
5 7 242.2 824.0 1
7 10 467.5 1338.3 1
3 8 1799.2 2547.7 1
1 3 1471.0 2395.0 1
2 8 405.1 1359.1 1
4 2 1335.3 1655.8 1
5 8 1612.1 1889.8 1
4 2 141.9 1111.4 1
4 2 720.4 1368.6 1
9 8 329.5 1373.5 1
0 9 1050.6 1241.8 1
EOF
