NUM_STATIONS: 10
NUM_REQUESTS: 160
NUM_VEHICLES: 1
VEHICLE_CAPACITY: 2
DISTANCES
0 1 6.3
1 2 1.5
2 3 7.8
3 4 9.8
4 5 9.9
5 6 6.9
6 7 1.6
7 8 5.2
8 9 2.2
9 0 6.8
REQUEST_SECTION
3 7 1802.3 4228.0 1
2 4 1733.3 5183.9 1
2 7 2503.6 4540.9 1
7 4 1565.9 5037.0 1
4 10 3405.6 4776.3 1
1 4 65.7 240.8 1
2 1 1062.2 3328.4 1
5 9 1538.5 3181.6 1
7 3 491.4 1599.9 1
0 7 1663.4 3601.1 1
0 3 1359.0 4217.3 1
0 5 3270.5 3619.2 1
0 3 1603.2 1775.5 1
8 4 1094.7 3406.3 1
3 4 332.1 3770.8 1
0 7 1754.5 3433.2 1
5 4 971.2 1409.3 1
9 8 741.8 2193.5 1
8 6 3458.7 4538.3 1
9 7 75.7 3102.4 1
9 4 391.5 1056.0 1
2 4 2329.8 2510.0 1
9 3 726.1 3931.5 1
9 5 2028.8 3862.5 1
1 6 1951.4 2864.1 1
9 4 630.3 2097.9 1
9 2 477.7 3117.6 1
7 2 3428.4 4198.4 1
3 9 2930.3 3368.6 1
1 2 228.1 2136.2 1
5 6 2774.7 4599.0 1
0 8 3001.4 5908.8 1
1 4 3318.6 6300.6 1
8 3 3133.2 4165.9 1
0 1 2781.3 5441.6 1
3 2 1530.0 1894.6 1
9 8 1589.6 3196.0 1
0 9 2050.0 2666.9 1
7 6 3289.2 3556.5 1
6 2 3170.8 4851.6 1
2 3 3089.1 5351.4 1
2 3 189.4 1130.5 1
2 8 1568.1 3113.2 1
7 3 1544.0 1988.4 1
5 1 2752.1 5286.9 1
9 6 1927.3 2893.6 1
0 2 2759.3 5155.4 1
5 2 2809.7 6345.8 1
0 4 1325.8 3480.1 1
0 1 2156.7 4585.6 1
8 5 635.5 830.4 1
1 9 2183.2 2812.4 1
9 10 2880.7 6380.9 1
9 10 2184.5 2627.4 1
3 10 2307.1 5519.7 1
0 5 919.8 1183.8 1
9 3 573.5 2668.6 1
1 7 3435.2 5823.4 1
2 9 2890.1 5072.5 1
2 9 1106.1 1325.2 1
2 7 2877.9 4781.4 1
5 1 3330.8 5309.8 1
6 4 640.6 2120.3 1
1 4 2628.3 2716.7 1
5 3 2812.3 6027.2 1
2 5 308.5 2812.1 1
4 10 340.0 2343.2 1
0 6 2315.0 2685.5 1
3 2 1559.4 2966.7 1
6 1 1014.1 3219.1 1
6 1 1451.8 3346.7 1
7 1 2218.5 4211.8 1
9 10 2931.5 3000.4 1
3 4 1822.1 2808.1 1
3 6 2377.8 3554.7 1
1 4 2666.3 5457.1 1
2 4 3050.4 3237.9 1
6 9 380.5 966.1 1
3 7 3408.4 6751.2 1
9 4 969.3 2349.1 1
5 4 3087.9 3306.9 1
0 3 2369.3 4079.0 1
1 3 1406.0 4865.3 1
9 1 2748.9 4218.7 1
4 3 3297.1 3368.1 1
9 10 2585.1 4182.0 1
8 7 588.4 1659.1 1
1 7 629.0 3313.7 1
7 6 2698.8 4740.4 1
2 5 3013.4 5477.0 1
0 2 1119.9 4214.9 1
5 7 357.7 2619.9 1
3 7 945.0 2694.2 1
4 10 1746.0 4723.1 1
5 10 321.5 3109.6 1
7 5 369.3 1039.3 1
1 6 2357.2 2741.7 1
7 1 1479.5 2088.4 1
1 5 3018.8 3935.0 1
6 8 1371.3 2066.0 1
3 5 1254.7 4727.6 1
9 7 2784.9 4168.3 1
4 9 2736.6 5731.3 1
7 4 700.9 4185.6 1
4 9 787.1 3453.8 1
8 2 3032.7 5248.2 1
4 9 3359.9 6398.6 1
2 1 2782.1 4329.6 1
8 10 2613.7 5841.0 1
5 1 975.9 2505.4 1
9 1 1198.2 3758.4 1
0 4 428.2 3939.5 1
0 2 2239.4 5445.2 1
6 1 26.7 3379.4 1
5 4 555.6 2705.3 1
5 1 93.5 237.0 1
0 9 451.0 1359.6 1
6 9 3266.6 4223.4 1
6 5 146.2 603.7 1
7 9 565.2 992.2 1
8 6 3003.8 5802.2 1
1 6 187.7 2894.9 1
2 8 2571.3 3141.9 1
1 9 1679.5 3608.8 1
0 8 1598.3 2097.3 1
7 1 865.3 3517.1 1
3 9 1606.6 4507.4 1
7 10 1289.6 4670.4 1
2 4 2286.5 2739.9 1
8 7 2682.4 2960.0 1
7 1 2992.2 4981.9 1
3 7 1370.8 1653.9 1
9 5 356.2 2155.5 1
0 8 1005.3 4304.4 1
9 3 2146.3 3299.3 1
5 8 2378.0 4215.8 1
1 3 2645.8 5175.0 1
1 9 2033.1 5065.0 1
5 9 2345.2 5539.3 1
2 5 3258.2 6316.4 1
8 3 3298.0 5902.6 1
1 8 3012.9 5431.1 1
6 9 269.3 1819.9 1
0 9 159.9 2727.2 1
4 7 3464.7 4006.9 1
2 8 2478.6 5193.3 1
1 6 1572.2 4779.9 1
1 10 1240.4 4669.3 1
0 5 1855.3 2735.1 1
3 9 2223.1 3281.4 1
5 9 334.1 3645.2 1
4 5 1877.2 2364.5 1
7 1 1386.5 2576.9 1
9 1 1002.4 3393.8 1
4 10 2464.6 4451.0 1
6 1 346.2 3299.2 1
7 3 602.1 1019.2 1
3 8 858.5 1351.5 1
0 9 2544.7 3254.3 1
5 3 1751.7 3479.4 1
EOF
