NUM_STATIONS: 10
NUM_REQUESTS: 40
NUM_VEHICLES: 2
VEHICLE_CAPACITY: 2
DISTANCES
0 1 5.8
1 2 5.9
2 3 5.5
3 4 4.6
4 5 6.6
5 6 8.5
6 7 2.2
7 8 4.0
8 9 2.7
9 0 5.9
REQUEST_SECTION
5 3 65.2 267.0 1
6 3 255.8 443.7 1
4 5 135.1 514.3 1
3 7 110.2 356.6 1
8 3 299.1 392.1 1
2 5 167.7 484.3 1
2 8 29.7 259.9 1
4 7 46.8 369.5 1
9 1 310.1 728.9 1
2 4 300.7 400.6 1
1 10 56.2 371.6 1
7 2 152.4 383.9 1
5 4 241.4 502.5 1
2 8 226.0 524.3 1
2 5 284.2 632.7 1
8 3 355.2 623.6 1
6 2 127.6 365.7 1
9 5 185.1 283.4 1
5 8 321.6 636.6 1
6 9 9.8 183.3 1
3 2 362.4 688.9 1
7 2 261.2 633.3 1
3 5 387.0 740.0 1
9 2 193.2 573.3 1
9 5 277.2 528.2 1
5 3 374.7 578.0 1
5 9 107.5 207.7 1
1 9 237.3 642.8 1
0 4 256.1 370.3 1
3 5 327.4 570.0 1
8 7 74.9 297.0 1
3 4 121.9 318.7 1
7 2 23.5 132.1 1
9 8 282.1 388.2 1
4 6 352.9 658.2 1
2 3 203.9 372.3 1
2 9 80.8 162.6 1
3 1 128.4 406.1 1
4 2 193.4 288.6 1
3 8 219.4 539.7 1
EOF
