NUM_STATIONS: 10
NUM_REQUESTS: 80
NUM_VEHICLES: 2
VEHICLE_CAPACITY: 1
DISTANCES
0 1 9.9
1 2 5.8
2 3 2.8
3 4 4.2
4 5 8.2
5 6 9.6
6 7 7.3
7 8 4.0
8 9 8.9
9 0 4.1
REQUEST_SECTION
8 2 1693.3 2572.2 1
3 8 1751.7 2521.4 1
0 4 173.8 1667.7 1
4 8 1641.2 1733.3 1
7 10 2148.8 3049.9 1
4 1 611.5 1204.7 1
1 9 1098.3 2768.8 1
3 6 1703.0 3222.9 1
5 9 370.7 754.6 1
9 5 825.9 1219.3 1
1 7 737.1 2001.9 1
7 3 129.8 1304.0 1
9 7 1836.4 2337.8 1
1 6 875.4 1213.5 1
5 3 1027.6 2769.2 1
0 4 1547.2 1682.1 1
7 1 448.9 1876.9 1
0 4 2266.1 4093.9 1
2 9 600.9 1155.9 1
0 6 2262.8 3164.3 1
0 9 1650.5 2656.1 1
4 10 1865.0 3216.8 1
2 5 1166.5 1336.3 1
1 10 954.7 1837.7 1
7 10 1685.0 2161.5 1
2 10 153.5 1307.8 1
3 8 1229.1 1989.5 1
5 8 1889.3 2639.4 1
6 8 965.5 2655.2 1
6 5 2008.5 3636.9 1
5 10 524.7 2448.2 1
2 8 273.7 635.7 1
8 9 2176.9 3803.7 1
2 7 2217.2 2993.7 1
4 6 2182.6 3894.3 1
5 8 1714.7 3473.0 1
9 8 906.5 2695.0 1
3 1 2500.3 3234.2 1
3 4 2218.7 3001.6 1
2 6 425.5 2100.9 1
4 9 2585.5 3845.6 1
7 5 274.9 2143.9 1
6 4 144.3 2063.9 1
7 3 1932.4 2804.7 1
5 10 776.8 1514.8 1
3 8 1129.4 3128.5 1
9 6 2101.4 3125.0 1
5 1 1930.9 2963.7 1
8 4 2561.6 4490.2 1
0 5 441.2 1163.5 1
5 10 937.9 1703.8 1
7 5 1847.4 2782.3 1
6 10 2280.0 2649.0 1
6 1 1698.6 2768.1 1
2 6 781.7 900.2 1
4 5 1336.7 2973.2 1
7 3 2370.0 3274.4 1
0 4 1365.5 2046.1 1
0 9 363.4 1060.2 1
4 10 1500.6 2684.4 1
2 1 750.5 2002.2 1
1 10 58.0 1798.1 1
0 7 50.9 726.5 1
0 4 635.0 917.6 1
2 6 1915.6 2083.8 1
6 8 1052.2 1743.5 1
7 9 1412.5 3031.9 1
0 1 694.7 2088.0 1
3 6 2368.5 3360.2 1
5 1 1320.4 1928.4 1
1 8 1908.5 2845.3 1
7 5 1092.6 2339.2 1
3 2 2366.4 3173.0 1
2 5 1083.9 2479.9 1
4 2 301.2 1447.2 1
7 10 617.6 787.2 1
3 7 2397.2 2716.4 1
4 6 696.0 1654.4 1
1 2 2390.4 3258.9 1
1 8 2276.2 3212.5 1
EOF
