NUM_STATIONS: 10
NUM_REQUESTS: 40
NUM_VEHICLES: 1
VEHICLE_CAPACITY: 1
DISTANCES
0 1 5.5
1 2 7.8
2 3 7.1
3 4 4.8
4 5 4.5
5 6 3.9
6 7 2.7
7 8 6.4
8 9 8.5
9 0 7.6
REQUEST_SECTION
8 7 222.3 1773.2 1
8 6 535.0 1927.1 1
7 5 2069.2 3363.7 1
5 10 340.9 687.6 1
6 9 961.5 1466.4 1
3 4 26.0 550.7 1
4 2 599.4 1600.9 1
5 3 2117.8 3538.3 1
5 10 2202.7 3173.7 1
2 9 1942.5 2781.8 1
2 8 946.3 1516.8 1
0 7 658.8 722.8 1
4 5 746.4 2140.9 1
3 9 649.2 1912.5 1
5 7 1477.3 2660.1 1
8 4 1206.1 1925.3 1
9 8 584.3 663.0 1
2 10 1914.9 3563.7 1
4 7 669.5 1146.6 1
4 10 1205.3 2189.5 1
7 2 1739.5 2699.8 1
3 5 2160.0 2412.5 1
1 9 158.7 1666.7 1
9 8 1335.9 1524.1 1
5 1 1118.7 2265.9 1
5 3 805.6 1908.6 1
5 8 1050.1 2763.5 1
5 6 430.8 708.4 1
0 1 686.6 1333.7 1
5 2 1197.8 2572.1 1
5 3 521.9 1077.9 1
1 10 62.7 831.5 1
2 4 1872.6 2764.6 1
8 3 107.8 1058.3 1
5 7 439.8 1672.3 1
1 10 49.3 123.8 1
5 1 270.5 1115.6 1
2 6 960.3 1744.0 1
7 5 2202.4 3381.7 1
8 7 1281.6 2723.4 1
EOF
