NUM_STATIONS: 10
NUM_REQUESTS: 40
NUM_VEHICLES: 1
VEHICLE_CAPACITY: 8
DISTANCES
0 1 4.3
1 2 4.7
2 3 7.7
3 4 5.3
4 5 3.2
5 6 1.5
6 7 9.1
7 8 3.7
8 9 3.4
9 0 3.5
REQUEST_SECTION
2 7 30.7 140.4 1
8 10 37.6 165.7 1
4 9 96.0 240.1 1
1 7 218.9 356.6 1
9 5 117.1 195.0 1
8 6 99.8 311.0 1
2 6 189.8 378.8 1
6 5 196.4 337.2 1
4 9 1.7 184.4 1
6 9 217.6 360.7 1
1 5 92.6 217.2 1
3 8 8.4 72.9 1
9 10 181.6 312.7 1
4 5 119.1 244.5 1
5 6 174.0 303.9 1
3 9 6.8 205.3 1
5 7 50.6 268.4 1
0 5 115.1 230.5 1
5 10 69.4 210.9 1
0 2 32.7 119.8 1
0 4 38.4 209.5 1
1 7 138.7 209.8 1
0 3 19.9 168.0 1
9 3 95.9 232.1 1
3 6 61.1 260.4 1
9 7 206.9 338.8 1
4 7 151.4 222.8 1
2 5 154.6 347.5 1
2 5 92.4 147.2 1
0 4 214.6 425.4 1
0 9 14.3 118.8 1
7 1 156.0 306.7 1
7 2 66.1 190.0 1
1 9 222.5 440.8 1
2 7 10.7 124.2 1
9 8 106.5 246.8 1
7 6 40.8 226.5 1
4 2 76.7 123.7 1
1 6 63.4 257.2 1
4 1 170.3 303.4 1
EOF
