NUM_STATIONS: 10
NUM_REQUESTS: 160
NUM_VEHICLES: 3
VEHICLE_CAPACITY: 8
DISTANCES
0 1 3.6
1 2 7.3
2 3 7.4
3 4 1.6
4 5 9.1
5 6 1.1
6 7 5.1
7 8 5.3
8 9 9.0
9 0 2.6
REQUEST_SECTION
0 6 237.0 379.6 1
6 7 151.5 385.5 1
7 6 165.5 352.7 1
0 1 197.0 368.6 1
4 3 171.7 296.5 1
6 10 235.5 399.8 1
5 2 72.5 285.3 1
1 3 29.9 168.5 1
0 6 323.4 561.2 1
6 1 150.5 252.2 1
4 5 92.4 184.0 1
6 2 64.9 223.5 1
3 4 18.5 281.2 1
3 4 44.8 350.9 1
7 9 297.8 592.2 1
9 3 63.7 264.8 1
9 7 251.7 432.0 1
4 8 180.2 471.6 1
3 7 129.0 262.3 1
2 3 112.1 174.0 1
0 7 141.6 445.7 1
1 5 56.9 329.4 1
8 2 274.6 339.9 1
5 3 114.8 353.0 1
5 9 53.2 320.5 1
1 6 21.3 182.7 1
1 6 64.2 304.1 1
4 2 30.9 122.8 1
5 3 232.1 497.9 1
4 7 128.9 424.3 1
6 5 132.7 387.2 1
3 7 153.3 249.7 1
5 3 179.3 291.5 1
4 9 97.3 334.2 1
2 6 248.9 369.1 1
8 4 36.9 102.6 1
0 3 161.6 443.0 1
8 9 347.2 437.4 1
9 5 324.0 406.3 1
5 7 259.1 418.8 1
1 5 324.9 571.0 1
6 8 299.2 450.1 1
3 8 70.5 152.9 1
8 5 41.5 265.0 1
3 10 200.2 311.3 1
8 7 200.0 396.0 1
9 4 97.4 265.7 1
6 2 142.5 217.6 1
9 7 343.7 402.8 1
0 8 202.6 448.1 1
3 9 262.2 544.2 1
7 10 218.1 434.0 1
7 3 188.0 408.5 1
4 1 189.0 367.2 1
1 3 156.5 368.5 1
4 9 59.0 151.9 1
6 7 117.2 302.3 1
3 9 331.4 629.0 1
1 5 332.8 564.3 1
9 7 174.7 356.6 1
4 8 102.3 346.5 1
7 10 304.8 534.3 1
2 9 89.4 159.5 1
8 1 330.0 383.3 1
1 7 121.2 304.0 1
8 5 284.3 359.2 1
7 3 178.2 318.7 1
3 5 216.6 475.8 1
0 5 274.8 339.6 1
9 4 244.5 402.0 1
5 8 328.7 641.8 1
9 8 167.0 370.3 1
6 9 249.3 385.3 1
8 1 346.9 498.5 1
6 7 299.6 463.4 1
6 1 170.9 264.6 1
3 5 215.9 322.1 1
4 7 326.7 527.7 1
6 3 278.6 444.5 1
4 5 328.3 512.5 1
0 1 31.4 194.9 1
8 5 315.5 427.8 1
3 4 278.5 451.5 1
2 6 300.8 480.2 1
9 4 225.9 285.8 1
6 8 315.3 593.8 1
6 2 275.2 429.8 1
7 2 200.9 310.2 1
1 8 244.6 435.7 1
9 5 63.1 215.9 1
6 2 40.1 351.9 1
1 5 129.9 191.0 1
5 4 219.4 443.9 1
8 10 334.2 617.1 1
3 6 61.7 371.7 1
5 2 109.0 183.0 1
6 3 343.7 588.4 1
4 6 106.0 172.9 1
5 7 71.3 315.7 1
2 3 53.4 250.4 1
4 9 291.4 522.4 1
4 1 39.7 153.2 1
5 6 51.7 251.2 1
5 10 138.0 326.6 1
8 9 72.8 295.2 1
3 5 79.3 142.7 1
3 8 244.2 478.2 1
7 8 162.4 324.2 1
4 8 237.9 359.7 1
1 6 232.4 463.9 1
3 9 153.2 420.4 1
0 8 3.6 91.6 1
0 5 31.4 219.4 1
1 8 348.0 624.5 1
3 6 34.2 163.8 1
7 1 113.1 360.1 1
7 1 122.5 243.8 1
4 1 286.7 411.7 1
1 2 334.6 632.8 1
8 5 315.1 586.8 1
6 4 150.2 292.9 1
3 6 134.5 409.2 1
2 8 131.6 314.7 1
6 1 41.5 228.9 1
6 10 145.8 291.7 1
0 2 111.5 281.9 1
0 1 145.7 380.9 1
3 9 5.5 311.6 1
2 8 256.8 314.2 1
4 5 175.8 315.8 1
1 5 220.1 517.8 1
4 2 84.3 323.6 1
1 3 165.6 264.3 1
1 3 19.4 116.9 1
6 1 329.8 541.2 1
8 9 34.1 198.9 1
7 6 294.1 461.1 1
1 7 153.1 391.4 1
6 1 239.8 300.5 1
4 6 248.2 415.0 1
3 9 264.1 426.7 1
2 9 247.1 314.8 1
6 9 252.8 313.2 1
2 4 119.3 380.0 1
9 6 189.3 408.1 1
1 6 303.5 511.0 1
3 2 257.0 339.8 1
4 1 279.1 338.8 1
8 9 268.0 578.9 1
4 3 128.5 311.9 1
7 5 212.7 345.4 1
3 5 2.0 174.2 1
6 7 71.5 361.1 1
9 5 244.2 540.5 1
6 5 333.1 534.3 1
3 8 228.8 332.8 1
4 9 315.0 393.4 1
4 10 54.2 313.8 1
6 8 263.1 546.5 1
3 1 11.9 255.8 1
EOF
