NUM_STATIONS: 10
NUM_REQUESTS: 80
NUM_VEHICLES: 1
VEHICLE_CAPACITY: 4
DISTANCES
0 1 8.0
1 2 8.3
2 3 3.5
3 4 6.0
4 5 1.1
5 6 2.5
6 7 5.2
7 8 7.5
8 9 5.8
9 0 8.4
REQUEST_SECTION
9 3 824.3 1687.8 1
9 7 360.5 705.8 1
9 1 355.0 1063.3 1
2 6 241.1 773.0 1
5 4 172.9 705.0 1
6 5 14.0 432.1 1
3 2 253.7 811.8 1
6 2 670.9 745.5 1
0 9 121.6 1013.7 1
3 8 365.9 1115.5 1
1 2 26.4 235.4 1
9 2 152.5 1015.1 1
4 3 392.7 862.0 1
3 8 83.2 711.1 1
8 3 729.4 1305.7 1
8 5 592.2 717.1 1
8 5 455.5 799.1 1
0 3 842.9 1401.1 1
7 10 295.7 513.3 1
2 10 510.3 793.9 1
7 9 785.1 1159.4 1
6 5 59.4 476.4 1
4 8 762.6 1460.0 1
6 10 75.2 687.3 1
3 4 844.7 1025.8 1
9 5 620.0 1291.0 1
7 6 390.2 1038.9 1
9 7 328.1 735.2 1
5 9 554.7 1207.5 1
5 7 442.5 1185.0 1
6 1 255.0 758.5 1
7 4 822.0 976.5 1
2 8 177.5 245.7 1
9 1 732.4 1171.0 1
4 1 806.3 951.4 1
5 6 747.5 1435.0 1
0 9 307.3 1194.1 1
8 2 822.4 1041.7 1
6 3 218.9 689.1 1
6 9 164.7 501.9 1
9 7 275.6 441.0 1
2 8 724.9 1027.0 1
6 8 457.6 865.2 1
5 2 494.7 713.0 1
4 6 43.1 828.5 1
4 9 408.1 704.6 1
4 9 770.4 1151.7 1
9 8 46.2 792.4 1
6 4 506.3 896.9 1
8 6 24.9 234.6 1
4 3 583.6 969.2 1
9 10 635.1 1007.3 1
8 7 529.8 820.3 1
7 1 245.6 537.9 1
1 3 812.4 1092.0 1
6 3 786.7 1550.8 1
8 3 0.3 525.1 1
4 6 161.6 727.6 1
6 9 206.7 814.9 1
9 4 30.7 712.0 1
7 8 450.3 977.6 1
6 3 365.8 1245.7 1
7 5 253.0 825.9 1
9 3 766.8 1288.4 1
1 9 716.6 1034.0 1
8 1 222.2 871.2 1
9 8 41.3 795.7 1
9 7 93.4 727.0 1
6 7 311.4 841.3 1
5 9 312.5 1125.4 1
1 5 533.7 982.9 1
8 6 336.2 494.0 1
2 1 363.1 800.6 1
1 7 761.8 1166.6 1
4 6 486.8 1090.6 1
0 3 243.0 865.7 1
1 10 436.8 1163.9 1
7 8 516.1 927.4 1
9 6 87.0 604.4 1
3 10 652.2 1422.7 1
EOF
