NUM_STATIONS: 10
NUM_REQUESTS: 80
NUM_VEHICLES: 1
VEHICLE_CAPACITY: 4
DISTANCES
0 1 7.9
1 2 8.1
2 3 2.5
3 4 7.9
4 5 2.3
5 6 7.4
6 7 8.2
7 8 1.4
8 9 7.4
9 0 3.5
REQUEST_SECTION
9 4 894.4 1488.4 1
8 6 99.3 695.7 1
1 2 725.1 1264.6 1
8 4 549.2 619.5 1
2 7 996.0 1101.7 1
1 8 70.2 181.4 1
5 7 456.9 1004.8 1
1 9 1066.1 1640.7 1
1 4 114.7 543.5 1
4 6 985.4 1280.6 1
0 8 187.3 445.7 1
7 6 224.3 783.9 1
7 6 318.4 865.8 1
4 10 947.5 1112.4 1
8 2 543.5 971.5 1
1 4 250.8 345.8 1
2 8 1068.0 1386.7 1
0 3 870.0 1394.1 1
8 6 606.9 1136.2 1
8 1 1046.6 1314.0 1
9 8 387.0 801.1 1
6 3 313.8 917.4 1
2 4 1.7 141.2 1
3 10 897.7 1316.4 1
5 6 128.2 197.9 1
5 6 811.6 1231.2 1
2 9 558.9 958.1 1
6 8 152.4 693.0 1
9 10 645.1 1203.7 1
5 8 857.3 1236.7 1
0 5 776.1 1232.4 1
2 4 1084.5 1434.7 1
3 9 690.7 947.8 1
0 3 643.0 1034.2 1
5 6 24.7 221.1 1
5 10 551.8 682.6 1
4 8 282.2 801.2 1
9 4 721.3 897.2 1
1 9 72.5 291.6 1
0 9 312.7 826.3 1
6 3 882.2 1200.4 1
0 1 243.8 457.2 1
8 1 532.9 721.2 1
3 9 1098.2 1167.2 1
4 2 635.3 1203.2 1
5 10 426.7 927.5 1
9 2 669.8 750.1 1
2 5 778.9 1094.6 1
3 4 482.5 1083.3 1
3 1 811.3 1320.9 1
3 2 780.0 1150.2 1
4 3 20.8 83.5 1
1 4 810.0 1179.3 1
2 7 752.3 1097.2 1
1 9 890.5 1486.5 1
0 6 735.2 1294.8 1
5 2 1065.9 1522.3 1
8 2 481.1 760.8 1
8 4 162.5 414.8 1
2 4 715.6 1260.4 1
6 8 81.8 544.3 1
2 9 616.3 975.9 1
2 8 392.5 711.9 1
1 8 281.2 688.3 1
9 7 492.1 779.9 1
6 2 119.3 197.9 1
2 8 47.9 391.8 1
0 4 586.2 787.0 1
7 10 297.6 652.7 1
2 4 607.7 993.1 1
6 1 310.4 419.4 1
5 2 375.2 932.8 1
6 8 957.8 1165.8 1
7 5 73.3 182.7 1
8 10 525.4 771.5 1
5 2 225.6 503.5 1
9 7 366.6 937.4 1
7 6 867.8 1237.3 1
4 9 6.4 98.0 1
3 10 715.2 925.4 1
EOF
