NUM_STATIONS: 10
NUM_REQUESTS: 80
NUM_VEHICLES: 1
VEHICLE_CAPACITY: 8
DISTANCES
0 1 8.0
1 2 8.3
2 3 3.5
3 4 6.0
4 5 1.1
5 6 2.5
6 7 5.2
7 8 7.5
8 9 5.8
9 0 8.4
REQUEST_SECTION
9 3 10.9 95.6 1
9 7 30.8 144.0 1
9 1 341.4 577.8 1
2 6 217.7 420.2 1
5 4 115.3 423.5 1
6 5 307.2 489.3 1
3 2 168.9 240.8 1
6 2 269.3 653.7 1
0 9 258.1 583.3 1
3 8 261.7 341.2 1
1 2 172.3 409.3 1
9 2 194.0 509.6 1
4 3 141.9 333.3 1
3 8 124.7 580.7 1
8 3 290.2 606.6 1
8 5 77.6 339.8 1
8 5 356.3 668.0 1
0 3 189.3 326.5 1
7 10 283.3 342.8 1
2 10 197.6 587.6 1
7 9 366.2 658.5 1
6 5 26.5 193.5 1
4 8 283.4 550.6 1
6 10 54.8 345.3 1
3 4 355.3 526.7 1
9 5 290.0 375.0 1
7 6 128.7 267.8 1
9 7 414.6 876.4 1
5 9 165.0 387.0 1
5 7 347.3 731.4 1
6 1 19.0 397.3 1
7 4 331.2 581.2 1
2 8 398.5 573.1 1
9 1 189.3 351.3 1
4 1 378.6 600.7 1
5 6 140.3 421.0 1
0 9 197.2 591.7 1
8 2 280.5 387.3 1
6 3 81.8 311.4 1
6 9 278.7 362.5 1
9 7 141.3 505.7 1
2 8 193.6 448.0 1
6 8 224.8 488.3 1
5 2 156.9 364.8 1
4 6 131.7 521.4 1
4 9 255.2 376.7 1
4 9 344.0 614.2 1
9 8 42.6 415.7 1
6 4 283.3 470.4 1
8 6 286.4 658.2 1
4 3 180.5 238.0 1
9 10 38.8 462.5 1
8 7 180.0 453.2 1
7 1 86.8 183.3 1
1 3 229.9 410.4 1
6 3 382.8 659.8 1
8 3 296.7 532.3 1
4 6 393.0 669.6 1
6 9 231.6 366.6 1
9 4 107.4 243.1 1
7 8 92.0 319.4 1
6 3 87.3 411.8 1
7 5 247.2 440.7 1
9 3 403.2 523.9 1
1 9 380.9 570.0 1
8 1 221.2 604.0 1
9 8 100.5 227.5 1
9 7 5.0 171.3 1
6 7 265.7 446.6 1
5 9 60.8 146.5 1
1 5 138.8 440.5 1
8 6 350.4 531.2 1
2 1 36.3 169.8 1
1 7 371.2 489.2 1
4 6 355.9 439.8 1
0 3 226.2 697.0 1
1 10 320.5 605.3 1
7 8 413.1 649.2 1
9 6 414.2 724.4 1
3 10 188.0 503.7 1
EOF
