NUM_STATIONS: 10
NUM_REQUESTS: 40
NUM_VEHICLES: 3
VEHICLE_CAPACITY: 1
DISTANCES
0 1 5.8
1 2 5.9
2 3 5.5
3 4 4.6
4 5 6.6
5 6 8.5
6 7 2.2
7 8 4.0
8 9 2.7
9 0 5.9
REQUEST_SECTION
5 3 373.7 773.6 1
6 3 281.8 732.0 1
4 5 422.1 945.0 1
3 7 149.8 289.6 1
8 3 526.0 1066.7 1
2 5 37.2 420.1 1
2 8 10.7 263.8 1
4 7 384.1 608.6 1
9 1 142.6 373.5 1
2 4 37.9 527.7 1
1 10 217.5 307.5 1
7 2 486.9 749.7 1
5 4 22.7 530.7 1
2 8 635.9 818.6 1
2 5 513.6 988.4 1
8 3 311.2 874.1 1
6 2 401.1 528.3 1
9 5 32.0 193.6 1
5 8 469.2 609.6 1
6 9 84.5 223.2 1
3 2 229.7 507.7 1
7 2 209.2 640.3 1
3 5 111.3 584.2 1
9 2 184.9 497.9 1
9 5 678.7 1002.4 1
5 3 552.3 741.9 1
5 9 368.0 747.4 1
1 9 315.4 691.3 1
0 4 456.8 520.5 1
3 5 509.7 617.0 1
8 7 153.8 415.5 1
3 4 141.1 424.7 1
7 2 173.0 425.7 1
9 8 273.6 551.7 1
4 6 430.4 543.9 1
2 3 13.6 75.9 1
2 9 585.3 927.0 1
3 1 169.8 730.4 1
4 2 86.9 609.8 1
3 8 402.8 456.1 1
EOF
