NUM_STATIONS: 10
NUM_REQUESTS: 40
NUM_VEHICLES: 2
VEHICLE_CAPACITY: 2
DISTANCES
0 1 2.8
1 2 2.9
2 3 8.4
3 4 7.3
4 5 6.1
5 6 1.6
6 7 8.4
7 8 7.7
8 9 3.2
9 0 1.5
REQUEST_SECTION
4 8 82.9 298.7 1
3 10 148.9 381.6 1
6 4 165.6 399.4 1
1 6 140.3 196.2 1
0 4 191.3 465.9 1
5 3 76.5 195.8 1
6 9 151.3 350.0 1
1 10 358.2 559.5 1
1 9 116.7 214.7 1
0 6 79.1 314.9 1
6 9 56.1 125.1 1
5 6 333.8 414.6 1
9 3 178.8 359.2 1
6 2 304.0 580.8 1
9 3 181.8 323.2 1
0 2 287.4 418.0 1
9 5 73.5 126.0 1
7 4 237.5 531.1 1
1 5 204.4 455.5 1
5 4 131.9 319.1 1
8 5 188.6 323.6 1
7 6 78.1 267.9 1
4 1 325.9 535.1 1
4 10 122.7 303.3 1
7 5 349.4 609.9 1
1 10 288.7 407.8 1
3 5 230.3 376.9 1
2 5 59.0 296.1 1
6 8 106.5 201.1 1
4 7 73.8 365.2 1
9 1 329.2 594.1 1
6 3 27.0 216.2 1
8 9 191.0 403.2 1
6 3 14.7 202.2 1
5 2 63.7 310.0 1
8 5 68.2 307.0 1
7 9 279.9 368.3 1
5 4 266.2 438.2 1
0 2 364.4 428.7 1
2 4 268.9 549.6 1
EOF
