NUM_STATIONS: 10
NUM_REQUESTS: 40
NUM_VEHICLES: 2
VEHICLE_CAPACITY: 2
DISTANCES
0 1 5.5
1 2 7.8
2 3 7.1
3 4 4.8
4 5 4.5
5 6 3.9
6 7 2.7
7 8 6.4
8 9 8.5
9 0 7.6
REQUEST_SECTION
8 7 441.6 828.5 1
8 6 542.1 797.0 1
7 5 364.3 710.9 1
5 10 27.7 255.6 1
6 9 208.8 449.3 1
3 4 30.1 104.2 1
4 2 534.9 918.7 1
5 3 311.7 754.3 1
5 10 340.1 447.0 1
2 9 313.4 743.1 1
2 8 461.8 942.3 1
0 7 42.6 292.3 1
4 5 581.8 927.6 1
3 9 211.2 531.9 1
5 7 31.3 520.7 1
8 4 251.2 542.2 1
9 8 583.0 855.4 1
2 10 157.9 597.8 1
4 7 338.0 573.5 1
4 10 101.0 292.1 1
7 2 328.1 588.1 1
3 5 237.2 364.0 1
1 9 52.9 271.4 1
9 8 525.5 1006.8 1
5 1 56.6 219.3 1
5 3 47.3 355.4 1
5 8 67.1 459.1 1
5 6 321.1 725.0 1
0 1 256.6 465.6 1
5 2 396.2 517.6 1
5 3 6.1 102.7 1
1 10 516.5 902.2 1
2 4 559.2 973.1 1
8 3 384.6 789.2 1
5 7 90.5 555.4 1
1 10 26.2 418.4 1
5 1 463.7 728.1 1
2 6 419.0 848.7 1
7 5 140.7 210.4 1
8 7 166.1 479.8 1
EOF
