NUM_STATIONS: 10
NUM_REQUESTS: 80
NUM_VEHICLES: 2
VEHICLE_CAPACITY: 8
DISTANCES
0 1 5.3
1 2 5.1
2 3 4.1
3 4 5.8
4 5 8.8
5 6 4.0
6 7 7.4
7 8 2.6
8 9 6.4
9 0 5.7
REQUEST_SECTION
7 4 32.1 92.5 1
7 1 216.8 345.0 1
9 2 62.4 138.5 1
2 9 125.4 242.6 1
6 10 222.1 285.9 1
0 9 213.4 314.6 1
6 8 177.4 236.4 1
2 3 166.4 249.3 1
4 7 110.5 222.2 1
1 4 84.1 153.0 1
5 9 9.4 139.2 1
7 1 217.9 284.9 1
5 3 131.2 296.0 1
4 10 251.2 333.5 1
0 1 100.2 230.6 1
8 9 58.1 155.3 1
8 2 20.7 97.6 1
8 4 159.0 252.8 1
1 5 243.3 390.5 1
5 3 230.3 333.8 1
8 2 135.0 232.4 1
3 6 219.4 286.0 1
5 4 198.7 326.5 1
7 9 219.4 394.2 1
3 5 186.6 337.0 1
7 8 74.9 178.0 1
0 8 29.4 93.7 1
9 2 105.3 250.0 1
1 6 79.8 175.9 1
4 7 62.4 238.4 1
0 7 59.8 115.6 1
5 7 185.6 342.2 1
4 7 92.6 238.8 1
1 6 96.0 248.4 1
0 9 179.9 292.7 1
8 9 218.8 366.2 1
2 5 129.1 187.0 1
1 10 97.6 208.6 1
3 2 146.8 265.3 1
9 6 217.7 389.3 1
7 8 245.6 380.0 1
6 8 50.4 175.5 1
6 3 59.9 139.0 1
0 6 37.0 93.1 1
1 6 246.8 425.5 1
0 7 223.2 286.1 1
6 3 180.9 299.8 1
3 2 235.1 408.0 1
8 10 6.1 120.7 1
6 3 190.7 284.8 1
9 8 100.1 178.7 1
1 6 78.7 242.7 1
3 2 231.6 308.1 1
2 5 228.4 339.7 1
6 1 2.5 96.7 1
9 4 125.5 286.8 1
7 9 101.4 203.2 1
1 2 126.5 259.5 1
8 4 178.5 270.6 1
3 7 22.1 119.6 1
1 8 26.8 142.8 1
3 5 102.8 275.7 1
6 4 155.8 283.1 1
5 9 54.5 188.0 1
4 3 181.7 255.8 1
1 8 236.1 362.2 1
0 9 206.2 394.7 1
9 5 116.0 257.6 1
2 9 30.4 148.0 1
6 2 71.3 157.9 1
9 1 271.4 428.5 1
9 3 225.0 393.0 1
5 2 230.8 291.1 1
8 10 48.7 178.8 1
3 7 161.5 221.9 1
7 5 112.9 199.9 1
0 5 27.6 159.9 1
6 1 77.2 191.2 1
7 1 201.9 266.6 1
3 9 85.4 184.1 1
EOF
