NUM_STATIONS: 10
NUM_REQUESTS: 80
NUM_VEHICLES: 3
VEHICLE_CAPACITY: 2
DISTANCES
0 1 5.3
1 2 5.1
2 3 4.1
3 4 5.8
4 5 8.8
5 6 4.0
6 7 7.4
7 8 2.6
8 9 6.4
9 0 5.7
REQUEST_SECTION
7 4 236.8 725.7 1
7 1 154.6 719.0 1
9 2 12.8 609.2 1
2 9 3.9 464.9 1
6 10 717.7 1298.4 1
0 9 303.6 862.5 1
6 8 95.8 568.7 1
2 3 179.1 561.2 1
4 7 646.9 839.1 1
1 4 173.8 315.1 1
5 9 568.7 738.1 1
7 1 212.7 639.7 1
5 3 584.7 955.6 1
4 10 293.4 467.0 1
0 1 63.3 351.8 1
8 9 254.6 807.6 1
8 2 257.8 787.0 1
8 4 480.9 634.8 1
1 5 555.1 866.1 1
5 3 630.3 746.4 1
8 2 421.1 734.1 1
3 6 445.0 617.1 1
5 4 276.6 500.1 1
7 9 466.7 878.1 1
3 5 37.9 477.4 1
7 8 108.4 288.8 1
0 8 305.2 869.1 1
9 2 448.7 572.9 1
1 6 527.8 825.8 1
4 7 391.0 825.5 1
0 7 596.6 929.3 1
5 7 160.3 369.9 1
4 7 194.0 770.4 1
1 6 46.3 397.3 1
0 9 148.3 628.3 1
8 9 289.9 873.5 1
2 5 122.9 573.1 1
1 10 299.1 486.8 1
3 2 558.8 860.8 1
9 6 155.7 339.6 1
7 8 263.4 609.6 1
6 8 397.0 986.9 1
6 3 500.9 1016.6 1
0 6 94.5 500.6 1
1 6 370.5 740.9 1
0 7 229.3 782.1 1
6 3 199.0 542.1 1
3 2 638.4 985.9 1
8 10 673.7 1129.6 1
6 3 467.1 876.9 1
9 8 490.6 664.0 1
1 6 682.3 1062.3 1
3 2 67.0 648.0 1
2 5 226.0 709.7 1
6 1 145.3 582.1 1
9 4 515.6 800.6 1
7 9 632.3 1135.8 1
1 2 327.2 684.3 1
8 4 249.8 798.7 1
3 7 172.8 383.6 1
1 8 138.6 255.5 1
3 5 409.4 824.6 1
6 4 241.5 367.3 1
5 9 445.9 1043.0 1
4 3 420.6 844.2 1
1 8 170.2 323.0 1
0 9 274.2 543.1 1
9 5 684.9 1201.8 1
2 9 61.5 235.2 1
6 2 333.4 738.1 1
9 1 372.8 884.2 1
9 3 727.6 1219.5 1
5 2 17.5 298.3 1
8 10 402.5 541.3 1
3 7 45.3 287.0 1
7 5 352.4 773.3 1
0 5 156.5 753.9 1
6 1 545.7 1021.8 1
7 1 557.9 750.2 1
3 9 657.0 988.2 1
EOF
