NUM_STATIONS: 10
NUM_REQUESTS: 20
NUM_VEHICLES: 1
VEHICLE_CAPACITY: 1
DISTANCES
0 1 6.6
1 2 8.7
2 3 5.9
3 4 9.0
4 5 3.2
5 6 7.2
6 7 4.7
7 8 8.2
8 9 3.5
9 0 6.8
REQUEST_SECTION
3 5 906.7 991.8 1
1 7 833.3 1670.2 1
4 5 901.4 1008.5 1
0 6 661.4 1638.5 1
1 7 815.8 1590.0 1
6 7 843.1 1724.0 1
0 8 792.4 1385.4 1
1 4 915.8 1879.7 1
0 5 105.9 757.3 1
6 1 400.4 931.6 1
0 8 54.6 906.7 1
8 2 168.4 669.0 1
8 2 218.1 942.9 1
4 1 600.1 1027.6 1
4 7 320.1 981.0 1
5 10 396.1 670.9 1
7 3 305.4 1150.8 1
6 2 381.2 995.3 1
0 8 336.3 765.3 1
5 8 837.8 1046.9 1
EOF
