NUM_STATIONS: 10
NUM_REQUESTS: 80
NUM_VEHICLES: 3
VEHICLE_CAPACITY: 8
DISTANCES
0 1 9.9
1 2 5.8
2 3 2.8
3 4 4.2
4 5 8.2
5 6 9.6
6 7 7.3
7 8 4.0
8 9 8.9
9 0 4.1
REQUEST_SECTION
8 2 84.5 214.6 1
3 8 148.8 296.2 1
0 4 156.7 256.0 1
4 8 54.3 191.6 1
7 10 28.7 162.8 1
4 1 39.3 114.9 1
1 9 20.3 191.7 1
3 6 149.2 226.7 1
5 9 66.0 207.0 1
9 5 61.3 231.5 1
1 7 146.4 291.8 1
7 3 83.3 178.1 1
9 7 65.2 172.5 1
1 6 161.7 329.0 1
5 3 140.1 219.4 1
0 4 129.9 221.2 1
7 1 71.4 155.2 1
0 4 127.7 263.8 1
2 9 157.1 290.8 1
0 6 38.5 202.5 1
0 9 4.4 173.1 1
4 10 122.5 287.3 1
2 5 44.6 170.5 1
1 10 68.6 230.2 1
7 10 27.5 122.3 1
2 10 105.3 219.5 1
3 8 125.6 251.5 1
5 8 94.1 161.7 1
6 8 124.5 200.7 1
6 5 82.6 170.6 1
5 10 55.5 200.5 1
2 8 28.0 153.8 1
8 9 21.4 119.4 1
2 7 56.2 161.7 1
4 6 134.1 244.2 1
5 8 104.8 271.9 1
9 8 103.0 243.3 1
3 1 152.6 318.5 1
3 4 40.5 160.9 1
2 6 45.8 133.6 1
4 9 76.7 220.9 1
7 5 124.1 288.6 1
6 4 23.7 147.0 1
7 3 32.3 101.3 1
5 10 91.9 246.7 1
3 8 6.7 99.0 1
9 6 2.2 93.1 1
5 1 73.6 181.0 1
8 4 93.5 191.8 1
0 5 148.4 236.2 1
5 10 146.0 301.7 1
7 5 46.5 200.4 1
6 10 7.8 176.0 1
6 1 121.5 243.6 1
2 6 16.9 181.2 1
4 5 78.6 183.1 1
7 3 111.3 198.9 1
0 4 90.7 168.2 1
0 9 2.9 167.9 1
4 10 140.4 214.6 1
2 1 120.1 292.9 1
1 10 90.8 200.9 1
0 7 11.8 109.1 1
0 4 145.0 235.0 1
2 6 86.5 167.5 1
6 8 136.2 241.2 1
7 9 134.3 224.0 1
0 1 68.3 135.5 1
3 6 16.2 133.8 1
5 1 26.3 92.6 1
1 8 28.2 95.8 1
7 5 88.5 159.2 1
3 2 155.9 275.5 1
2 5 145.5 286.5 1
4 2 108.8 187.6 1
7 10 97.6 199.9 1
3 7 1.6 140.9 1
4 6 9.6 178.9 1
1 2 161.5 306.7 1
1 8 44.5 215.9 1
EOF
