NUM_STATIONS: 10
NUM_REQUESTS: 80
NUM_VEHICLES: 3
VEHICLE_CAPACITY: 2
DISTANCES
0 1 5.3
1 2 5.1
2 3 4.1
3 4 5.8
4 5 8.8
5 6 4.0
6 7 7.4
7 8 2.6
8 9 6.4
9 0 5.7
REQUEST_SECTION
7 4 485.6 558.7 1
7 1 434.1 697.2 1
9 2 321.5 728.2 1
2 9 337.8 631.8 1
6 10 8.5 257.6 1
0 9 306.7 398.0 1
6 8 57.0 172.6 1
2 3 195.6 382.2 1
4 7 19.9 153.1 1
1 4 406.1 621.8 1
5 9 385.6 724.8 1
7 1 338.1 564.1 1
5 3 346.5 763.9 1
4 10 469.5 703.6 1
0 1 132.9 348.5 1
8 9 371.5 574.5 1
8 2 358.0 725.6 1
8 4 110.6 331.4 1
1 5 456.4 778.7 1
5 3 98.4 210.9 1
8 2 225.2 305.0 1
3 6 233.1 335.2 1
5 4 493.2 860.5 1
7 9 1.2 288.7 1
3 5 319.4 531.5 1
7 8 382.6 562.8 1
0 8 511.9 739.8 1
9 2 418.6 527.8 1
1 6 406.8 699.8 1
4 7 297.6 531.5 1
0 7 451.7 754.2 1
5 7 515.2 583.5 1
4 7 286.2 668.4 1
1 6 152.5 286.3 1
0 9 458.1 530.1 1
8 9 348.6 548.7 1
2 5 222.1 426.5 1
1 10 43.4 179.8 1
3 2 110.6 489.4 1
9 6 527.4 929.3 1
7 8 69.2 235.6 1
6 8 369.2 491.6 1
6 3 197.5 441.9 1
0 6 10.7 71.4 1
1 6 392.7 610.5 1
0 7 353.4 703.2 1
6 3 429.3 770.4 1
3 2 309.0 607.5 1
8 10 78.7 303.0 1
6 3 214.7 631.7 1
9 8 249.2 518.5 1
1 6 117.5 505.3 1
3 2 346.0 734.4 1
2 5 377.7 484.9 1
6 1 539.8 824.5 1
9 4 205.3 293.7 1
7 9 291.1 538.2 1
1 2 476.7 756.2 1
8 4 165.3 301.4 1
3 7 389.0 581.9 1
1 8 487.2 771.7 1
3 5 356.2 489.8 1
6 4 18.4 169.0 1
5 9 154.1 337.0 1
4 3 318.6 606.5 1
1 8 313.6 708.8 1
0 9 251.6 414.0 1
9 5 172.0 506.9 1
2 9 65.4 383.4 1
6 2 34.8 340.8 1
9 1 55.8 378.4 1
9 3 305.2 507.5 1
5 2 28.0 285.4 1
8 10 76.2 241.8 1
3 7 535.8 656.6 1
7 5 160.8 239.8 1
0 5 546.3 685.1 1
6 1 386.8 636.4 1
7 1 221.7 609.2 1
3 9 538.0 845.0 1
EOF
