NUM_STATIONS: 10
NUM_REQUESTS: 40
NUM_VEHICLES: 2
VEHICLE_CAPACITY: 8
DISTANCES
0 1 2.8
1 2 2.9
2 3 8.4
3 4 7.3
4 5 6.1
5 6 1.6
6 7 8.4
7 8 7.7
8 9 3.2
9 0 1.5
REQUEST_SECTION
4 8 25.3 106.5 1
3 10 66.0 170.2 1
6 4 41.0 143.3 1
1 6 16.4 133.2 1
0 4 41.8 108.0 1
5 3 73.1 164.8 1
6 9 86.2 209.0 1
1 10 72.2 154.5 1
1 9 66.7 175.1 1
0 6 47.5 146.5 1
6 9 37.9 153.5 1
5 6 26.1 151.8 1
9 3 85.9 188.4 1
6 2 92.6 173.0 1
9 3 81.2 212.9 1
0 2 55.9 180.1 1
9 5 76.8 151.5 1
7 4 68.9 145.6 1
1 5 12.3 104.5 1
5 4 38.8 159.7 1
8 5 44.7 116.8 1
7 6 19.1 80.0 1
4 1 75.2 156.7 1
4 10 76.0 135.5 1
7 5 71.5 182.2 1
1 10 44.1 167.4 1
3 5 35.4 171.9 1
2 5 0.9 138.7 1
6 8 2.0 90.5 1
4 7 4.5 63.6 1
9 1 39.6 135.7 1
6 3 20.5 119.2 1
8 9 76.8 206.4 1
6 3 74.0 211.6 1
5 2 86.7 154.5 1
8 5 60.3 134.4 1
7 9 81.1 134.7 1
5 4 90.1 149.7 1
0 2 70.0 183.4 1
2 4 55.0 141.5 1
EOF
