NUM_STATIONS: 10
NUM_REQUESTS: 20
NUM_VEHICLES: 3
VEHICLE_CAPACITY: 2
DISTANCES
0 1 10.0
1 2 3.1
2 3 7.4
3 4 2.1
4 5 5.5
5 6 6.0
6 7 3.5
7 8 7.1
8 9 7.6
9 0 5.4
REQUEST_SECTION
4 9 22.5 157.8 1
8 3 98.9 225.6 1
4 3 96.0 158.3 1
5 2 95.0 219.7 1
7 5 7.4 147.7 1
3 6 68.5 129.1 1
9 4 16.8 92.2 1
5 4 107.6 167.6 1
7 6 7.0 128.2 1
5 4 68.6 170.4 1
6 8 87.9 162.7 1
3 1 137.2 200.9 1
3 10 50.7 142.5 1
8 9 143.2 284.9 1
8 3 24.3 83.4 1
3 2 16.2 159.4 1
0 3 136.2 229.6 1
1 3 87.4 235.3 1
7 5 82.9 145.6 1
8 7 12.7 85.3 1
EOF
