NUM_STATIONS: 10
NUM_REQUESTS: 40
NUM_VEHICLES: 3
VEHICLE_CAPACITY: 1
DISTANCES
0 1 4.3
1 2 4.7
2 3 7.7
3 4 5.3
4 5 3.2
5 6 1.5
6 7 9.1
7 8 3.7
8 9 3.4
9 0 3.5
REQUEST_SECTION
2 7 117.4 296.5 1
8 10 21.6 221.5 1
4 9 243.4 584.8 1
1 7 327.3 403.8 1
9 5 87.7 430.5 1
8 6 218.2 308.2 1
2 6 9.4 254.4 1
6 5 320.0 443.1 1
4 9 309.7 363.1 1
6 9 427.2 602.3 1
1 5 289.4 537.4 1
3 8 424.1 685.8 1
9 10 152.1 489.6 1
4 5 343.1 525.2 1
5 6 251.8 500.5 1
3 9 213.5 538.3 1
5 7 312.6 534.6 1
0 5 121.8 314.0 1
5 10 86.2 395.7 1
0 2 207.5 358.4 1
0 4 358.9 462.2 1
1 7 85.8 387.9 1
0 3 199.4 296.4 1
9 3 210.4 328.2 1
3 6 44.0 399.4 1
9 7 20.9 192.7 1
4 7 5.5 68.8 1
2 5 32.4 353.7 1
2 5 216.1 346.3 1
0 4 391.3 702.9 1
0 9 24.8 369.5 1
7 1 267.1 524.3 1
7 2 68.7 138.0 1
1 9 358.7 517.2 1
2 7 325.6 488.0 1
9 8 341.9 586.7 1
7 6 24.3 277.4 1
4 2 42.5 103.2 1
1 6 416.8 621.4 1
4 1 340.8 598.3 1
EOF
