NUM_STATIONS: 10
NUM_REQUESTS: 40
NUM_VEHICLES: 2
VEHICLE_CAPACITY: 4
DISTANCES
0 1 5.8
1 2 5.9
2 3 5.5
3 4 4.6
4 5 6.6
5 6 8.5
6 7 2.2
7 8 4.0
8 9 2.7
9 0 5.9
REQUEST_SECTION
5 3 133.9 358.1 1
6 3 105.3 294.0 1
4 5 138.1 211.2 1
3 7 89.0 322.4 1
8 3 188.2 400.0 1
2 5 154.6 317.8 1
2 8 148.0 265.3 1
4 7 113.6 213.8 1
9 1 110.0 277.6 1
2 4 61.5 296.9 1
1 10 101.9 227.8 1
7 2 105.2 325.0 1
5 4 192.3 298.7 1
2 8 7.3 163.6 1
2 5 57.7 114.1 1
8 3 185.3 428.9 1
6 2 76.7 160.3 1
9 5 171.0 265.2 1
5 8 104.5 288.1 1
6 9 33.4 238.0 1
3 2 125.6 273.7 1
7 2 98.3 303.8 1
3 5 100.9 243.9 1
9 2 11.0 256.1 1
9 5 106.1 327.6 1
5 3 30.5 163.7 1
5 9 16.9 244.5 1
1 9 178.2 257.6 1
0 4 29.0 128.6 1
3 5 127.7 303.3 1
8 7 107.9 200.9 1
3 4 110.3 236.3 1
7 2 43.9 198.6 1
9 8 103.1 162.0 1
4 6 143.3 245.1 1
2 3 93.7 337.1 1
2 9 164.4 386.9 1
3 1 44.1 198.3 1
4 2 15.5 93.5 1
3 8 22.3 158.7 1
EOF
