NUM_STATIONS: 10
NUM_REQUESTS: 40
NUM_VEHICLES: 3
VEHICLE_CAPACITY: 4
DISTANCES
0 1 5.5
1 2 7.8
2 3 7.1
3 4 4.8
4 5 4.5
5 6 3.9
6 7 2.7
7 8 6.4
8 9 8.5
9 0 7.6
REQUEST_SECTION
8 7 10.9 86.2 1
8 6 47.1 151.2 1
7 5 33.7 115.0 1
5 10 118.7 265.5 1
6 9 43.0 176.4 1
3 4 2.9 120.0 1
4 2 127.4 206.5 1
5 3 37.5 203.1 1
5 10 78.5 260.2 1
2 9 5.0 183.2 1
2 8 120.2 316.4 1
0 7 20.6 154.5 1
4 5 2.1 131.7 1
3 9 24.1 132.5 1
5 7 31.4 198.4 1
8 4 22.9 99.0 1
9 8 74.8 169.0 1
2 10 84.1 256.8 1
4 7 106.6 196.9 1
4 10 24.1 130.0 1
7 2 89.7 239.3 1
3 5 137.6 273.8 1
1 9 130.2 279.6 1
9 8 133.1 247.7 1
5 1 11.4 178.3 1
5 3 105.0 277.3 1
5 8 72.6 205.9 1
5 6 123.7 262.1 1
0 1 47.4 233.1 1
5 2 78.6 181.4 1
5 3 25.4 98.0 1
1 10 14.1 98.6 1
2 4 5.6 150.0 1
8 3 106.1 300.9 1
5 7 6.7 96.2 1
1 10 78.9 213.0 1
5 1 134.5 276.7 1
2 6 138.3 283.9 1
7 5 78.8 271.3 1
8 7 0.7 66.6 1
EOF
