NUM_STATIONS: 10
NUM_REQUESTS: 40
NUM_VEHICLES: 3
VEHICLE_CAPACITY: 2
DISTANCES
0 1 3.4
1 2 6.2
2 3 7.9
3 4 7.1
4 5 5.2
5 6 1.5
6 7 5.2
7 8 1.2
8 9 5.0
9 0 2.1
REQUEST_SECTION
3 7 194.3 286.5 1
4 5 153.3 208.6 1
4 5 12.0 113.2 1
2 9 3.3 121.7 1
4 6 164.6 348.3 1
2 7 41.6 172.4 1
2 4 91.3 138.5 1
5 6 10.5 115.9 1
4 1 94.8 172.0 1
0 7 88.1 194.9 1
6 3 116.4 269.7 1
0 2 210.5 270.9 1
9 3 172.1 234.9 1
7 6 22.9 115.7 1
7 5 190.5 257.4 1
3 7 165.1 305.7 1
4 2 16.9 108.8 1
0 9 120.6 292.0 1
2 3 6.1 132.6 1
2 9 41.7 97.6 1
0 4 63.6 210.1 1
2 10 212.5 350.4 1
2 6 15.8 79.1 1
8 4 199.1 245.6 1
3 7 62.9 166.9 1
0 1 67.9 147.2 1
7 1 172.3 352.0 1
8 4 129.5 296.5 1
0 3 71.0 214.5 1
9 7 27.6 178.2 1
0 4 37.4 125.5 1
7 2 111.7 221.0 1
8 6 126.0 178.3 1
4 10 100.1 247.0 1
9 6 37.4 112.8 1
1 5 209.6 372.8 1
4 2 175.0 290.7 1
3 5 203.1 266.4 1
9 7 62.5 240.2 1
5 7 192.3 375.5 1
EOF
