NUM_STATIONS: 10
NUM_REQUESTS: 80
NUM_VEHICLES: 3
VEHICLE_CAPACITY: 8
DISTANCES
0 1 7.9
1 2 8.1
2 3 2.5
3 4 7.9
4 5 2.3
5 6 7.4
6 7 8.2
7 8 1.4
8 9 7.4
9 0 3.5
REQUEST_SECTION
9 4 24.4 216.6 1
8 6 117.0 280.3 1
1 2 30.5 99.8 1
8 4 36.1 125.1 1
2 7 124.9 284.1 1
1 8 95.2 184.6 1
5 7 52.5 246.1 1
1 9 32.7 156.1 1
1 4 82.1 212.9 1
4 6 11.1 95.8 1
0 8 25.8 173.3 1
7 6 25.2 206.0 1
7 6 26.7 157.4 1
4 10 100.3 174.7 1
8 2 115.5 293.2 1
1 4 12.5 175.9 1
2 8 130.9 277.1 1
0 3 19.3 133.2 1
8 6 113.5 298.7 1
8 1 61.5 202.1 1
9 8 83.5 232.3 1
6 3 55.5 204.7 1
2 4 17.5 124.0 1
3 10 7.4 124.7 1
5 6 66.5 198.2 1
5 6 24.7 100.9 1
2 9 133.3 306.3 1
6 8 89.8 193.1 1
9 10 124.2 290.0 1
5 8 91.9 193.7 1
0 5 134.4 192.0 1
2 4 123.7 182.2 1
3 9 44.4 234.9 1
0 3 128.1 260.8 1
5 6 47.8 204.8 1
5 10 29.6 167.7 1
4 8 34.5 139.5 1
9 4 1.9 172.7 1
1 9 55.3 122.6 1
0 9 28.1 137.1 1
6 3 73.4 232.5 1
0 1 100.7 262.8 1
8 1 101.4 286.7 1
3 9 75.7 270.6 1
4 2 57.1 148.1 1
5 10 104.7 249.1 1
9 2 13.1 90.1 1
2 5 94.7 198.9 1
3 4 33.7 152.8 1
3 1 107.8 239.7 1
3 2 131.5 246.2 1
4 3 9.2 202.3 1
1 4 102.3 216.5 1
2 7 133.7 289.7 1
1 9 54.4 217.6 1
0 6 10.3 115.4 1
5 2 117.9 179.9 1
8 2 20.5 206.7 1
8 4 9.8 132.0 1
2 4 62.7 172.8 1
6 8 49.1 167.7 1
2 9 101.9 167.0 1
2 8 57.3 117.7 1
1 8 63.7 126.0 1
9 7 1.2 120.0 1
6 2 139.2 308.8 1
2 8 84.2 171.2 1
0 4 90.9 159.7 1
7 10 44.6 135.3 1
2 4 36.8 148.1 1
6 1 31.4 128.7 1
5 2 32.6 220.2 1
6 8 130.9 213.6 1
7 5 81.6 220.1 1
8 10 65.9 168.7 1
5 2 11.4 155.3 1
9 7 98.4 245.9 1
7 6 139.6 294.4 1
4 9 135.7 290.2 1
3 10 49.7 243.3 1
EOF
