NUM_STATIONS: 10
NUM_REQUESTS: 80
NUM_VEHICLES: 3
VEHICLE_CAPACITY: 2
DISTANCES
0 1 8.0
1 2 8.3
2 3 3.5
3 4 6.0
4 5 1.1
5 6 2.5
6 7 5.2
7 8 7.5
8 9 5.8
9 0 8.4
REQUEST_SECTION
9 3 314.2 770.9 1
9 7 534.5 826.8 1
9 1 478.6 563.5 1
2 6 628.0 800.9 1
5 4 0.4 134.0 1
6 5 723.2 1298.2 1
3 2 618.3 701.8 1
6 2 218.3 364.9 1
0 9 156.4 355.2 1
3 8 431.6 871.1 1
1 2 256.0 515.1 1
9 2 751.1 1025.7 1
4 3 456.6 726.0 1
3 8 396.1 978.0 1
8 3 718.8 926.5 1
8 5 275.2 848.6 1
8 5 297.8 391.2 1
0 3 548.3 747.0 1
7 10 34.8 291.3 1
2 10 397.4 847.4 1
7 9 481.5 754.8 1
6 5 123.5 246.8 1
4 8 672.8 1063.6 1
6 10 51.4 376.0 1
3 4 481.0 1006.9 1
9 5 117.3 233.5 1
7 6 95.0 193.6 1
9 7 631.4 854.8 1
5 9 311.5 858.1 1
5 7 576.8 1029.3 1
6 1 186.1 442.5 1
7 4 700.1 1115.4 1
2 8 238.8 338.9 1
9 1 239.6 719.3 1
4 1 248.5 545.2 1
5 6 558.6 704.4 1
0 9 583.4 1172.8 1
8 2 22.9 368.6 1
6 3 608.9 843.8 1
6 9 147.9 252.7 1
9 7 114.8 331.0 1
2 8 596.9 858.5 1
6 8 308.8 540.4 1
5 2 49.3 224.2 1
4 6 550.6 748.5 1
4 9 51.7 168.1 1
4 9 147.3 654.1 1
9 8 325.7 674.4 1
6 4 631.0 700.8 1
8 6 673.2 1243.8 1
4 3 560.1 1038.8 1
9 10 207.4 516.6 1
8 7 54.6 152.9 1
7 1 36.4 595.4 1
1 3 342.4 852.1 1
6 3 125.6 613.5 1
8 3 502.6 606.5 1
4 6 223.5 437.9 1
6 9 725.1 784.8 1
9 4 84.2 179.2 1
7 8 746.4 1072.8 1
6 3 607.4 809.4 1
7 5 530.0 665.7 1
9 3 378.1 951.2 1
1 9 113.7 501.5 1
8 1 495.6 772.7 1
9 8 433.6 892.6 1
9 7 152.9 539.8 1
6 7 545.4 844.1 1
5 9 365.9 815.5 1
1 5 563.8 929.4 1
8 6 565.2 873.5 1
2 1 483.2 608.6 1
1 7 191.0 437.5 1
4 6 444.0 502.3 1
0 3 524.3 1125.5 1
1 10 119.3 692.5 1
7 8 109.8 690.6 1
9 6 533.8 1055.1 1
3 10 41.1 289.7 1
EOF
