NUM_STATIONS: 10
NUM_REQUESTS: 80
NUM_VEHICLES: 2
VEHICLE_CAPACITY: 1
DISTANCES
0 1 2.4
1 2 8.8
2 3 9.2
3 4 4.4
4 5 2.3
5 6 10.0
6 7 6.1
7 8 3.9
8 9 6.9
9 0 4.1
REQUEST_SECTION
4 2 822.4 1853.4 1
1 6 201.2 1104.2 1
9 8 481.3 1641.1 1
7 1 1042.7 1848.1 1
1 5 1335.4 2642.2 1
5 9 234.3 481.6 1
1 5 1534.6 3046.8 1
5 6 1097.9 1843.4 1
2 8 1341.3 2722.7 1
6 1 1021.7 2477.7 1
5 3 534.8 773.1 1
2 7 1687.1 2679.4 1
5 9 153.4 1866.5 1
0 2 759.1 1519.8 1
1 8 1432.7 2002.6 1
7 10 211.9 480.6 1
1 3 902.1 1153.6 1
5 3 1025.0 1192.3 1
2 5 671.6 1231.9 1
4 8 227.8 1966.2 1
2 4 1463.1 1922.4 1
4 2 162.1 1299.2 1
7 10 907.7 1689.3 1
5 6 571.5 826.3 1
5 9 1307.0 2539.0 1
7 6 836.4 1941.1 1
1 5 520.6 1415.2 1
1 2 412.6 773.6 1
9 1 1588.5 1710.0 1
3 7 365.1 1919.3 1
7 2 790.0 1591.9 1
1 7 1032.2 1516.0 1
3 8 217.5 1358.7 1
1 5 457.3 1940.1 1
1 8 1077.2 2222.1 1
3 9 840.1 1741.7 1
1 10 1109.9 2085.9 1
7 2 1467.1 2146.9 1
3 6 1204.0 2606.1 1
8 7 1080.1 1668.8 1
1 2 969.6 1683.5 1
0 7 356.3 961.4 1
0 3 559.3 1382.4 1
0 4 1283.9 1668.7 1
6 5 720.4 1937.1 1
5 8 1088.7 2213.9 1
1 10 914.7 1367.5 1
5 6 177.3 452.0 1
4 7 1449.6 2778.1 1
8 9 814.2 896.7 1
5 8 732.5 1744.6 1
6 7 294.9 1545.1 1
0 8 571.0 1233.8 1
1 9 699.0 1636.7 1
0 5 162.5 285.3 1
0 4 597.9 1878.9 1
4 9 419.8 2155.9 1
3 1 1270.5 1831.5 1
7 2 1021.1 2115.5 1
5 8 1525.4 2627.1 1
2 10 1361.6 2339.1 1
7 9 1470.0 2269.6 1
8 5 9.4 125.6 1
5 6 1538.1 2158.2 1
8 2 353.9 2121.9 1
5 2 1412.9 1608.8 1
5 1 1343.5 2058.2 1
8 7 860.8 2510.6 1
3 7 196.2 847.4 1
4 7 133.1 888.9 1
6 4 1684.3 3065.8 1
9 7 207.5 1472.6 1
9 3 1547.9 2357.0 1
9 5 524.1 627.7 1
9 10 1458.2 3201.3 1
8 10 1469.8 1674.8 1
9 6 399.1 853.3 1
3 9 539.5 971.2 1
2 9 693.7 1788.0 1
2 4 1643.8 1797.4 1
EOF
