NUM_STATIONS: 10
NUM_REQUESTS: 20
NUM_VEHICLES: 1
VEHICLE_CAPACITY: 8
DISTANCES
0 1 6.6
1 2 8.7
2 3 5.9
3 4 9.0
4 5 3.2
5 6 7.2
6 7 4.7
7 8 8.2
8 9 3.5
9 0 6.8
REQUEST_SECTION
3 5 4.0 184.9 1
1 7 95.5 200.2 1
4 5 108.1 212.9 1
0 6 116.5 264.7 1
1 7 2.8 175.3 1
6 7 99.3 190.3 1
0 8 154.5 239.5 1
1 4 72.5 232.1 1
0 5 8.9 125.3 1
6 1 39.8 127.6 1
0 8 147.2 255.4 1
8 2 108.3 267.7 1
8 2 128.1 277.3 1
4 1 107.0 273.1 1
4 7 43.8 127.0 1
5 10 57.4 217.0 1
7 3 6.5 86.4 1
6 2 65.1 177.2 1
0 8 6.0 139.0 1
5 8 34.5 128.0 1
EOF
