NUM_STATIONS: 10
NUM_REQUESTS: 20
NUM_VEHICLES: 2
VEHICLE_CAPACITY: 8
DISTANCES
0 1 10.0
1 2 3.1
2 3 7.4
3 4 2.1
4 5 5.5
5 6 6.0
6 7 3.5
7 8 7.1
8 9 7.6
9 0 5.4
REQUEST_SECTION
4 9 14.6 85.2 1
8 3 5.8 74.1 1
4 3 16.2 126.7 1
5 2 12.7 89.0 1
7 5 32.3 137.5 1
3 6 6.5 64.6 1
9 4 20.8 130.1 1
5 4 11.2 119.6 1
7 6 36.5 145.5 1
5 4 22.3 100.9 1
6 8 9.6 106.7 1
3 1 34.8 128.9 1
3 10 18.4 92.9 1
8 9 14.5 120.6 1
8 3 40.5 140.5 1
3 2 1.9 75.6 1
0 3 37.5 132.5 1
1 3 27.0 91.7 1
7 5 11.0 74.4 1
8 7 24.7 106.2 1
EOF
