NUM_STATIONS: 10
NUM_REQUESTS: 80
NUM_VEHICLES: 2
VEHICLE_CAPACITY: 8
DISTANCES
0 1 2.4
1 2 8.8
2 3 9.2
3 4 4.4
4 5 2.3
5 6 10.0
6 7 6.1
7 8 3.9
8 9 6.9
9 0 4.1
REQUEST_SECTION
4 2 78.4 272.0 1
1 6 8.0 83.9 1
9 8 122.7 319.6 1
7 1 160.5 323.5 1
1 5 146.5 339.3 1
5 9 189.9 295.5 1
1 5 76.6 254.1 1
5 6 25.5 173.2 1
2 8 208.4 401.1 1
6 1 12.6 214.9 1
5 3 69.8 141.2 1
2 7 125.2 188.1 1
5 9 118.8 178.4 1
0 2 24.6 128.3 1
1 8 144.7 323.1 1
7 10 216.7 291.4 1
1 3 134.6 316.7 1
5 3 86.0 155.7 1
2 5 93.7 246.8 1
4 8 42.6 147.9 1
2 4 217.1 321.4 1
4 2 68.2 133.0 1
7 10 83.9 166.1 1
5 6 153.0 232.8 1
5 9 15.9 173.3 1
7 6 144.5 339.7 1
1 5 217.9 417.4 1
1 2 137.5 255.0 1
9 1 188.3 317.4 1
3 7 17.3 90.3 1
7 2 122.6 231.7 1
1 7 156.5 243.3 1
3 8 38.7 98.0 1
1 5 135.5 297.2 1
1 8 91.4 227.1 1
3 9 100.1 224.2 1
1 10 201.8 310.2 1
7 2 103.9 263.3 1
3 6 73.4 221.2 1
8 7 83.1 162.8 1
1 2 117.5 199.2 1
0 7 173.6 263.1 1
0 3 215.6 287.7 1
0 4 94.8 168.2 1
6 5 114.4 175.2 1
5 8 141.6 316.1 1
1 10 124.5 187.0 1
5 6 112.5 234.0 1
4 7 30.5 139.6 1
8 9 23.2 96.2 1
5 8 117.6 295.1 1
6 7 23.8 171.1 1
0 8 42.0 109.9 1
1 9 97.5 195.2 1
0 5 103.2 252.1 1
0 4 12.6 93.7 1
4 9 210.9 381.2 1
3 1 106.6 305.6 1
7 2 13.6 128.5 1
5 8 100.0 297.3 1
2 10 60.1 206.8 1
7 9 10.7 211.3 1
8 5 48.5 181.9 1
5 6 148.3 236.1 1
8 2 138.2 304.1 1
5 2 113.9 242.5 1
5 1 72.2 151.0 1
8 7 110.7 309.5 1
3 7 122.1 244.6 1
4 7 128.7 321.5 1
6 4 129.3 193.8 1
9 7 90.5 203.8 1
9 3 0.9 178.6 1
9 5 11.5 144.8 1
9 10 114.9 200.1 1
8 10 208.4 332.6 1
9 6 195.3 278.7 1
3 9 171.3 283.3 1
2 9 126.5 311.6 1
2 4 61.8 197.1 1
EOF
