NUM_STATIONS: 10
NUM_REQUESTS: 80
NUM_VEHICLES: 3
VEHICLE_CAPACITY: 1
DISTANCES
0 1 5.3
1 2 5.1
2 3 4.1
3 4 5.8
4 5 8.8
5 6 4.0
6 7 7.4
7 8 2.6
8 9 6.4
9 0 5.7
REQUEST_SECTION
7 4 243.9 614.8 1
7 1 261.6 387.1 1
9 2 14.2 297.9 1
2 9 945.7 1244.9 1
6 10 747.1 1429.4 1
0 9 1317.3 2050.0 1
6 8 1037.5 1313.4 1
2 3 875.5 1102.7 1
4 7 1422.8 1956.0 1
1 4 1390.4 1837.7 1
5 9 505.8 1082.0 1
7 1 273.3 811.7 1
5 3 268.7 583.1 1
4 10 596.6 1140.9 1
0 1 1169.5 1719.0 1
8 9 1097.3 1437.8 1
8 2 647.6 817.2 1
8 4 718.8 975.2 1
1 5 592.9 1049.1 1
5 3 115.4 493.0 1
8 2 694.0 1162.3 1
3 6 899.4 1198.8 1
5 4 842.9 978.9 1
7 9 1209.0 1936.0 1
3 5 1257.5 1425.6 1
7 8 123.8 738.7 1
0 8 4.6 724.7 1
9 2 694.7 751.1 1
1 6 81.0 490.0 1
4 7 622.1 1029.5 1
0 7 769.0 1330.2 1
5 7 1463.4 1575.9 1
4 7 112.5 234.3 1
1 6 440.9 917.0 1
0 9 847.6 914.0 1
8 9 137.4 893.8 1
2 5 1113.2 1652.7 1
1 10 148.7 647.5 1
3 2 457.6 1205.6 1
9 6 108.4 338.6 1
7 8 993.7 1249.8 1
6 8 180.0 258.9 1
6 3 447.3 1141.6 1
0 6 530.3 1185.5 1
1 6 1005.3 1660.8 1
0 7 565.9 1184.2 1
6 3 1337.0 1749.4 1
3 2 913.2 1318.8 1
8 10 101.5 520.8 1
6 3 113.6 787.4 1
9 8 342.6 1028.2 1
1 6 762.5 1286.9 1
3 2 496.4 901.7 1
2 5 909.6 1125.6 1
6 1 1063.8 1586.3 1
9 4 135.2 353.1 1
7 9 924.4 1465.8 1
1 2 524.0 1099.3 1
8 4 595.1 933.0 1
3 7 1114.1 1631.6 1
1 8 1097.4 1579.9 1
3 5 1285.8 1359.5 1
6 4 1049.4 1135.1 1
5 9 1388.8 2081.8 1
4 3 1205.9 1564.6 1
1 8 1386.5 2147.9 1
0 9 1441.6 1861.9 1
9 5 502.7 1131.6 1
2 9 868.9 1016.9 1
6 2 116.7 678.5 1
9 1 768.9 1048.1 1
9 3 1143.6 1501.4 1
5 2 470.7 1078.1 1
8 10 1084.5 1276.5 1
3 7 540.3 970.5 1
7 5 1072.6 1491.2 1
0 5 478.3 1104.6 1
6 1 198.3 828.1 1
7 1 882.0 1385.6 1
3 9 656.3 760.0 1
EOF
