NUM_STATIONS: 10
NUM_REQUESTS: 40
NUM_VEHICLES: 1
VEHICLE_CAPACITY: 4
DISTANCES
0 1 5.8
1 2 5.9
2 3 5.5
3 4 4.6
4 5 6.6
5 6 8.5
6 7 2.2
7 8 4.0
8 9 2.7
9 0 5.9
REQUEST_SECTION
5 3 21.9 178.7 1
6 3 393.8 524.5 1
4 5 246.4 340.8 1
3 7 87.6 249.8 1
8 3 466.2 531.3 1
2 5 218.1 458.9 1
2 8 210.0 384.9 1
4 7 395.4 589.6 1
9 1 147.6 243.6 1
2 4 334.6 416.6 1
1 10 318.4 395.0 1
7 2 60.7 369.0 1
5 4 40.8 246.2 1
2 8 252.3 486.5 1
2 5 98.4 233.4 1
8 3 349.7 493.6 1
6 2 309.9 615.3 1
9 5 62.9 240.4 1
5 8 313.3 467.7 1
6 9 355.5 663.4 1
3 2 285.9 584.6 1
7 2 240.4 382.8 1
3 5 131.9 429.1 1
9 2 446.2 747.5 1
9 5 59.3 331.8 1
5 3 472.9 751.8 1
5 9 44.2 111.6 1
1 9 96.5 319.6 1
0 4 70.3 150.5 1
3 5 108.4 354.5 1
8 7 192.7 490.3 1
3 4 431.5 485.0 1
7 2 246.9 364.2 1
9 8 215.5 469.9 1
4 6 317.9 448.8 1
2 3 120.6 251.2 1
2 9 241.4 433.3 1
3 1 25.3 228.2 1
4 2 285.0 390.5 1
3 8 117.7 357.1 1
EOF
