NUM_STATIONS: 10
NUM_REQUESTS: 40
NUM_VEHICLES: 2
VEHICLE_CAPACITY: 4
DISTANCES
0 1 2.8
1 2 2.9
2 3 8.4
3 4 7.3
4 5 6.1
5 6 1.6
6 7 8.4
7 8 7.7
8 9 3.2
9 0 1.5
REQUEST_SECTION
4 8 160.1 267.4 1
3 10 38.8 193.8 1
6 4 25.1 160.8 1
1 6 33.6 139.0 1
0 4 59.3 178.5 1
5 3 36.7 202.5 1
6 9 14.6 83.1 1
1 10 35.3 140.0 1
1 9 129.7 187.4 1
0 6 111.6 220.4 1
6 9 132.2 186.8 1
5 6 110.6 265.7 1
9 3 35.1 185.3 1
6 2 122.8 242.8 1
9 3 45.3 117.5 1
0 2 83.2 243.5 1
9 5 174.7 339.7 1
7 4 56.3 153.7 1
1 5 50.8 153.3 1
5 4 69.1 146.6 1
8 5 75.4 211.4 1
7 6 128.3 245.5 1
4 1 132.6 277.3 1
4 10 30.6 93.0 1
7 5 170.4 339.0 1
1 10 163.4 221.0 1
3 5 164.1 225.8 1
2 5 101.1 169.5 1
6 8 51.2 125.1 1
4 7 118.7 289.1 1
9 1 133.2 258.3 1
6 3 186.2 333.2 1
8 9 106.1 184.1 1
6 3 69.6 182.3 1
5 2 17.9 161.7 1
8 5 147.9 226.0 1
7 9 6.1 120.0 1
5 4 32.0 206.1 1
0 2 58.6 223.8 1
2 4 12.8 88.4 1
EOF
