NUM_STATIONS: 10
NUM_REQUESTS: 20
NUM_VEHICLES: 2
VEHICLE_CAPACITY: 1
DISTANCES
0 1 8.3
1 2 2.5
2 3 8.9
3 4 6.4
4 5 8.5
5 6 5.9
6 7 7.6
7 8 9.1
8 9 7.1
9 0 6.5
REQUEST_SECTION
4 1 121.6 688.8 1
9 3 21.0 613.7 1
9 10 55.0 248.1 1
7 2 454.2 560.9 1
9 1 183.9 643.1 1
4 2 276.1 868.4 1
1 10 333.0 695.4 1
1 5 452.6 696.4 1
5 7 256.3 648.6 1
6 7 525.1 848.6 1
2 1 486.0 1067.3 1
0 3 19.1 490.0 1
8 5 294.3 613.9 1
0 6 389.4 750.0 1
3 2 475.8 629.9 1
1 2 488.0 590.7 1
0 9 357.6 571.0 1
2 5 28.0 555.1 1
2 1 460.1 710.8 1
9 8 317.0 835.9 1
EOF
