NUM_STATIONS: 10
NUM_REQUESTS: 40
NUM_VEHICLES: 3
VEHICLE_CAPACITY: 8
DISTANCES
0 1 5.8
1 2 5.9
2 3 5.5
3 4 4.6
4 5 6.6
5 6 8.5
6 7 2.2
7 8 4.0
8 9 2.7
9 0 5.9
REQUEST_SECTION
5 3 61.3 149.1 1
6 3 44.1 133.8 1
4 5 50.3 103.3 1
3 7 43.7 109.0 1
8 3 52.1 114.2 1
2 5 20.5 77.8 1
2 8 32.4 113.1 1
4 7 42.2 123.6 1
9 1 48.8 109.5 1
2 4 55.5 128.0 1
1 10 36.3 130.9 1
7 2 40.2 117.6 1
5 4 45.4 97.6 1
2 8 34.4 93.2 1
2 5 38.0 97.1 1
8 3 59.2 132.2 1
6 2 58.7 152.9 1
9 5 63.3 126.3 1
5 8 17.4 82.1 1
6 9 45.8 116.7 1
3 2 28.3 87.3 1
7 2 25.0 92.7 1
3 5 24.8 91.8 1
9 2 12.2 89.2 1
9 5 48.6 123.7 1
5 3 45.8 135.7 1
5 9 60.6 144.1 1
1 9 55.7 117.6 1
0 4 26.5 117.8 1
3 5 3.0 93.9 1
8 7 28.3 100.8 1
3 4 63.2 140.9 1
7 2 58.1 129.1 1
9 8 7.7 93.6 1
4 6 18.4 72.9 1
2 3 4.9 63.1 1
2 9 38.7 121.9 1
3 1 57.8 121.7 1
4 2 18.6 106.9 1
3 8 43.0 118.6 1
EOF
