NUM_STATIONS: 10
NUM_REQUESTS: 40
NUM_VEHICLES: 3
VEHICLE_CAPACITY: 4
DISTANCES
0 1 5.5
1 2 7.8
2 3 7.1
3 4 4.8
4 5 4.5
5 6 3.9
6 7 2.7
7 8 6.4
8 9 8.5
9 0 7.6
REQUEST_SECTION
8 7 28.2 131.6 1
8 6 76.3 183.5 1
7 5 73.1 222.1 1
5 10 176.2 241.5 1
6 9 158.7 293.4 1
3 4 0.5 87.7 1
4 2 10.5 149.3 1
5 3 4.8 105.7 1
5 10 7.6 121.9 1
2 9 174.6 310.6 1
2 8 22.8 150.3 1
0 7 174.6 237.8 1
4 5 34.8 121.3 1
3 9 29.5 128.5 1
5 7 55.2 162.6 1
8 4 97.1 222.9 1
9 8 131.1 213.9 1
2 10 169.4 294.2 1
4 7 114.0 203.4 1
4 10 172.5 238.3 1
7 2 152.3 253.9 1
3 5 153.6 239.4 1
1 9 32.5 95.6 1
9 8 72.4 153.8 1
5 1 88.3 236.0 1
5 3 14.5 148.2 1
5 8 42.0 158.6 1
5 6 172.5 281.1 1
0 1 60.6 199.2 1
5 2 41.4 186.1 1
5 3 1.0 129.5 1
1 10 78.7 157.0 1
2 4 149.1 215.2 1
8 3 3.0 107.5 1
5 7 14.9 122.2 1
1 10 107.9 244.3 1
5 1 48.2 170.2 1
2 6 152.5 218.1 1
7 5 104.9 207.5 1
8 7 59.7 202.7 1
EOF
