NUM_STATIONS: 10
NUM_REQUESTS: 20
NUM_VEHICLES: 2
VEHICLE_CAPACITY: 1
DISTANCES
0 1 5.2
1 2 3.6
2 3 9.0
3 4 5.2
4 5 4.6
5 6 6.8
6 7 9.5
7 8 9.5
8 9 7.9
9 0 8.3
REQUEST_SECTION
3 5 593.8 1120.2 1
5 3 139.9 384.2 1
0 4 166.0 335.6 1
0 7 69.7 288.8 1
0 5 587.3 1059.6 1
3 5 590.3 952.0 1
2 7 374.7 941.2 1
4 5 66.1 509.0 1
7 10 420.0 750.1 1
4 5 147.6 284.3 1
9 5 658.3 775.8 1
5 8 324.8 701.4 1
0 8 648.0 1211.7 1
4 5 536.7 697.0 1
1 9 255.3 842.5 1
7 8 545.4 656.2 1
1 3 465.5 794.4 1
1 8 449.3 792.9 1
6 3 513.3 878.0 1
6 7 92.8 386.2 1
EOF
