NUM_STATIONS: 10
NUM_REQUESTS: 80
NUM_VEHICLES: 2
VEHICLE_CAPACITY: 8
DISTANCES
0 1 9.9
1 2 5.8
2 3 2.8
3 4 4.2
4 5 8.2
5 6 9.6
6 7 7.3
7 8 4.0
8 9 8.9
9 0 4.1
REQUEST_SECTION
8 2 168.6 259.2 1
3 8 9.4 199.1 1
0 4 275.9 363.6 1
4 8 283.6 465.6 1
7 10 309.4 487.6 1
4 1 112.3 280.8 1
1 9 290.3 470.0 1
3 6 31.1 133.1 1
5 9 26.2 227.1 1
9 5 304.1 383.6 1
1 7 35.0 204.6 1
7 3 222.9 419.5 1
9 7 185.1 372.4 1
1 6 242.3 448.4 1
5 3 163.4 254.0 1
0 4 103.0 264.7 1
7 1 197.9 291.8 1
0 4 218.3 444.4 1
2 9 298.9 378.2 1
0 6 121.7 299.3 1
0 9 18.1 240.4 1
4 10 281.7 481.8 1
2 5 239.1 432.9 1
1 10 104.3 187.4 1
7 10 227.9 341.2 1
2 10 53.1 256.3 1
3 8 226.1 396.7 1
5 8 59.5 171.7 1
6 8 218.1 359.0 1
6 5 202.5 420.5 1
5 10 282.7 378.0 1
2 8 53.8 160.9 1
8 9 305.3 427.9 1
2 7 69.9 201.2 1
4 6 239.3 439.5 1
5 8 126.4 260.7 1
9 8 317.4 459.5 1
3 1 200.0 354.5 1
3 4 126.0 239.4 1
2 6 244.8 469.9 1
4 9 168.2 342.7 1
7 5 43.3 254.8 1
6 4 279.9 439.5 1
7 3 301.3 520.9 1
5 10 148.2 285.7 1
3 8 247.2 322.7 1
9 6 195.2 357.1 1
5 1 149.4 348.0 1
8 4 281.1 487.9 1
0 5 114.1 209.7 1
5 10 10.7 144.1 1
7 5 5.9 211.3 1
6 10 46.0 142.0 1
6 1 297.5 373.8 1
2 6 90.1 185.2 1
4 5 244.9 312.8 1
7 3 89.0 313.7 1
0 4 17.5 223.6 1
0 9 318.1 475.3 1
4 10 255.9 392.3 1
2 1 77.8 304.4 1
1 10 162.6 302.6 1
0 7 85.9 301.7 1
0 4 268.4 439.9 1
2 6 169.5 328.1 1
6 8 261.1 393.0 1
7 9 267.4 342.3 1
0 1 291.3 413.6 1
3 6 245.5 432.0 1
5 1 40.6 197.7 1
1 8 37.4 195.5 1
7 5 69.3 261.6 1
3 2 161.6 371.5 1
2 5 53.5 164.4 1
4 2 228.6 438.1 1
7 10 53.1 248.9 1
3 7 38.6 115.0 1
4 6 69.4 178.0 1
1 2 231.2 439.0 1
1 8 137.1 289.3 1
EOF
