NUM_STATIONS: 10
NUM_REQUESTS: 160
NUM_VEHICLES: 3
VEHICLE_CAPACITY: 2
DISTANCES
0 1 3.3
1 2 8.6
2 3 9.8
3 4 4.8
4 5 3.7
5 6 5.0
6 7 1.8
7 8 2.0
8 9 1.3
9 0 2.7
REQUEST_SECTION
9 3 182.1 613.9 1
8 4 953.9 1038.1 1
4 8 213.2 312.6 1
6 3 1035.4 1317.2 1
8 2 991.3 1430.0 1
7 2 923.7 1448.4 1
8 1 716.0 767.4 1
6 4 1068.1 1418.0 1
7 2 329.4 894.2 1
2 6 289.4 640.0 1
3 7 473.2 610.1 1
8 4 643.9 1017.3 1
0 8 1034.3 1237.5 1
8 10 197.2 637.6 1
8 2 318.5 540.9 1
4 2 711.4 1132.1 1
3 5 594.5 1158.1 1
5 7 744.1 1207.7 1
3 7 1063.7 1342.5 1
7 4 22.3 525.0 1
6 7 983.0 1179.3 1
3 7 429.8 703.2 1
5 2 844.8 1210.8 1
4 7 932.5 1364.7 1
3 5 366.6 944.2 1
1 3 317.3 833.9 1
9 10 603.1 1006.4 1
3 6 506.0 1116.9 1
3 7 941.4 1007.3 1
7 10 344.6 517.8 1
8 9 575.4 871.8 1
3 9 26.7 346.0 1
4 7 928.0 1127.5 1
4 6 346.3 509.0 1
6 10 351.9 773.3 1
1 3 953.5 1312.5 1
8 7 409.1 775.4 1
8 10 75.6 531.6 1
2 1 218.9 400.5 1
5 1 1018.5 1362.1 1
2 4 459.5 709.0 1
5 10 511.4 910.1 1
8 6 359.9 707.4 1
5 2 742.4 1084.0 1
6 2 136.4 483.1 1
5 4 740.5 1273.8 1
0 9 200.8 244.1 1
3 4 959.1 1553.0 1
0 2 461.7 1025.2 1
9 7 691.7 902.5 1
8 3 179.7 550.8 1
1 4 483.7 928.7 1
3 1 555.1 860.0 1
2 7 587.1 713.1 1
3 10 235.4 634.7 1
2 4 772.5 1259.1 1
5 8 760.9 825.4 1
8 1 536.4 608.2 1
2 3 721.6 1079.2 1
6 8 451.5 941.4 1
8 10 208.2 725.8 1
6 8 273.6 749.9 1
2 6 39.0 90.9 1
6 7 261.3 811.3 1
7 2 222.5 480.5 1
0 7 178.6 477.8 1
3 5 401.1 890.8 1
4 5 155.0 457.6 1
5 2 1030.1 1200.4 1
5 4 157.3 581.4 1
5 3 43.9 198.1 1
3 10 1103.3 1314.8 1
6 7 888.9 1056.4 1
2 9 948.7 1505.1 1
1 8 418.6 616.1 1
0 1 194.1 551.1 1
2 9 1068.9 1351.0 1
9 5 1007.8 1481.7 1
6 5 969.9 1256.4 1
3 7 715.2 868.4 1
7 1 702.4 1102.5 1
3 2 380.2 874.1 1
2 7 906.3 1420.0 1
1 8 689.0 822.8 1
1 10 908.0 1260.8 1
9 8 154.4 736.9 1
7 8 1113.1 1353.1 1
2 7 957.6 1056.8 1
6 1 1067.8 1432.5 1
7 3 913.8 1306.7 1
8 2 500.3 648.6 1
2 6 852.6 1327.3 1
8 6 954.1 1100.5 1
1 3 190.7 421.5 1
9 5 484.2 571.7 1
0 3 857.2 1457.2 1
5 10 716.5 772.2 1
7 3 337.1 430.7 1
5 10 479.0 606.0 1
6 2 845.1 1074.8 1
6 8 1010.5 1343.6 1
8 5 555.4 762.9 1
0 2 380.6 636.2 1
9 5 744.9 994.1 1
8 3 986.7 1110.2 1
4 9 488.8 698.1 1
4 9 910.0 1347.5 1
1 6 205.1 527.8 1
9 4 989.0 1266.9 1
9 6 528.6 925.7 1
0 2 674.8 1128.6 1
6 8 686.4 1008.3 1
6 2 828.3 1063.1 1
2 6 1123.0 1607.4 1
6 3 222.2 323.2 1
7 3 845.6 1245.2 1
3 9 482.9 877.6 1
6 10 1087.3 1509.4 1
3 2 528.0 845.1 1
9 1 54.0 333.1 1
6 9 941.5 1226.0 1
4 9 622.6 1059.7 1
3 9 485.4 582.9 1
8 5 917.8 1528.9 1
4 5 621.9 1127.0 1
0 4 1052.6 1337.7 1
5 8 245.4 293.1 1
9 10 523.2 645.9 1
0 2 1065.8 1533.2 1
1 3 137.3 709.9 1
4 2 132.9 716.0 1
4 3 91.8 634.3 1
0 1 218.6 700.2 1
9 3 86.0 526.4 1
5 6 847.7 1334.6 1
4 9 1078.3 1544.9 1
5 2 692.8 900.7 1
0 6 872.9 1043.2 1
1 9 382.7 773.3 1
9 3 269.4 696.5 1
4 10 1049.3 1366.9 1
2 7 544.8 697.2 1
5 1 218.5 550.6 1
3 10 1008.9 1333.8 1
3 6 922.0 1436.8 1
2 4 237.7 447.8 1
0 4 243.5 769.0 1
0 8 589.9 665.1 1
3 5 575.6 775.2 1
0 3 204.0 625.9 1
3 8 667.6 871.1 1
4 9 623.8 1231.7 1
3 10 607.5 664.2 1
6 3 547.7 1137.1 1
7 3 652.5 894.5 1
6 10 426.5 514.8 1
9 7 649.5 1227.7 1
0 6 961.7 1022.4 1
6 5 510.9 944.0 1
7 4 822.5 1020.9 1
EOF
