NUM_STATIONS: 10
NUM_REQUESTS: 80
NUM_VEHICLES: 1
VEHICLE_CAPACITY: 1
DISTANCES
0 1 7.9
1 2 8.1
2 3 2.5
3 4 7.9
4 5 2.3
5 6 7.4
6 7 8.2
7 8 1.4
8 9 7.4
9 0 3.5
REQUEST_SECTION
9 4 3250.8 3426.2 1
8 6 3537.6 4926.8 1
1 2 3099.5 6161.0 1
8 4 890.9 2922.1 1
2 7 3639.4 5413.2 1
1 8 1256.9 4311.5 1
5 7 715.0 4140.7 1
1 9 949.6 3744.1 1
1 4 2390.9 4356.2 1
4 6 666.5 4084.8 1
0 8 875.2 1961.1 1
7 6 2562.3 3542.7 1
7 6 1559.9 1726.6 1
4 10 1503.4 3635.6 1
8 2 4214.4 7318.9 1
1 4 2291.0 5039.2 1
2 8 894.6 3997.1 1
0 3 1962.3 3008.9 1
8 6 3136.6 6413.1 1
8 1 603.1 1412.0 1
9 8 256.9 2666.4 1
6 3 2386.0 5073.7 1
2 4 1468.7 3796.5 1
3 10 2454.0 2690.4 1
5 6 345.0 476.7 1
5 6 2740.2 5118.2 1
2 9 776.3 2188.0 1
6 8 2612.6 3242.2 1
9 10 1723.6 2456.7 1
5 8 2914.5 4035.8 1
0 5 3064.1 5874.8 1
2 4 936.4 3364.4 1
3 9 2156.8 2303.1 1
0 3 1326.0 3287.7 1
5 6 2742.8 3634.3 1
5 10 2389.1 2481.3 1
4 8 1287.5 3653.9 1
9 4 871.9 4246.4 1
1 9 4021.3 4627.4 1
0 9 1801.2 4631.6 1
6 3 3622.0 6187.0 1
0 1 4142.3 7395.3 1
8 1 441.3 2954.8 1
3 9 3099.5 4601.2 1
4 2 1736.6 2878.9 1
5 10 2420.0 5738.0 1
9 2 2442.0 4227.9 1
2 5 678.6 1040.4 1
3 4 2994.8 4245.2 1
3 1 3669.5 4060.0 1
3 2 4462.3 5664.0 1
4 3 4281.1 6047.3 1
1 4 322.7 3672.6 1
2 7 62.1 1883.2 1
1 9 74.5 901.8 1
0 6 3415.4 4884.3 1
5 2 56.6 247.2 1
8 2 1615.6 2272.8 1
8 4 4462.6 6149.7 1
2 4 2408.2 3704.8 1
6 8 2888.8 5618.4 1
2 9 330.5 2421.8 1
2 8 2878.6 5952.3 1
1 8 4034.9 5939.4 1
9 7 1202.2 3257.4 1
6 2 438.3 3305.0 1
2 8 1373.9 1658.1 1
0 4 496.9 3232.8 1
7 10 1830.8 4765.3 1
2 4 1750.0 3370.8 1
6 1 3508.6 6630.1 1
5 2 3386.6 5793.7 1
6 8 1922.1 2066.7 1
7 5 3911.2 6783.5 1
8 10 3447.1 4019.3 1
5 2 4150.8 7056.5 1
9 7 3786.3 6484.2 1
7 6 4443.0 5530.5 1
4 9 4481.1 4981.0 1
3 10 667.6 1317.6 1
EOF
