NUM_STATIONS: 10
NUM_REQUESTS: 40
NUM_VEHICLES: 2
VEHICLE_CAPACITY: 2
DISTANCES
0 1 2.8
1 2 2.9
2 3 8.4
3 4 7.3
4 5 6.1
5 6 1.6
6 7 8.4
7 8 7.7
8 9 3.2
9 0 1.5
REQUEST_SECTION
4 8 252.5 610.7 1
3 10 247.5 603.8 1
6 4 96.9 500.2 1
1 6 55.3 266.4 1
0 4 144.0 264.1 1
5 3 20.4 193.4 1
6 9 106.2 294.5 1
1 10 334.5 596.7 1
1 9 193.1 295.9 1
0 6 86.9 298.5 1
6 9 299.5 394.6 1
5 6 142.2 552.9 1
9 3 210.7 589.2 1
6 2 220.2 281.9 1
9 3 321.7 665.4 1
0 2 233.3 360.9 1
9 5 314.1 461.3 1
7 4 53.8 206.9 1
1 5 145.2 363.5 1
5 4 292.1 566.2 1
8 5 46.4 424.5 1
7 6 127.3 239.2 1
4 1 147.2 225.3 1
4 10 2.0 267.3 1
7 5 159.4 489.2 1
1 10 364.9 701.6 1
3 5 112.5 349.4 1
2 5 162.8 488.5 1
6 8 331.3 617.2 1
4 7 93.1 168.4 1
9 1 152.0 229.6 1
6 3 116.3 357.3 1
8 9 295.6 706.3 1
6 3 350.0 565.2 1
5 2 172.6 561.7 1
8 5 78.3 290.5 1
7 9 268.8 483.0 1
5 4 259.4 591.7 1
0 2 141.2 472.7 1
2 4 153.1 227.2 1
EOF
