NUM_STATIONS: 10
NUM_REQUESTS: 20
NUM_VEHICLES: 1
VEHICLE_CAPACITY: 4
DISTANCES
0 1 5.2
1 2 3.6
2 3 9.0
3 4 5.2
4 5 4.6
5 6 6.8
6 7 9.5
7 8 9.5
8 9 7.9
9 0 8.3
REQUEST_SECTION
3 5 168.3 320.5 1
5 3 178.1 324.8 1
0 4 21.9 205.9 1
0 7 38.6 185.4 1
0 5 143.1 368.4 1
3 5 123.3 297.1 1
2 7 3.4 206.7 1
4 5 228.8 441.1 1
7 10 135.1 262.7 1
4 5 47.3 151.0 1
9 5 168.6 377.2 1
5 8 97.9 239.6 1
0 8 228.5 404.0 1
4 5 0.5 195.8 1
1 9 85.1 209.7 1
7 8 40.2 122.7 1
1 3 245.7 345.1 1
1 8 91.0 269.5 1
6 3 164.7 375.4 1
6 7 18.6 128.3 1
EOF
