NUM_STATIONS: 10
NUM_REQUESTS: 160
NUM_VEHICLES: 2
VEHICLE_CAPACITY: 2
DISTANCES
0 1 3.3
1 2 8.6
2 3 9.8
3 4 4.8
4 5 3.7
5 6 5.0
6 7 1.8
7 8 2.0
8 9 1.3
9 0 2.7
REQUEST_SECTION
9 3 703.7 1172.1 1
8 4 1107.6 2173.8 1
4 8 509.4 1747.7 1
6 3 256.1 1149.4 1
8 2 413.2 636.1 1
7 2 1247.1 1403.6 1
8 1 1.5 920.4 1
6 4 307.3 1244.8 1
7 2 835.5 1101.4 1
2 6 1106.1 1525.5 1
3 7 279.7 539.1 1
8 4 622.0 1317.9 1
0 8 762.7 995.8 1
8 10 899.7 2174.8 1
8 2 319.7 670.5 1
4 2 19.2 1307.0 1
3 5 253.5 1510.9 1
5 7 1007.5 1533.5 1
3 7 898.7 1792.5 1
7 4 1007.0 1639.4 1
6 7 779.4 1173.9 1
3 7 714.2 1418.7 1
5 2 967.6 1773.8 1
4 7 255.3 451.7 1
3 5 392.7 1657.6 1
1 3 964.1 1772.9 1
9 10 606.3 1523.1 1
3 6 1062.4 2048.7 1
3 7 615.2 1709.3 1
7 10 854.2 1256.5 1
8 9 286.4 1326.5 1
3 9 296.9 638.3 1
4 7 643.7 1034.4 1
4 6 709.4 1372.0 1
6 10 293.9 717.4 1
1 3 1184.5 2275.3 1
8 7 705.7 1289.5 1
8 10 181.3 1275.9 1
2 1 312.8 593.6 1
5 1 571.5 1533.3 1
2 4 439.8 1617.6 1
5 10 360.4 1260.6 1
8 6 453.9 1160.0 1
5 2 748.5 1521.7 1
6 2 3.7 283.1 1
5 4 911.0 2062.6 1
0 9 1159.1 2119.6 1
3 4 887.1 1473.9 1
0 2 59.6 1124.1 1
9 7 1220.8 1279.7 1
8 3 698.4 1258.7 1
1 4 195.7 711.1 1
3 1 635.3 1702.2 1
2 7 425.0 1027.1 1
3 10 532.3 1701.1 1
2 4 1234.9 2284.1 1
5 8 145.6 396.4 1
8 1 161.7 1144.7 1
2 3 561.5 861.3 1
6 8 552.0 882.5 1
8 10 996.5 1891.7 1
6 8 1064.2 2357.4 1
2 6 957.8 2193.7 1
6 7 23.2 1247.3 1
7 2 1222.1 1797.0 1
0 7 699.5 1409.0 1
3 5 302.5 934.6 1
4 5 377.4 1584.4 1
5 2 409.1 482.3 1
5 4 656.8 1286.4 1
5 3 308.0 1631.5 1
3 10 17.2 1060.4 1
6 7 645.5 1181.6 1
2 9 954.3 1858.3 1
1 8 423.9 674.2 1
0 1 421.9 554.5 1
2 9 1207.3 1354.3 1
9 5 1026.9 1751.4 1
6 5 310.9 612.6 1
3 7 152.2 522.1 1
7 1 1112.5 1705.4 1
3 2 875.4 1189.8 1
2 7 1190.0 2320.9 1
1 8 574.9 1104.2 1
1 10 550.5 757.2 1
9 8 1091.4 1945.2 1
7 8 931.0 1977.2 1
2 7 188.4 633.4 1
6 1 1188.5 1943.3 1
7 3 474.5 543.8 1
8 2 860.6 1849.6 1
2 6 668.3 1522.9 1
8 6 216.2 1116.3 1
1 3 231.2 417.1 1
9 5 1171.8 1497.0 1
0 3 229.8 423.9 1
5 10 1247.4 1990.1 1
7 3 628.9 1898.4 1
5 10 347.1 1491.2 1
6 2 1278.9 2463.2 1
6 8 980.8 1721.2 1
8 5 378.4 888.4 1
0 2 1163.5 1681.3 1
9 5 242.5 483.3 1
8 3 421.7 571.2 1
4 9 30.8 1326.9 1
4 9 162.2 421.2 1
1 6 678.2 1481.9 1
9 4 854.2 973.6 1
9 6 397.0 1657.4 1
0 2 396.4 1181.4 1
6 8 857.1 1356.2 1
6 2 1257.4 2427.1 1
2 6 1127.9 1519.8 1
6 3 1222.2 2144.7 1
7 3 772.6 1709.9 1
3 9 1019.3 1203.7 1
6 10 739.2 1699.7 1
3 2 1092.5 2175.6 1
9 1 319.0 652.1 1
6 9 242.9 1296.4 1
4 9 650.7 1189.2 1
3 9 512.7 1332.3 1
8 5 199.9 1256.0 1
4 5 213.2 642.4 1
0 4 394.6 1631.4 1
5 8 18.1 1057.5 1
9 10 427.8 1715.2 1
0 2 170.5 1427.9 1
1 3 690.8 1169.6 1
4 2 881.8 1479.1 1
4 3 269.3 592.1 1
0 1 667.4 807.0 1
9 3 261.6 819.2 1
5 6 845.0 958.6 1
4 9 918.7 1743.7 1
5 2 663.9 1848.1 1
0 6 512.2 1527.5 1
1 9 283.3 456.2 1
9 3 627.0 947.5 1
4 10 1204.5 2326.7 1
2 7 97.5 912.8 1
5 1 826.1 1152.2 1
3 10 265.2 459.4 1
3 6 266.0 1176.9 1
2 4 1208.0 2525.4 1
0 4 285.7 464.3 1
0 8 58.8 135.1 1
3 5 609.2 768.8 1
0 3 605.1 1670.2 1
3 8 588.1 1870.0 1
4 9 334.8 1070.9 1
3 10 1094.2 1159.7 1
6 3 80.9 447.2 1
7 3 453.6 1291.2 1
6 10 1145.9 1220.4 1
9 7 1000.1 1729.2 1
0 6 382.8 637.3 1
6 5 1081.2 1412.1 1
7 4 769.9 962.1 1
EOF
