NUM_STATIONS: 10
NUM_REQUESTS: 80
NUM_VEHICLES: 2
VEHICLE_CAPACITY: 2
DISTANCES
0 1 9.9
1 2 5.8
2 3 2.8
3 4 4.2
4 5 8.2
5 6 9.6
6 7 7.3
7 8 4.0
8 9 8.9
9 0 4.1
REQUEST_SECTION
8 2 351.7 651.8 1
3 8 801.0 1301.5 1
0 4 454.2 782.8 1
4 8 787.8 1143.6 1
7 10 576.3 1192.4 1
4 1 129.6 533.3 1
1 9 659.0 1348.1 1
3 6 490.8 728.8 1
5 9 344.5 750.6 1
9 5 944.5 1283.9 1
1 7 254.0 648.8 1
7 3 708.6 1035.6 1
9 7 954.8 1065.4 1
1 6 565.8 1048.3 1
5 3 467.6 1149.0 1
0 4 245.2 482.1 1
7 1 912.5 1455.2 1
0 4 90.1 712.3 1
2 9 458.9 581.6 1
0 6 394.4 870.3 1
0 9 666.3 998.1 1
4 10 233.3 783.1 1
2 5 185.4 259.6 1
1 10 864.4 978.3 1
7 10 1008.3 1279.8 1
2 10 1234.5 1438.3 1
3 8 834.2 962.5 1
5 8 1061.1 1765.4 1
6 8 339.5 615.4 1
6 5 323.1 543.1 1
5 10 218.5 689.9 1
2 8 236.0 451.6 1
8 9 1190.7 1832.8 1
2 7 1042.6 1332.9 1
4 6 30.8 131.1 1
5 8 394.3 756.9 1
9 8 16.7 484.8 1
3 1 648.2 1173.0 1
3 4 264.7 905.9 1
2 6 270.0 972.0 1
4 9 538.9 915.1 1
7 5 1054.5 1676.7 1
6 4 295.9 476.4 1
7 3 1157.9 1436.7 1
5 10 1265.4 1710.5 1
3 8 455.8 551.9 1
9 6 125.9 620.8 1
5 1 1213.9 1542.8 1
8 4 63.5 559.3 1
0 5 701.2 906.6 1
5 10 488.5 883.5 1
7 5 311.9 554.0 1
6 10 194.6 330.3 1
6 1 538.5 983.8 1
2 6 520.2 1038.9 1
4 5 1165.9 1592.3 1
7 3 919.7 1426.0 1
0 4 715.7 1356.3 1
0 9 790.1 876.1 1
4 10 219.1 601.9 1
2 1 1259.8 1851.4 1
1 10 148.5 345.5 1
0 7 1295.3 1850.6 1
0 4 784.7 1217.3 1
2 6 22.1 449.5 1
6 8 47.0 404.5 1
7 9 917.5 1509.3 1
0 1 362.0 966.2 1
3 6 1184.1 1354.9 1
5 1 408.3 775.8 1
1 8 940.9 1476.3 1
7 5 203.7 777.6 1
3 2 1251.4 1475.4 1
2 5 570.0 1113.1 1
4 2 935.4 1065.8 1
7 10 753.4 1417.2 1
3 7 164.6 630.2 1
4 6 1224.8 1773.1 1
1 2 0.2 558.1 1
1 8 1142.6 1788.7 1
EOF
