NUM_STATIONS: 10
NUM_REQUESTS: 40
NUM_VEHICLES: 3
VEHICLE_CAPACITY: 1
DISTANCES
0 1 5.5
1 2 7.8
2 3 7.1
3 4 4.8
4 5 4.5
5 6 3.9
6 7 2.7
7 8 6.4
8 9 8.5
9 0 7.6
REQUEST_SECTION
8 7 55.2 167.6 1
8 6 161.3 538.0 1
7 5 136.8 258.3 1
5 10 496.6 750.6 1
6 9 613.0 892.7 1
3 4 8.3 352.9 1
4 2 497.9 753.4 1
5 3 219.3 650.3 1
5 10 23.3 358.8 1
2 9 681.9 933.9 1
2 8 493.4 816.8 1
0 7 216.2 448.9 1
4 5 4.7 350.8 1
3 9 762.2 1009.1 1
5 7 188.3 545.9 1
8 4 297.4 627.2 1
9 8 467.7 872.0 1
2 10 720.0 1144.1 1
4 7 459.3 852.3 1
4 10 744.3 1088.8 1
7 2 287.1 540.0 1
3 5 491.8 658.0 1
1 9 691.3 1099.3 1
9 8 322.2 591.3 1
5 1 514.9 838.0 1
5 3 275.8 350.6 1
5 8 476.7 595.2 1
5 6 641.3 814.8 1
0 1 660.8 944.7 1
5 2 644.7 882.8 1
5 3 631.5 819.1 1
1 10 459.7 618.1 1
2 4 538.2 716.9 1
8 3 413.1 719.0 1
5 7 403.5 568.2 1
1 10 239.0 400.7 1
5 1 645.5 889.6 1
2 6 69.9 269.3 1
7 5 245.8 429.0 1
8 7 548.4 947.3 1
EOF
