NUM_STATIONS: 10
NUM_REQUESTS: 80
NUM_VEHICLES: 3
VEHICLE_CAPACITY: 1
DISTANCES
0 1 2.4
1 2 8.8
2 3 9.2
3 4 4.4
4 5 2.3
5 6 10.0
6 7 6.1
7 8 3.9
8 9 6.9
9 0 4.1
REQUEST_SECTION
4 2 647.5 1681.0 1
1 6 1333.3 2152.8 1
9 8 98.1 1146.3 1
7 1 1183.0 2112.1 1
1 5 758.9 921.9 1
5 9 878.5 1586.0 1
1 5 75.9 708.6 1
5 6 1489.5 1548.6 1
2 8 821.5 1556.3 1
6 1 375.6 568.4 1
5 3 801.0 2007.9 1
2 7 1306.1 1497.8 1
5 9 569.4 813.3 1
0 2 543.1 1677.9 1
1 8 1094.4 1741.8 1
7 10 312.3 1255.8 1
1 3 1299.7 2256.3 1
5 3 1047.2 1973.7 1
2 5 1550.0 2680.6 1
4 8 567.6 779.5 1
2 4 1298.4 1724.8 1
4 2 1210.3 1416.8 1
7 10 56.3 652.1 1
5 6 337.3 1423.9 1
5 9 766.5 953.6 1
7 6 914.0 1741.0 1
1 5 1473.0 2691.6 1
1 2 520.9 1396.5 1
9 1 735.3 1948.1 1
3 7 144.4 1205.0 1
7 2 1132.0 2296.6 1
1 7 417.0 1051.5 1
3 8 624.4 730.7 1
1 5 283.2 1122.0 1
1 8 1106.3 2133.5 1
3 9 1437.6 1736.7 1
1 10 647.3 1782.7 1
7 2 938.2 1677.5 1
3 6 303.1 828.4 1
8 7 158.2 521.1 1
1 2 1308.7 2387.8 1
0 7 71.1 607.2 1
0 3 262.4 841.2 1
0 4 175.3 966.0 1
6 5 1544.2 1936.1 1
5 8 522.7 1326.3 1
1 10 291.7 588.2 1
5 6 891.5 1550.6 1
4 7 156.3 1292.9 1
8 9 1221.4 1816.4 1
5 8 550.1 1056.8 1
6 7 453.4 1305.8 1
0 8 546.2 1536.8 1
1 9 994.2 1494.0 1
0 5 672.6 1707.9 1
0 4 436.1 939.8 1
4 9 129.4 904.8 1
3 1 1020.8 1633.7 1
7 2 140.0 1177.4 1
5 8 1413.5 2556.9 1
2 10 108.1 1188.2 1
7 9 1277.0 1670.8 1
8 5 393.2 1613.1 1
5 6 274.3 1380.6 1
8 2 1478.8 2254.8 1
5 2 273.7 689.8 1
5 1 937.7 1910.8 1
8 7 140.5 1274.2 1
3 7 1233.5 2143.8 1
4 7 1195.3 1385.9 1
6 4 294.4 1179.4 1
9 7 315.6 550.0 1
9 3 1162.6 2347.6 1
9 5 1168.7 1374.6 1
9 10 247.2 410.7 1
8 10 386.9 801.2 1
9 6 1342.4 1994.0 1
3 9 891.3 2097.3 1
2 9 977.8 1581.8 1
2 4 1418.2 1919.9 1
EOF
