NUM_STATIONS: 10
NUM_REQUESTS: 160
NUM_VEHICLES: 2
VEHICLE_CAPACITY: 2
DISTANCES
0 1 6.3
1 2 7.7
2 3 3.8
3 4 4.5
4 5 9.5
5 6 2.1
6 7 8.1
7 8 3.8
8 9 3.5
9 0 1.8
REQUEST_SECTION
8 5 235.3 668.2 1
2 7 1585.3 1736.9 1
0 6 1729.7 1831.6 1
4 2 1667.4 2465.1 1
6 1 1680.2 1828.8 1
6 5 1986.4 2795.9 1
4 5 537.2 1203.0 1
1 7 440.5 1505.9 1
9 1 1573.3 2347.8 1
8 4 1603.3 1953.3 1
6 8 1691.6 2491.6 1
3 10 1879.5 2783.9 1
9 6 1249.6 1673.3 1
1 3 854.6 1061.3 1
9 1 554.5 1050.0 1
6 5 877.4 1280.0 1
1 10 698.5 1074.7 1
0 8 809.0 1774.8 1
7 10 891.7 1427.4 1
2 5 1100.0 2008.0 1
3 9 1793.8 2027.8 1
9 5 1630.5 2245.3 1
2 4 876.7 1909.4 1
0 5 1308.8 2353.3 1
6 5 1570.5 2430.0 1
1 3 1278.2 1854.4 1
7 5 1807.3 2409.1 1
0 4 313.1 825.5 1
2 10 48.7 855.7 1
1 10 586.2 715.1 1
4 1 744.9 1002.4 1
5 8 136.9 580.0 1
8 5 145.6 683.4 1
4 10 433.1 1088.2 1
6 3 1783.3 2585.0 1
6 5 1272.8 1581.6 1
1 7 1718.3 1844.8 1
3 1 1207.2 1523.2 1
0 3 1031.3 1880.7 1
3 2 234.2 808.5 1
7 4 1986.4 2655.9 1
6 4 485.4 1082.1 1
3 8 433.8 1031.5 1
7 2 1653.5 2536.0 1
8 3 292.7 498.0 1
8 2 1176.7 1393.1 1
2 3 1431.6 1538.1 1
0 1 10.8 930.6 1
5 8 1079.2 1560.5 1
2 7 1544.9 2451.1 1
8 4 917.8 1177.8 1
3 8 409.7 1308.3 1
2 5 782.2 849.9 1
4 1 1819.3 2374.7 1
6 4 1741.3 2023.0 1
4 5 816.0 1452.1 1
6 7 1527.2 1885.6 1
2 8 854.4 1118.6 1
8 10 1007.0 2000.4 1
9 8 1093.9 1386.1 1
9 3 576.7 1557.9 1
8 9 1209.1 2017.2 1
8 9 1089.8 1633.2 1
8 10 47.1 771.4 1
3 9 451.2 1402.0 1
2 8 190.8 949.5 1
7 3 486.9 1469.3 1
1 8 882.0 1278.4 1
9 1 930.0 1388.7 1
4 6 1571.4 1919.6 1
2 10 1258.5 1423.8 1
0 3 592.4 666.1 1
0 5 1515.6 1754.9 1
5 3 1015.9 1882.9 1
9 3 391.0 1013.7 1
9 4 16.6 1023.5 1
3 2 69.5 622.7 1
5 4 350.7 967.2 1
7 1 1831.5 2528.2 1
0 7 1899.1 2593.3 1
5 8 1912.9 2721.0 1
9 1 1669.2 2356.4 1
3 4 194.0 800.6 1
4 9 1041.2 1550.8 1
5 1 597.0 1436.1 1
5 2 1694.2 1839.5 1
2 1 1471.6 2456.6 1
8 2 1248.8 1946.5 1
0 8 1806.4 2591.5 1
3 1 685.4 1730.9 1
2 10 1128.6 2159.5 1
0 8 1909.4 2001.1 1
6 9 556.4 1138.6 1
3 8 1395.4 2205.6 1
4 2 1238.6 1604.3 1
7 4 1159.0 1709.7 1
9 1 1522.9 1618.0 1
7 8 112.7 673.0 1
4 7 1337.6 1840.2 1
8 5 1344.5 2151.7 1
8 7 834.6 1742.7 1
3 1 419.5 1231.8 1
6 3 1781.1 2613.7 1
5 9 450.7 590.4 1
3 7 787.1 1373.6 1
2 7 662.9 1538.5 1
2 7 1232.3 1582.7 1
9 10 115.3 756.8 1
0 8 313.0 1160.2 1
7 8 55.0 985.8 1
4 3 529.9 1569.6 1
6 7 1649.4 2589.5 1
1 6 2039.3 3094.6 1
5 1 946.8 1608.4 1
4 9 686.1 1354.7 1
3 8 270.9 1034.5 1
5 7 1226.4 1750.7 1
6 9 1147.5 1714.5 1
1 5 1140.5 1652.8 1
8 2 11.1 1050.9 1
9 10 1502.9 1937.9 1
5 7 791.3 1639.5 1
5 4 309.9 755.2 1
7 6 291.4 842.1 1
5 9 231.0 496.8 1
9 7 1292.8 2227.4 1
3 5 477.5 1272.7 1
5 9 1131.8 1502.9 1
7 8 669.1 1656.2 1
0 5 473.7 1141.9 1
6 3 686.6 1438.5 1
2 5 447.1 1224.6 1
9 8 1930.5 2657.3 1
1 10 196.0 279.4 1
4 6 98.8 575.5 1
4 9 1806.7 2644.9 1
6 7 1447.9 1709.3 1
8 1 1998.3 2846.1 1
7 2 1605.8 2393.5 1
8 7 2033.3 2714.7 1
6 8 1776.6 2754.3 1
1 6 947.9 1120.0 1
0 3 1406.8 1826.7 1
5 1 1514.7 1834.3 1
0 4 1318.9 1730.2 1
9 4 163.3 835.2 1
1 10 1297.7 2367.5 1
8 5 479.5 611.1 1
7 6 1637.4 2310.0 1
3 9 1092.4 1543.0 1
0 8 799.7 1627.5 1
2 9 1652.9 2615.5 1
9 8 732.4 887.8 1
1 9 171.0 324.0 1
1 8 1792.8 2291.3 1
0 5 917.2 1695.5 1
4 6 864.8 1042.5 1
7 5 27.9 477.6 1
9 6 1155.1 1505.7 1
8 5 687.3 810.9 1
EOF
