NUM_STATIONS: 10
NUM_REQUESTS: 160
NUM_VEHICLES: 2
VEHICLE_CAPACITY: 4
DISTANCES
0 1 3.3
1 2 8.6
2 3 9.8
3 4 4.8
4 5 3.7
5 6 5.0
6 7 1.8
7 8 2.0
8 9 1.3
9 0 2.7
REQUEST_SECTION
9 3 422.9 758.4 1
8 4 623.9 801.8 1
4 8 173.9 264.3 1
6 3 621.6 780.2 1
8 2 144.0 549.2 1
7 2 532.3 971.7 1
8 1 142.2 575.9 1
6 4 378.4 575.6 1
7 2 632.8 1010.1 1
2 6 270.1 660.0 1
3 7 30.3 342.7 1
8 4 623.7 786.4 1
0 8 33.0 99.2 1
8 10 232.9 349.2 1
8 2 632.5 678.6 1
4 2 322.7 783.5 1
3 5 151.9 298.7 1
5 7 557.0 834.4 1
3 7 573.1 639.6 1
7 4 264.7 307.7 1
6 7 111.7 407.8 1
3 7 490.4 855.7 1
5 2 272.8 536.0 1
4 7 226.2 594.2 1
3 5 355.2 527.2 1
1 3 411.7 645.0 1
9 10 214.9 668.7 1
3 6 67.5 279.5 1
3 7 310.7 541.3 1
7 10 77.0 253.9 1
8 9 576.8 842.0 1
3 9 266.3 432.5 1
4 7 631.9 874.9 1
4 6 157.5 584.9 1
6 10 299.4 437.7 1
1 3 606.5 729.3 1
8 7 381.0 601.2 1
8 10 4.1 61.2 1
2 1 89.4 550.0 1
5 1 230.4 684.8 1
2 4 71.5 392.5 1
5 10 630.6 1062.0 1
8 6 365.4 474.5 1
5 2 340.3 804.0 1
6 2 295.8 467.4 1
5 4 69.9 438.9 1
0 9 567.6 966.7 1
3 4 559.1 656.3 1
0 2 433.8 598.1 1
9 7 370.6 499.7 1
8 3 474.8 784.3 1
1 4 507.9 722.6 1
3 1 9.5 466.4 1
2 7 545.5 647.8 1
3 10 317.7 427.5 1
2 4 179.5 309.5 1
5 8 128.6 366.1 1
8 1 517.4 714.8 1
2 3 329.5 447.5 1
6 8 393.1 519.2 1
8 10 500.9 756.3 1
6 8 7.7 358.6 1
2 6 377.1 530.9 1
6 7 116.9 505.5 1
7 2 396.3 449.3 1
0 7 74.6 523.0 1
3 5 315.0 430.0 1
4 5 294.3 497.2 1
5 2 322.3 497.5 1
5 4 235.3 321.1 1
5 3 419.2 813.9 1
3 10 43.2 461.9 1
6 7 572.3 937.1 1
2 9 164.5 474.4 1
1 8 617.3 1040.9 1
0 1 641.8 828.6 1
2 9 495.2 661.5 1
9 5 188.7 250.2 1
6 5 440.2 491.1 1
3 7 604.8 990.6 1
7 1 414.7 640.0 1
3 2 575.9 739.8 1
2 7 340.0 674.5 1
1 8 472.1 938.2 1
1 10 417.2 847.7 1
9 8 264.5 565.4 1
7 8 517.6 836.4 1
2 7 613.5 885.2 1
6 1 505.5 969.3 1
7 3 166.0 281.8 1
8 2 474.3 547.2 1
2 6 398.6 814.7 1
8 6 189.3 379.5 1
1 3 128.1 277.0 1
9 5 569.6 713.8 1
0 3 15.7 373.0 1
5 10 83.5 398.5 1
7 3 471.9 519.4 1
5 10 447.6 870.5 1
6 2 443.8 609.5 1
6 8 375.4 686.6 1
8 5 399.3 865.5 1
0 2 114.3 244.1 1
9 5 294.6 713.5 1
8 3 14.3 483.6 1
4 9 333.2 432.6 1
4 9 450.9 664.0 1
1 6 440.8 663.5 1
9 4 476.9 836.0 1
9 6 485.2 743.3 1
0 2 597.9 1045.0 1
6 8 375.9 586.2 1
6 2 622.7 752.4 1
2 6 145.8 441.6 1
6 3 556.1 779.0 1
7 3 434.7 677.2 1
3 9 618.9 983.6 1
6 10 265.5 418.3 1
3 2 15.6 478.7 1
9 1 240.0 612.8 1
6 9 167.9 230.1 1
4 9 337.0 506.9 1
3 9 475.0 714.1 1
8 5 441.7 808.5 1
4 5 24.4 474.8 1
0 4 494.5 808.9 1
5 8 377.9 454.7 1
9 10 39.4 386.6 1
0 2 382.3 461.9 1
1 3 482.6 584.6 1
4 2 603.3 997.0 1
4 3 208.4 628.4 1
0 1 626.8 1082.1 1
9 3 632.9 701.7 1
5 6 405.2 607.1 1
4 9 499.4 640.5 1
5 2 450.6 831.7 1
0 6 350.2 438.9 1
1 9 494.8 856.3 1
9 3 255.4 646.6 1
4 10 407.7 823.8 1
2 7 534.2 630.9 1
5 1 424.7 675.5 1
3 10 109.4 490.4 1
3 6 622.5 942.6 1
2 4 300.5 525.0 1
0 4 547.5 817.2 1
0 8 351.6 411.7 1
3 5 219.4 412.9 1
0 3 203.9 551.4 1
3 8 202.8 532.3 1
4 9 18.7 245.1 1
3 10 45.2 215.9 1
6 3 404.7 731.7 1
7 3 478.4 801.5 1
6 10 558.6 892.3 1
9 7 333.4 714.9 1
0 6 200.1 292.5 1
6 5 631.1 1065.2 1
7 4 585.4 1005.0 1
EOF
