NUM_STATIONS: 10
NUM_REQUESTS: 40
NUM_VEHICLES: 3
VEHICLE_CAPACITY: 4
DISTANCES
0 1 5.8
1 2 5.9
2 3 5.5
3 4 4.6
4 5 6.6
5 6 8.5
6 7 2.2
7 8 4.0
8 9 2.7
9 0 5.9
REQUEST_SECTION
5 3 111.1 291.8 1
6 3 64.1 188.2 1
4 5 125.9 246.1 1
3 7 26.1 189.3 1
8 3 102.9 221.0 1
2 5 125.1 272.2 1
2 8 112.2 276.7 1
4 7 67.8 194.6 1
9 1 60.0 218.7 1
2 4 39.1 151.2 1
1 10 12.1 179.2 1
7 2 36.6 135.7 1
5 4 108.3 287.2 1
2 8 5.7 111.1 1
2 5 95.2 171.9 1
8 3 154.8 213.6 1
6 2 140.1 220.8 1
9 5 57.0 146.9 1
5 8 25.2 84.8 1
6 9 53.4 222.0 1
3 2 107.6 271.3 1
7 2 119.3 272.0 1
3 5 111.0 248.3 1
9 2 51.0 144.7 1
9 5 166.4 323.5 1
5 3 98.1 155.4 1
5 9 169.9 332.5 1
1 9 42.8 123.1 1
0 4 151.3 291.7 1
3 5 155.4 323.4 1
8 7 133.2 268.3 1
3 4 134.3 310.7 1
7 2 107.4 231.3 1
9 8 148.3 279.3 1
4 6 157.7 237.6 1
2 3 89.7 270.0 1
2 9 152.9 250.8 1
3 1 121.8 211.4 1
4 2 68.9 206.8 1
3 8 8.2 65.0 1
EOF
