NUM_STATIONS: 10
NUM_REQUESTS: 20
NUM_VEHICLES: 3
VEHICLE_CAPACITY: 2
DISTANCES
0 1 5.2
1 2 3.6
2 3 9.0
3 4 5.2
4 5 4.6
5 6 6.8
6 7 9.5
7 8 9.5
8 9 7.9
9 0 8.3
REQUEST_SECTION
3 5 103.0 343.7 1
5 3 84.7 308.4 1
0 4 110.3 187.3 1
0 7 156.2 305.6 1
0 5 136.0 231.6 1
3 5 82.7 220.0 1
2 7 163.4 234.6 1
4 5 61.9 305.5 1
7 10 77.9 177.6 1
4 5 114.0 209.5 1
9 5 106.4 280.4 1
5 8 67.6 241.8 1
0 8 35.4 148.5 1
4 5 58.0 225.1 1
1 9 88.5 173.8 1
7 8 108.6 179.9 1
1 3 159.4 305.3 1
1 8 62.0 136.2 1
6 3 104.9 180.8 1
6 7 170.7 366.1 1
EOF
