NUM_STATIONS: 10
NUM_REQUESTS: 160
NUM_VEHICLES: 2
VEHICLE_CAPACITY: 4
DISTANCES
0 1 3.6
1 2 7.3
2 3 7.4
3 4 1.6
4 5 9.1
5 6 1.1
6 7 5.1
7 8 5.3
8 9 9.0
9 0 2.6
REQUEST_SECTION
0 6 402.8 825.2 1
6 7 381.3 677.7 1
7 6 100.2 634.7 1
0 1 319.6 823.5 1
4 3 6.4 585.8 1
6 10 767.4 913.7 1
5 2 113.9 425.7 1
1 3 519.1 951.2 1
0 6 494.9 1071.6 1
6 1 519.6 759.8 1
4 5 546.2 1122.4 1
6 2 399.4 1132.9 1
3 4 146.1 522.9 1
3 4 462.8 1130.0 1
7 9 495.6 940.8 1
9 3 38.6 297.1 1
9 7 451.5 1044.2 1
4 8 746.5 1250.4 1
3 7 236.4 548.7 1
2 3 96.6 226.4 1
0 7 496.1 1026.0 1
1 5 443.7 1029.9 1
8 2 743.5 878.6 1
5 3 679.1 774.0 1
5 9 61.0 700.5 1
1 6 384.3 882.6 1
1 6 179.2 744.7 1
4 2 299.0 371.2 1
5 3 472.0 1229.9 1
4 7 597.0 1354.2 1
6 5 671.8 1321.2 1
3 7 425.4 1045.5 1
5 3 57.0 460.1 1
4 9 202.7 983.9 1
2 6 293.5 1014.6 1
8 4 720.0 1479.0 1
0 3 679.6 1026.2 1
8 9 541.4 1027.7 1
9 5 34.9 333.8 1
5 7 645.8 850.1 1
1 5 255.7 1009.4 1
6 8 556.4 1359.7 1
3 8 683.8 1075.8 1
8 5 388.4 909.8 1
3 10 267.9 866.6 1
8 7 117.7 883.2 1
9 4 586.0 1393.8 1
6 2 308.5 805.5 1
9 7 46.0 752.5 1
0 8 306.9 881.0 1
3 9 561.7 863.5 1
7 10 490.9 1117.9 1
7 3 556.4 783.6 1
4 1 663.2 1113.5 1
1 3 293.9 648.7 1
4 9 392.7 644.4 1
6 7 447.7 1104.9 1
3 9 448.9 1209.2 1
1 5 304.3 1118.3 1
9 7 157.2 829.3 1
4 8 35.6 193.7 1
7 10 12.3 291.0 1
2 9 106.1 834.9 1
8 1 457.8 586.3 1
1 7 681.3 807.7 1
8 5 680.2 1111.2 1
7 3 375.9 837.9 1
3 5 87.0 335.8 1
0 5 346.5 838.5 1
9 4 44.3 660.6 1
5 8 518.4 887.3 1
9 8 701.8 1141.5 1
6 9 225.8 436.8 1
8 1 675.3 968.2 1
6 7 250.1 1001.9 1
6 1 687.5 1297.9 1
3 5 497.4 1099.3 1
4 7 116.1 886.6 1
6 3 496.6 1232.5 1
4 5 99.2 563.3 1
0 1 93.7 638.9 1
8 5 576.2 1011.1 1
3 4 467.6 1239.0 1
2 6 210.9 276.4 1
9 4 490.4 1290.1 1
6 8 688.9 1345.6 1
6 2 318.8 456.2 1
7 2 27.2 140.1 1
1 8 183.8 366.4 1
9 5 697.6 1124.9 1
6 2 774.7 1199.5 1
1 5 733.7 1082.3 1
5 4 243.7 325.3 1
8 10 681.5 793.6 1
3 6 497.8 596.5 1
5 2 51.5 863.4 1
6 3 555.6 1386.8 1
4 6 449.2 652.3 1
5 7 612.6 1143.0 1
2 3 21.1 466.1 1
4 9 80.9 228.2 1
4 1 313.0 875.4 1
5 6 702.3 1458.1 1
5 10 768.3 879.0 1
8 9 351.5 1029.4 1
3 5 394.0 550.2 1
3 8 392.1 958.7 1
7 8 642.7 1252.6 1
4 8 437.8 1230.1 1
1 6 24.6 438.9 1
3 9 247.2 416.9 1
0 8 374.0 780.2 1
0 5 639.0 1398.6 1
1 8 386.0 841.4 1
3 6 415.2 753.2 1
7 1 269.0 382.3 1
7 1 783.6 1574.6 1
4 1 185.6 828.7 1
1 2 152.0 849.4 1
8 5 644.0 1059.1 1
6 4 195.7 552.5 1
3 6 59.8 418.3 1
2 8 581.1 654.5 1
6 1 2.2 477.7 1
6 10 111.3 457.6 1
0 2 15.0 200.4 1
0 1 494.5 958.3 1
3 9 366.0 1126.5 1
2 8 704.7 932.6 1
4 5 105.5 767.9 1
1 5 92.3 616.0 1
4 2 162.2 237.4 1
1 3 564.2 968.6 1
1 3 424.1 1166.7 1
6 1 116.3 634.3 1
8 9 534.4 684.4 1
7 6 187.2 541.8 1
1 7 406.3 1070.5 1
6 1 296.7 1004.6 1
4 6 776.3 1297.8 1
3 9 84.5 484.1 1
2 9 586.0 1191.1 1
6 9 249.8 475.7 1
2 4 135.8 313.7 1
9 6 550.0 1374.5 1
1 6 527.9 1140.5 1
3 2 473.3 836.6 1
4 1 501.2 979.2 1
8 9 745.2 1450.1 1
4 3 778.2 1017.7 1
7 5 303.5 808.1 1
3 5 559.9 1278.6 1
6 7 233.8 594.2 1
9 5 209.4 446.3 1
6 5 674.6 1501.8 1
3 8 249.3 715.5 1
4 9 614.2 992.0 1
4 10 519.7 1338.4 1
6 8 704.1 1488.3 1
3 1 600.2 1409.2 1
EOF
