NUM_STATIONS: 10
NUM_REQUESTS: 160
NUM_VEHICLES: 2
VEHICLE_CAPACITY: 2
DISTANCES
0 1 6.3
1 2 7.7
2 3 3.8
3 4 4.5
4 5 9.5
5 6 2.1
6 7 8.1
7 8 3.8
8 9 3.5
9 0 1.8
REQUEST_SECTION
8 5 1136.6 1707.0 1
2 7 1195.1 1363.4 1
0 6 1347.6 1762.7 1
4 2 1272.1 2308.1 1
6 1 248.9 358.4 1
6 5 1069.6 2029.6 1
4 5 868.0 1396.1 1
1 7 1016.3 2001.2 1
9 1 1500.5 1696.7 1
8 4 33.4 214.7 1
6 8 1352.9 2109.3 1
3 10 767.2 1580.6 1
9 6 542.2 812.5 1
1 3 778.3 1284.6 1
9 1 816.0 2019.2 1
6 5 938.5 1110.6 1
1 10 341.9 1322.6 1
0 8 262.9 824.5 1
7 10 1181.4 2332.0 1
2 5 771.4 1660.0 1
3 9 1356.9 2868.6 1
9 5 796.2 2285.1 1
2 4 848.7 2306.2 1
0 5 326.9 1318.5 1
6 5 1085.2 2014.4 1
1 3 1406.7 2088.6 1
7 5 1231.2 1490.3 1
0 4 1137.5 1548.6 1
2 10 1465.1 1948.1 1
1 10 121.2 383.0 1
4 1 1234.4 1576.8 1
5 8 926.0 2437.4 1
8 5 1152.2 1894.3 1
4 10 1029.1 2227.1 1
6 3 1114.4 1748.5 1
6 5 764.6 2156.7 1
1 7 240.0 1457.6 1
3 1 99.7 1547.4 1
0 3 402.2 1298.4 1
3 2 176.6 637.0 1
7 4 575.7 1518.9 1
6 4 286.3 1463.8 1
3 8 613.2 1867.0 1
7 2 85.6 1325.8 1
8 3 144.4 1687.6 1
8 2 788.7 2075.1 1
2 3 492.4 1640.1 1
0 1 1360.8 1843.4 1
5 8 1425.1 1964.9 1
2 7 289.6 1643.5 1
8 4 637.4 1414.1 1
3 8 493.8 1102.6 1
2 5 31.3 960.6 1
4 1 381.9 458.5 1
6 4 657.8 1090.5 1
4 5 776.9 1448.7 1
6 7 1107.2 1384.6 1
2 8 1531.1 2786.8 1
8 10 1118.8 1913.7 1
9 8 705.6 1231.1 1
9 3 694.5 1373.3 1
8 9 760.8 1595.9 1
8 9 1082.9 2199.4 1
8 10 946.9 2304.0 1
3 9 979.8 2278.3 1
2 8 247.4 1175.6 1
7 3 436.9 1869.2 1
1 8 780.3 1831.9 1
9 1 1232.2 2289.1 1
4 6 795.1 1096.3 1
2 10 878.6 2007.8 1
0 3 855.2 2086.7 1
0 5 1183.3 1924.9 1
5 3 94.7 1220.9 1
9 3 970.2 2505.9 1
9 4 14.7 1488.3 1
3 2 3.8 1486.0 1
5 4 362.4 1740.9 1
7 1 570.5 852.4 1
0 7 1498.6 2104.7 1
5 8 66.6 1185.9 1
9 1 856.6 1298.1 1
3 4 864.9 1262.1 1
4 9 962.2 1457.5 1
5 1 180.9 899.4 1
5 2 1305.3 2380.5 1
2 1 1524.3 1982.9 1
8 2 718.7 788.8 1
0 8 1269.3 2591.7 1
3 1 931.6 1021.2 1
2 10 1117.5 2126.5 1
0 8 1202.9 2225.1 1
6 9 1516.6 1645.0 1
3 8 732.0 2147.5 1
4 2 778.3 1991.7 1
7 4 284.0 966.4 1
9 1 897.5 2302.6 1
7 8 1353.4 2390.2 1
4 7 406.8 1473.0 1
8 5 425.2 1591.0 1
8 7 1302.6 2105.3 1
3 1 1160.8 1603.7 1
6 3 1187.9 2680.9 1
5 9 722.0 1822.0 1
3 7 730.3 1975.7 1
2 7 622.2 1753.2 1
2 7 644.4 1459.7 1
9 10 1383.0 1942.6 1
0 8 1451.4 2139.8 1
7 8 758.8 826.2 1
4 3 132.1 1492.3 1
6 7 744.6 1577.2 1
1 6 1521.4 2257.3 1
5 1 256.2 1672.6 1
4 9 275.7 458.5 1
3 8 134.1 685.1 1
5 7 265.5 1171.6 1
6 9 423.2 556.4 1
1 5 1190.2 1843.1 1
8 2 1267.9 1701.4 1
9 10 892.8 2400.0 1
5 7 1154.3 1355.6 1
5 4 1362.1 1859.7 1
7 6 778.3 2108.3 1
5 9 1051.2 2398.2 1
9 7 145.5 285.4 1
3 5 1316.5 2024.3 1
5 9 244.3 404.3 1
7 8 417.8 1411.0 1
0 5 1490.8 2395.6 1
6 3 1349.9 1438.9 1
2 5 1101.8 1691.2 1
9 8 824.9 1689.6 1
1 10 1499.0 2465.2 1
4 6 985.8 2474.4 1
4 9 1275.5 1440.2 1
6 7 451.9 732.3 1
8 1 735.2 2265.1 1
7 2 153.1 756.4 1
8 7 1190.8 2563.1 1
6 8 458.4 987.0 1
1 6 939.9 1406.7 1
0 3 556.0 802.4 1
5 1 788.7 1475.4 1
0 4 1090.8 2326.1 1
9 4 608.8 1588.6 1
1 10 1110.0 2179.4 1
8 5 1326.2 2870.7 1
7 6 1041.7 1795.2 1
3 9 1483.0 2804.0 1
0 8 1225.7 2124.5 1
2 9 1243.2 1955.6 1
9 8 64.3 635.8 1
1 9 1448.4 2228.9 1
1 8 1221.4 2375.2 1
0 5 1408.5 1520.6 1
4 6 246.3 1736.7 1
7 5 1409.0 1913.4 1
9 6 1396.6 1836.6 1
8 5 1368.9 2597.6 1
EOF
