NUM_STATIONS: 10
NUM_REQUESTS: 80
NUM_VEHICLES: 1
VEHICLE_CAPACITY: 4
DISTANCES
0 1 9.9
1 2 5.8
2 3 2.8
3 4 4.2
4 5 8.2
5 6 9.6
6 7 7.3
7 8 4.0
8 9 8.9
9 0 4.1
REQUEST_SECTION
8 2 1242.3 1686.2 1
3 8 270.2 445.6 1
0 4 865.1 1545.7 1
4 8 98.8 728.7 1
7 10 611.4 1024.9 1
4 1 288.7 1267.1 1
1 9 918.4 1597.1 1
3 6 959.3 1575.1 1
5 9 1004.1 1212.0 1
9 5 454.4 836.0 1
1 7 613.1 1493.4 1
7 3 982.3 1206.3 1
9 7 424.2 1016.5 1
1 6 919.0 1478.9 1
5 3 674.7 1534.7 1
0 4 940.7 1720.6 1
7 1 802.3 1241.2 1
0 4 1123.7 1659.7 1
2 9 956.8 1283.2 1
0 6 584.9 769.4 1
0 9 388.5 590.5 1
4 10 190.2 363.9 1
2 5 61.3 1013.6 1
1 10 413.8 1036.6 1
7 10 599.1 754.7 1
2 10 72.4 953.8 1
3 8 316.5 1336.7 1
5 8 1010.5 1325.4 1
6 8 31.9 246.6 1
6 5 1074.8 1180.0 1
5 10 1225.1 1644.2 1
2 8 1240.1 1733.5 1
8 9 339.3 704.8 1
2 7 132.0 203.4 1
4 6 870.4 1275.6 1
5 8 508.4 830.0 1
9 8 568.9 1298.4 1
3 1 944.4 1518.0 1
3 4 82.8 156.0 1
2 6 1182.8 1399.8 1
4 9 761.9 1051.0 1
7 5 888.5 1052.7 1
6 4 272.6 530.8 1
7 3 781.5 1691.9 1
5 10 516.9 635.6 1
3 8 178.2 1056.4 1
9 6 126.1 376.2 1
5 1 1215.4 1407.2 1
8 4 314.4 719.2 1
0 5 793.5 1691.7 1
5 10 259.8 1224.8 1
7 5 2.9 987.2 1
6 10 405.5 1402.7 1
6 1 375.6 871.5 1
2 6 241.0 1169.9 1
4 5 1136.2 1672.9 1
7 3 1161.9 1783.8 1
0 4 574.9 1362.8 1
0 9 967.9 1635.0 1
4 10 124.2 814.0 1
2 1 990.1 1589.4 1
1 10 1271.1 1447.4 1
0 7 716.4 1596.9 1
0 4 380.9 618.2 1
2 6 904.3 1306.9 1
6 8 151.0 320.3 1
7 9 443.7 700.5 1
0 1 1191.4 1754.2 1
3 6 166.3 811.7 1
5 1 246.5 362.4 1
1 8 159.2 871.5 1
7 5 133.5 326.1 1
3 2 1183.8 2016.4 1
2 5 742.1 1089.2 1
4 2 655.3 1229.7 1
7 10 857.3 1534.6 1
3 7 278.1 920.5 1
4 6 939.3 1017.6 1
1 2 203.5 270.1 1
1 8 240.6 653.4 1
EOF
