NUM_STATIONS: 10
NUM_REQUESTS: 160
NUM_VEHICLES: 1
VEHICLE_CAPACITY: 4
DISTANCES
0 1 3.3
1 2 8.6
2 3 9.8
3 4 4.8
4 5 3.7
5 6 5.0
6 7 1.8
7 8 2.0
8 9 1.3
9 0 2.7
REQUEST_SECTION
9 3 1591.1 2292.3 1
8 4 856.8 2015.9 1
4 8 1073.7 1987.7 1
6 3 509.4 1037.9 1
8 2 85.2 911.6 1
7 2 1293.9 2213.8 1
8 1 1335.0 1946.3 1
6 4 559.1 1064.6 1
7 2 1353.3 2223.2 1
2 6 1607.2 1813.9 1
3 7 1579.0 1897.9 1
8 4 896.6 2078.7 1
0 8 1498.5 1972.2 1
8 10 346.1 1410.4 1
8 2 214.4 565.6 1
4 2 1340.7 1883.7 1
3 5 1149.6 1966.4 1
5 7 1255.9 1685.0 1
3 7 31.3 346.4 1
7 4 474.3 1272.5 1
6 7 517.5 843.7 1
3 7 1324.4 1651.8 1
5 2 1653.0 2653.8 1
4 7 66.4 1069.1 1
3 5 1515.6 1695.6 1
1 3 1303.8 2201.8 1
9 10 625.7 1280.2 1
3 6 1145.4 1899.6 1
3 7 1532.3 1871.8 1
7 10 1035.2 1672.0 1
8 9 135.0 1178.8 1
3 9 286.4 1126.6 1
4 7 1117.0 1352.8 1
4 6 124.2 1423.7 1
6 10 1674.4 1872.6 1
1 3 1525.0 2359.8 1
8 7 1605.0 1865.7 1
8 10 542.9 1304.6 1
2 1 1064.9 1145.0 1
5 1 1085.7 1152.8 1
2 4 1245.1 1450.9 1
5 10 883.7 1694.3 1
8 6 101.4 1031.9 1
5 2 1435.8 2112.3 1
6 2 102.0 1175.9 1
5 4 1102.4 1429.2 1
0 9 1288.0 1558.8 1
3 4 1579.6 2775.5 1
0 2 37.2 1308.1 1
9 7 624.6 1452.8 1
8 3 1075.3 1488.3 1
1 4 1265.6 2478.5 1
3 1 1477.0 2784.3 1
2 7 92.1 1349.3 1
3 10 435.9 512.7 1
2 4 271.1 681.7 1
5 8 396.6 706.9 1
8 1 1610.1 2887.0 1
2 3 242.4 1178.6 1
6 8 1325.2 2307.1 1
8 10 928.9 1975.7 1
6 8 646.7 879.2 1
2 6 283.9 1125.6 1
6 7 1259.0 1828.7 1
7 2 788.5 1124.3 1
0 7 407.7 1176.8 1
3 5 209.3 898.2 1
4 5 1206.6 1345.8 1
5 2 884.5 1697.0 1
5 4 739.9 1147.0 1
5 3 684.3 1214.2 1
3 10 1608.2 2701.1 1
6 7 1447.2 1825.8 1
2 9 946.4 1565.3 1
1 8 1338.3 1679.3 1
0 1 852.5 1472.0 1
2 9 81.6 515.9 1
9 5 1105.0 2399.9 1
6 5 636.6 945.6 1
3 7 982.3 1672.3 1
7 1 309.4 1096.1 1
3 2 174.9 1324.7 1
2 7 1105.3 1740.3 1
1 8 1627.6 2786.3 1
1 10 1488.7 1986.1 1
9 8 1167.4 1383.1 1
7 8 1069.9 1927.4 1
2 7 1001.8 1091.8 1
6 1 934.1 1751.3 1
7 3 1119.0 1689.3 1
8 2 307.5 1569.8 1
2 6 538.1 1846.3 1
8 6 1388.6 2606.8 1
1 3 114.9 275.4 1
9 5 776.3 2017.6 1
0 3 1176.4 2093.9 1
5 10 1585.5 1666.1 1
7 3 252.5 525.0 1
5 10 708.6 1732.6 1
6 2 1577.5 1888.2 1
6 8 723.1 2043.5 1
8 5 1393.3 2355.4 1
0 2 905.7 1263.5 1
9 5 1688.3 2404.2 1
8 3 1441.3 2711.6 1
4 9 554.5 1693.6 1
4 9 971.8 1531.5 1
1 6 1384.2 2498.3 1
9 4 1025.8 1790.7 1
9 6 76.6 816.8 1
0 2 899.0 1849.0 1
6 8 1037.3 1850.9 1
6 2 1662.2 1711.0 1
2 6 592.5 1727.8 1
6 3 1155.0 2379.2 1
7 3 586.9 843.9 1
3 9 355.5 1264.6 1
6 10 1061.9 2260.9 1
3 2 1270.8 2047.6 1
9 1 536.0 599.4 1
6 9 1325.4 1945.0 1
4 9 730.1 1337.2 1
3 9 356.4 466.5 1
8 5 1449.7 2322.5 1
4 5 1216.0 2031.7 1
0 4 1303.0 1384.9 1
5 8 1254.4 1733.4 1
9 10 242.6 382.8 1
0 2 207.1 683.1 1
1 3 772.3 1929.4 1
4 2 1209.1 1692.6 1
4 3 380.3 1671.7 1
0 1 1351.5 2616.9 1
9 3 1155.1 1477.4 1
5 6 1585.2 2756.9 1
4 9 31.8 595.7 1
5 2 1565.1 2401.9 1
0 6 1035.8 1703.7 1
1 9 677.5 1062.8 1
9 3 987.4 1323.9 1
4 10 1667.0 2731.8 1
2 7 307.9 1521.7 1
5 1 433.1 1184.7 1
3 10 664.2 808.7 1
3 6 1222.3 1606.7 1
2 4 1706.9 2875.5 1
0 4 1401.4 1899.2 1
0 8 1451.4 1506.8 1
3 5 448.6 1508.7 1
0 3 568.2 1707.4 1
3 8 1322.7 1801.9 1
4 9 1432.2 2428.0 1
3 10 623.9 1186.7 1
6 3 487.0 1776.2 1
7 3 780.0 1232.3 1
6 10 731.9 1473.9 1
9 7 1283.9 1727.9 1
0 6 80.2 380.7 1
6 5 504.1 1790.7 1
7 4 1230.4 2220.0 1
EOF
