NUM_STATIONS: 10
NUM_REQUESTS: 40
NUM_VEHICLES: 2
VEHICLE_CAPACITY: 1
DISTANCES
0 1 5.8
1 2 5.9
2 3 5.5
3 4 4.6
4 5 6.6
5 6 8.5
6 7 2.2
7 8 4.0
8 9 2.7
9 0 5.9
REQUEST_SECTION
5 3 568.5 884.8 1
6 3 285.5 1079.8 1
4 5 7.8 361.9 1
3 7 111.6 314.7 1
8 3 477.4 985.6 1
2 5 453.1 890.7 1
2 8 484.5 875.9 1
4 7 407.4 1118.9 1
9 1 83.9 245.9 1
2 4 468.2 591.4 1
1 10 628.0 836.6 1
7 2 470.0 904.0 1
5 4 401.5 1182.5 1
2 8 14.3 636.1 1
2 5 210.7 641.5 1
8 3 146.6 232.7 1
6 2 62.3 322.3 1
9 5 8.4 659.0 1
5 8 227.4 665.3 1
6 9 404.9 624.0 1
3 2 223.8 862.9 1
7 2 267.3 1041.5 1
3 5 488.6 648.2 1
9 2 271.9 600.0 1
9 5 273.6 339.0 1
5 3 370.4 1187.1 1
5 9 410.6 1215.7 1
1 9 70.6 837.7 1
0 4 604.9 1345.3 1
3 5 619.0 701.9 1
8 7 677.5 1329.7 1
3 4 102.6 603.3 1
7 2 65.2 365.8 1
9 8 768.2 1156.7 1
4 6 350.0 970.6 1
2 3 203.8 967.2 1
2 9 475.4 1208.6 1
3 1 405.1 679.9 1
4 2 271.4 525.5 1
3 8 170.5 850.2 1
EOF
