NUM_STATIONS: 10
NUM_REQUESTS: 80
NUM_VEHICLES: 3
VEHICLE_CAPACITY: 1
DISTANCES
0 1 2.4
1 2 8.8
2 3 9.2
3 4 4.4
4 5 2.3
5 6 10.0
6 7 6.1
7 8 3.9
8 9 6.9
9 0 4.1
REQUEST_SECTION
4 2 474.9 1292.8 1
1 6 283.8 832.6 1
9 8 82.0 912.2 1
7 1 993.8 1694.7 1
1 5 460.1 750.3 1
5 9 63.2 162.9 1
1 5 897.1 1299.9 1
5 6 617.5 1220.6 1
2 8 169.4 760.1 1
6 1 833.5 1185.0 1
5 3 591.4 777.9 1
2 7 430.2 1090.6 1
5 9 416.3 572.5 1
0 2 36.5 825.3 1
1 8 71.1 491.1 1
7 10 598.1 984.2 1
1 3 596.7 952.2 1
5 3 95.8 431.9 1
2 5 1162.6 1536.6 1
4 8 554.8 634.8 1
2 4 783.4 1308.1 1
4 2 514.3 1268.3 1
7 10 637.0 856.9 1
5 6 1059.6 1648.8 1
5 9 477.2 943.0 1
7 6 587.0 1025.2 1
1 5 666.4 948.5 1
1 2 585.4 1036.8 1
9 1 991.9 1321.1 1
3 7 1096.4 1431.6 1
7 2 812.4 1586.3 1
1 7 1157.3 1659.8 1
3 8 1005.8 1210.2 1
1 5 335.9 598.1 1
1 8 629.9 1097.8 1
3 9 378.2 816.5 1
1 10 401.7 597.3 1
7 2 749.1 1113.0 1
3 6 89.7 593.6 1
8 7 1048.3 1562.7 1
1 2 761.9 968.8 1
0 7 591.1 1319.3 1
0 3 146.6 297.5 1
0 4 1154.9 1781.9 1
6 5 192.7 404.5 1
5 8 858.2 1568.4 1
1 10 1126.3 1934.8 1
5 6 292.4 949.6 1
4 7 1090.2 1321.9 1
8 9 730.8 1023.2 1
5 8 93.9 506.1 1
6 7 413.2 933.6 1
0 8 602.1 1402.2 1
1 9 139.8 518.9 1
0 5 1.9 732.7 1
0 4 905.4 1609.7 1
4 9 1011.2 1819.2 1
3 1 154.0 626.0 1
7 2 369.6 783.6 1
5 8 797.2 983.7 1
2 10 487.8 976.1 1
7 9 20.8 730.6 1
8 5 905.2 1062.8 1
5 6 1106.3 1373.5 1
8 2 274.4 505.6 1
5 2 170.6 684.1 1
5 1 619.5 1217.5 1
8 7 354.5 709.7 1
3 7 382.1 1041.7 1
4 7 712.3 1531.7 1
6 4 574.9 1266.7 1
9 7 698.1 1141.0 1
9 3 85.9 173.9 1
9 5 74.8 667.0 1
9 10 964.1 1420.7 1
8 10 243.2 431.8 1
9 6 892.4 1112.6 1
3 9 773.6 1575.8 1
2 9 659.5 980.3 1
2 4 630.8 1440.3 1
EOF
