NUM_STATIONS: 10
NUM_REQUESTS: 160
NUM_VEHICLES: 1
VEHICLE_CAPACITY: 2
DISTANCES
0 1 3.6
1 2 7.3
2 3 7.4
3 4 1.6
4 5 9.1
5 6 1.1
6 7 5.1
7 8 5.3
8 9 9.0
9 0 2.6
REQUEST_SECTION
0 6 304.7 1344.2 1
6 7 1469.8 3011.3 1
7 6 3107.1 4210.2 1
0 1 947.0 1561.5 1
4 3 2071.3 4097.9 1
6 10 664.4 864.4 1
5 2 2984.9 3262.5 1
1 3 714.7 2115.2 1
0 6 2933.5 3659.8 1
6 1 747.8 1216.8 1
4 5 2717.4 4200.6 1
6 2 2724.5 4063.8 1
3 4 1042.2 1593.2 1
3 4 196.5 927.7 1
7 9 2342.2 2648.8 1
9 3 2440.7 4273.1 1
9 7 2650.6 4167.0 1
4 8 2186.8 2873.8 1
3 7 1061.5 1602.5 1
2 3 1135.8 2426.3 1
0 7 1198.9 1448.8 1
1 5 2010.3 3439.9 1
8 2 47.3 257.4 1
5 3 2913.0 4001.8 1
5 9 705.2 2465.8 1
1 6 3113.2 3663.8 1
1 6 2502.8 4403.5 1
4 2 2710.8 2992.9 1
5 3 1907.0 3057.6 1
4 7 2160.6 3262.5 1
6 5 1569.2 2970.1 1
3 7 2930.1 5012.0 1
5 3 1342.7 1433.8 1
4 9 2722.1 3673.5 1
2 6 3127.6 3774.3 1
8 4 2222.6 2952.8 1
0 3 234.7 1836.4 1
8 9 1120.0 1295.9 1
9 5 1943.7 3008.4 1
5 7 355.7 1401.8 1
1 5 1217.8 3174.5 1
6 8 900.4 2296.5 1
3 8 2116.5 2429.7 1
8 5 331.7 1971.9 1
3 10 2323.3 2948.7 1
8 7 2601.3 3563.6 1
9 4 280.8 1066.3 1
6 2 1489.7 1836.0 1
9 7 765.2 1829.7 1
0 8 187.9 456.4 1
3 9 567.3 1166.9 1
7 10 2409.8 3369.9 1
7 3 254.4 525.1 1
4 1 2972.1 4614.8 1
1 3 1724.8 2259.0 1
4 9 1071.8 1446.3 1
6 7 3023.2 3574.8 1
3 9 1464.5 2828.4 1
1 5 318.9 2132.9 1
9 7 1680.3 3794.6 1
4 8 2240.0 3931.8 1
7 10 2625.0 3338.2 1
2 9 594.7 1616.0 1
8 1 3061.4 4964.0 1
1 7 3047.7 3748.0 1
8 5 2772.9 4376.9 1
7 3 2775.7 3727.4 1
3 5 3135.0 4854.1 1
0 5 79.7 1307.5 1
9 4 1664.6 3092.4 1
5 8 1164.8 3031.1 1
9 8 642.1 713.0 1
6 9 2418.9 3709.5 1
8 1 1280.6 3034.0 1
6 7 1457.2 1779.4 1
6 1 401.5 701.1 1
3 5 2487.9 3607.5 1
4 7 1868.0 3472.7 1
6 3 805.2 2665.0 1
4 5 138.1 1515.0 1
0 1 1792.1 3653.9 1
8 5 1512.0 1920.6 1
3 4 2778.9 4315.0 1
2 6 2796.8 3256.3 1
9 4 2550.8 3957.2 1
6 8 2371.9 2532.5 1
6 2 1352.0 2667.9 1
7 2 1018.5 1954.7 1
1 8 2857.8 4831.0 1
9 5 1626.9 2158.2 1
6 2 2919.3 4504.3 1
1 5 2784.6 3653.9 1
5 4 1643.5 1831.1 1
8 10 1633.0 3187.4 1
3 6 1657.6 1900.1 1
5 2 994.1 2557.0 1
6 3 892.4 2358.5 1
4 6 1653.1 3000.0 1
5 7 2326.8 3793.7 1
2 3 3028.8 3739.0 1
4 9 1980.1 2137.7 1
4 1 2525.0 3936.1 1
5 6 2688.3 3381.5 1
5 10 1114.4 2598.9 1
8 9 2401.7 3126.7 1
3 5 2311.1 3006.9 1
3 8 1407.1 1581.8 1
7 8 2670.5 4697.0 1
4 8 2301.7 2803.5 1
1 6 1752.2 3172.7 1
3 9 74.1 830.5 1
0 8 1455.1 2331.8 1
0 5 1988.2 2927.2 1
1 8 700.6 2269.3 1
3 6 2483.0 3713.7 1
7 1 2425.5 4048.0 1
7 1 2972.5 4313.8 1
4 1 1220.7 2455.2 1
1 2 1753.0 2842.0 1
8 5 3077.9 5202.6 1
6 4 3131.2 3312.2 1
3 6 1670.8 3583.3 1
2 8 2346.0 2746.9 1
6 1 271.2 2050.2 1
6 10 1667.1 3570.0 1
0 2 587.6 1407.3 1
0 1 1700.9 2697.4 1
3 9 581.4 2301.7 1
2 8 1327.8 3361.0 1
4 5 961.6 2126.1 1
1 5 488.6 1083.6 1
4 2 2816.6 2876.8 1
1 3 1604.7 2384.8 1
1 3 2359.4 3077.4 1
6 1 712.5 1497.0 1
8 9 2881.5 3860.1 1
7 6 1735.8 2947.4 1
1 7 2846.5 3360.7 1
6 1 1065.6 2737.4 1
4 6 2170.2 4290.4 1
3 9 962.4 1339.4 1
2 9 1304.3 1522.3 1
6 9 2088.0 4109.1 1
2 4 668.2 2785.6 1
9 6 2315.1 2870.0 1
1 6 136.7 1210.5 1
3 2 2307.9 3008.1 1
4 1 2993.0 4048.2 1
8 9 1109.1 2005.5 1
4 3 2097.4 3895.1 1
7 5 1047.1 2571.2 1
3 5 2869.6 3023.5 1
6 7 2060.6 2892.3 1
9 5 1234.9 3282.9 1
6 5 1619.1 2204.9 1
3 8 2502.4 3167.8 1
4 9 2292.7 2893.6 1
4 10 2460.2 3391.1 1
6 8 2372.6 4451.1 1
3 1 972.0 2958.7 1
EOF
