NUM_STATIONS: 10
NUM_REQUESTS: 40
NUM_VEHICLES: 2
VEHICLE_CAPACITY: 1
DISTANCES
0 1 3.4
1 2 6.2
2 3 7.9
3 4 7.1
4 5 5.2
5 6 1.5
6 7 5.2
7 8 1.2
8 9 5.0
9 0 2.1
REQUEST_SECTION
3 7 819.7 878.4 1
4 5 838.5 1004.7 1
4 5 176.9 611.5 1
2 9 248.7 702.2 1
4 6 467.5 694.9 1
2 7 296.2 418.5 1
2 4 234.8 416.9 1
5 6 232.4 536.3 1
4 1 246.6 360.6 1
0 7 280.7 703.7 1
6 3 473.5 617.1 1
0 2 603.5 1078.1 1
9 3 856.3 1127.8 1
7 6 383.7 829.1 1
7 5 412.6 622.6 1
3 7 735.5 986.7 1
4 2 410.6 678.1 1
0 9 407.7 609.0 1
2 3 796.4 1076.1 1
2 9 514.8 956.4 1
0 4 73.5 143.2 1
2 10 103.7 386.0 1
2 6 341.4 560.0 1
8 4 581.5 913.4 1
3 7 862.4 1230.9 1
0 1 809.9 1107.0 1
7 1 644.5 743.9 1
8 4 893.8 1180.9 1
0 3 563.3 613.3 1
9 7 46.7 317.3 1
0 4 471.1 744.7 1
7 2 298.2 457.8 1
8 6 595.7 803.5 1
4 10 534.2 620.2 1
9 6 887.6 1267.7 1
1 5 683.3 897.0 1
4 2 467.8 854.1 1
3 5 539.2 641.3 1
9 7 666.7 1090.7 1
5 7 513.2 605.8 1
EOF
