NUM_STATIONS: 10
NUM_REQUESTS: 40
NUM_VEHICLES: 2
VEHICLE_CAPACITY: 8
DISTANCES
0 1 3.4
1 2 6.2
2 3 7.9
3 4 7.1
4 5 5.2
5 6 1.5
6 7 5.2
7 8 1.2
8 9 5.0
9 0 2.1
REQUEST_SECTION
3 7 56.2 104.1 1
4 5 102.3 199.9 1
4 5 5.5 85.2 1
2 9 35.2 93.6 1
4 6 24.1 84.0 1
2 7 105.7 183.9 1
2 4 56.0 106.7 1
5 6 18.6 85.8 1
4 1 91.1 171.6 1
0 7 23.0 75.3 1
6 3 79.0 164.3 1
0 2 58.5 153.9 1
9 3 100.9 177.1 1
7 6 97.0 192.1 1
7 5 5.0 56.4 1
3 7 19.6 81.9 1
4 2 4.4 87.9 1
0 9 108.5 196.3 1
2 3 103.4 201.3 1
2 9 47.8 135.2 1
0 4 74.4 128.3 1
2 10 83.4 136.9 1
2 6 86.2 185.2 1
8 4 111.2 171.7 1
3 7 17.5 86.4 1
0 1 9.4 89.5 1
7 1 15.7 96.8 1
8 4 2.3 88.4 1
0 3 111.5 198.1 1
9 7 11.8 67.5 1
0 4 107.3 178.9 1
7 2 24.7 92.8 1
8 6 9.4 68.6 1
4 10 98.0 150.5 1
9 6 99.2 193.1 1
1 5 17.4 72.6 1
4 2 16.6 101.9 1
3 5 26.5 102.2 1
9 7 89.6 175.1 1
5 7 69.6 132.6 1
EOF
