NUM_STATIONS: 10
NUM_REQUESTS: 80
NUM_VEHICLES: 3
VEHICLE_CAPACITY: 4
DISTANCES
0 1 2.4
1 2 8.8
2 3 9.2
3 4 4.4
4 5 2.3
5 6 10.0
6 7 6.1
7 8 3.9
8 9 6.9
9 0 4.1
REQUEST_SECTION
4 2 288.3 422.8 1
1 6 90.0 172.1 1
9 8 206.2 309.1 1
7 1 70.3 273.1 1
1 5 95.4 286.1 1
5 9 189.4 271.0 1
1 5 193.7 339.7 1
5 6 137.0 358.7 1
2 8 75.9 224.0 1
6 1 236.3 375.3 1
5 3 170.0 392.0 1
2 7 44.9 163.9 1
5 9 289.8 483.0 1
0 2 46.4 133.5 1
1 8 97.9 337.3 1
7 10 79.6 236.9 1
1 3 165.6 414.7 1
5 3 222.1 371.0 1
2 5 111.1 287.9 1
4 8 102.7 216.9 1
2 4 41.8 229.5 1
4 2 31.3 169.6 1
7 10 38.6 103.7 1
5 6 212.0 307.0 1
5 9 127.3 291.8 1
7 6 266.5 406.7 1
1 5 127.8 219.6 1
1 2 274.3 383.6 1
9 1 80.3 184.0 1
3 7 33.8 180.6 1
7 2 59.9 303.8 1
1 7 76.6 233.1 1
3 8 76.9 157.8 1
1 5 266.2 470.6 1
1 8 37.2 109.4 1
3 9 95.3 334.3 1
1 10 171.6 416.9 1
7 2 3.3 102.0 1
3 6 161.1 290.1 1
8 7 265.9 373.8 1
1 2 276.0 362.8 1
0 7 268.6 400.0 1
0 3 138.7 367.0 1
0 4 242.8 343.4 1
6 5 173.2 325.2 1
5 8 130.7 209.4 1
1 10 187.4 344.5 1
5 6 277.9 437.4 1
4 7 150.9 347.5 1
8 9 71.9 281.8 1
5 8 232.4 349.9 1
6 7 99.1 234.9 1
0 8 216.0 390.1 1
1 9 157.6 258.4 1
0 5 11.9 139.6 1
0 4 151.9 366.5 1
4 9 218.9 400.5 1
3 1 278.9 367.3 1
7 2 91.8 218.1 1
5 8 260.3 363.7 1
2 10 13.3 153.1 1
7 9 139.5 272.2 1
8 5 8.2 204.7 1
5 6 68.6 156.0 1
8 2 234.6 409.8 1
5 2 152.5 309.1 1
5 1 227.0 364.3 1
8 7 101.1 173.9 1
3 7 206.1 360.6 1
4 7 46.3 165.8 1
6 4 68.5 192.8 1
9 7 241.3 350.1 1
9 3 243.9 359.6 1
9 5 124.3 336.2 1
9 10 30.7 165.7 1
8 10 282.4 343.5 1
9 6 217.9 456.0 1
3 9 234.7 436.8 1
2 9 76.9 153.5 1
2 4 224.5 406.5 1
EOF
