NUM_STATIONS: 10
NUM_REQUESTS: 20
NUM_VEHICLES: 1
VEHICLE_CAPACITY: 2
DISTANCES
0 1 10.0
1 2 3.1
2 3 7.4
3 4 2.1
4 5 5.5
5 6 6.0
6 7 3.5
7 8 7.1
8 9 7.6
9 0 5.4
REQUEST_SECTION
4 9 150.7 209.8 1
8 3 385.4 587.7 1
4 3 95.2 509.0 1
5 2 424.2 870.7 1
7 5 280.0 495.0 1
3 6 171.5 235.0 1
9 4 308.1 526.5 1
5 4 183.6 588.9 1
7 6 282.7 710.8 1
5 4 157.4 591.6 1
6 8 271.7 727.9 1
3 1 292.2 352.8 1
3 10 101.7 296.0 1
8 9 413.4 638.3 1
8 3 254.7 468.7 1
3 2 341.2 453.3 1
0 3 85.1 317.4 1
1 3 431.5 783.1 1
7 5 200.9 460.0 1
8 7 137.2 588.0 1
EOF
