NUM_STATIONS: 10
NUM_REQUESTS: 40
NUM_VEHICLES: 3
VEHICLE_CAPACITY: 1
DISTANCES
0 1 5.5
1 2 7.8
2 3 7.1
3 4 4.8
4 5 4.5
5 6 3.9
6 7 2.7
7 8 6.4
8 9 8.5
9 0 7.6
REQUEST_SECTION
8 7 416.1 781.4 1
8 6 389.8 618.9 1
7 5 447.4 981.6 1
5 10 131.9 424.0 1
6 9 575.3 838.1 1
3 4 12.3 576.2 1
4 2 156.4 673.6 1
5 3 45.8 238.9 1
5 10 9.5 306.0 1
2 9 480.6 815.2 1
2 8 769.9 885.6 1
0 7 461.2 954.5 1
4 5 427.0 723.0 1
3 9 281.8 546.9 1
5 7 737.7 1113.5 1
8 4 711.5 1346.8 1
9 8 568.5 964.9 1
2 10 294.8 753.3 1
4 7 700.5 1117.1 1
4 10 515.0 955.3 1
7 2 494.7 674.6 1
3 5 192.4 481.4 1
1 9 14.6 577.6 1
9 8 723.4 905.8 1
5 1 502.7 1029.8 1
5 3 409.6 828.6 1
5 8 403.9 976.3 1
5 6 260.5 705.6 1
0 1 140.8 702.6 1
5 2 303.5 797.2 1
5 3 337.0 906.8 1
1 10 190.0 776.0 1
2 4 444.7 680.1 1
8 3 317.0 449.3 1
5 7 436.7 1030.4 1
1 10 69.1 565.0 1
5 1 23.0 369.5 1
2 6 333.9 619.1 1
7 5 395.1 901.0 1
8 7 649.0 1030.9 1
EOF
