NUM_STATIONS: 10
NUM_REQUESTS: 80
NUM_VEHICLES: 1
VEHICLE_CAPACITY: 2
DISTANCES
0 1 8.0
1 2 8.3
2 3 3.5
3 4 6.0
4 5 1.1
5 6 2.5
6 7 5.2
7 8 7.5
8 9 5.8
9 0 8.4
REQUEST_SECTION
9 3 1626.8 2731.1 1
9 7 261.6 1058.1 1
9 1 1454.2 2215.3 1
2 6 39.9 1036.6 1
5 4 2090.4 3210.2 1
6 5 1652.6 1909.8 1
3 2 2071.0 2599.1 1
6 2 919.5 1553.6 1
0 9 1950.1 2744.6 1
3 8 1580.1 2696.6 1
1 2 1612.1 2267.6 1
9 2 677.8 1775.2 1
4 3 18.0 259.8 1
3 8 361.4 640.7 1
8 3 555.0 1074.2 1
8 5 250.6 938.7 1
8 5 1494.3 1770.2 1
0 3 19.7 140.5 1
7 10 1772.5 2323.5 1
2 10 153.5 885.7 1
7 9 1600.1 2644.5 1
6 5 1229.3 1902.2 1
4 8 1067.9 1726.7 1
6 10 948.8 1322.2 1
3 4 1045.9 1281.5 1
9 5 542.4 945.5 1
7 6 530.6 1007.8 1
9 7 1739.6 2824.1 1
5 9 1497.6 2504.7 1
5 7 1420.2 2499.2 1
6 1 1889.8 2212.1 1
7 4 1200.3 1815.3 1
2 8 1324.6 1657.8 1
9 1 754.4 1695.1 1
4 1 148.4 746.4 1
5 6 1141.8 2307.1 1
0 9 644.0 1239.8 1
8 2 461.7 1435.2 1
6 3 37.8 817.1 1
6 9 1343.8 1579.3 1
9 7 2139.5 2607.4 1
2 8 1330.0 1946.4 1
6 8 1201.5 1427.3 1
5 2 1430.2 1638.0 1
4 6 892.9 2043.5 1
4 9 1654.0 2589.1 1
4 9 1689.3 2517.5 1
9 8 771.8 1376.0 1
6 4 1543.0 2462.8 1
8 6 659.2 1272.0 1
4 3 1734.8 1950.4 1
9 10 925.3 987.6 1
8 7 1918.9 2437.1 1
7 1 2209.2 2741.3 1
1 3 1052.7 1370.0 1
6 3 1592.4 1735.8 1
8 3 1747.4 1984.4 1
4 6 763.2 1936.4 1
6 9 924.5 1777.1 1
9 4 1367.8 2197.0 1
7 8 372.5 1454.4 1
6 3 1422.0 2139.1 1
7 5 2060.3 2345.7 1
9 3 1023.5 1126.9 1
1 9 1518.3 2528.7 1
8 1 1942.3 2556.7 1
9 8 486.5 1352.0 1
9 7 312.3 1312.2 1
6 7 303.7 1190.4 1
5 9 2077.2 2665.1 1
1 5 1746.7 2596.0 1
8 6 1816.0 2012.4 1
2 1 2090.9 3091.1 1
1 7 1930.4 3033.6 1
4 6 1577.7 2526.7 1
0 3 1550.9 2529.7 1
1 10 1048.3 1589.9 1
7 8 590.6 1498.2 1
9 6 672.5 889.7 1
3 10 140.2 1130.7 1
EOF
