NUM_STATIONS: 10
NUM_REQUESTS: 40
NUM_VEHICLES: 3
VEHICLE_CAPACITY: 4
DISTANCES
0 1 3.4
1 2 6.2
2 3 7.9
3 4 7.1
4 5 5.2
5 6 1.5
6 7 5.2
7 8 1.2
8 9 5.0
9 0 2.1
REQUEST_SECTION
3 7 23.8 169.5 1
4 5 120.8 200.5 1
4 5 109.3 196.5 1
2 9 21.0 174.1 1
4 6 0.1 80.9 1
2 7 105.9 168.3 1
2 4 67.3 199.0 1
5 6 50.7 100.6 1
4 1 30.2 79.7 1
0 7 102.8 200.4 1
6 3 114.7 268.3 1
0 2 71.5 219.4 1
9 3 40.0 86.1 1
7 6 77.1 128.7 1
7 5 139.9 210.7 1
3 7 104.5 188.5 1
4 2 61.6 125.0 1
0 9 96.6 230.3 1
2 3 92.6 217.0 1
2 9 15.7 97.1 1
0 4 111.0 255.5 1
2 10 119.7 262.5 1
2 6 19.5 147.1 1
8 4 134.0 252.6 1
3 7 83.7 142.2 1
0 1 101.1 224.9 1
7 1 118.6 244.9 1
8 4 98.6 161.3 1
0 3 116.2 168.7 1
9 7 115.5 204.4 1
0 4 66.3 190.3 1
7 2 110.7 206.5 1
8 6 72.0 179.5 1
4 10 53.1 197.1 1
9 6 3.4 103.0 1
1 5 115.9 209.9 1
4 2 89.3 136.6 1
3 5 79.1 204.8 1
9 7 49.1 143.7 1
5 7 50.3 131.5 1
EOF
