NUM_STATIONS: 10
NUM_REQUESTS: 20
NUM_VEHICLES: 3
VEHICLE_CAPACITY: 1
DISTANCES
0 1 6.6
1 2 8.7
2 3 5.9
3 4 9.0
4 5 3.2
5 6 7.2
6 7 4.7
7 8 8.2
8 9 3.5
9 0 6.8
REQUEST_SECTION
3 5 90.5 170.6 1
1 7 144.9 421.4 1
4 5 315.6 521.1 1
0 6 203.8 352.2 1
1 7 165.9 262.9 1
6 7 44.0 177.9 1
0 8 134.1 284.5 1
1 4 129.5 370.7 1
0 5 280.7 438.2 1
6 1 33.3 147.1 1
0 8 153.4 285.9 1
8 2 28.3 160.6 1
8 2 97.3 369.7 1
4 1 182.3 453.3 1
4 7 212.3 301.4 1
5 10 318.9 521.5 1
7 3 82.8 336.1 1
6 2 216.3 420.8 1
0 8 6.9 170.3 1
5 8 213.3 399.7 1
EOF
