NUM_STATIONS: 10
NUM_REQUESTS: 20
NUM_VEHICLES: 3
VEHICLE_CAPACITY: 8
DISTANCES
0 1 6.6
1 2 8.7
2 3 5.9
3 4 9.0
4 5 3.2
5 6 7.2
6 7 4.7
7 8 8.2
8 9 3.5
9 0 6.8
REQUEST_SECTION
3 5 3.2 78.9 1
1 7 12.4 97.3 1
4 5 28.9 107.4 1
0 6 19.0 84.4 1
1 7 39.5 115.0 1
6 7 1.1 66.4 1
0 8 12.5 95.9 1
1 4 29.4 116.6 1
0 5 26.9 95.0 1
6 1 0.2 71.2 1
0 8 19.6 109.4 1
8 2 39.2 113.3 1
8 2 39.4 129.6 1
4 1 11.7 95.5 1
4 7 35.3 116.1 1
5 10 14.5 89.1 1
7 3 25.6 99.1 1
6 2 36.3 114.8 1
0 8 2.1 90.9 1
5 8 23.5 106.7 1
EOF
