NUM_STATIONS: 10
NUM_REQUESTS: 80
NUM_VEHICLES: 1
VEHICLE_CAPACITY: 2
DISTANCES
0 1 7.9
1 2 8.1
2 3 2.5
3 4 7.9
4 5 2.3
5 6 7.4
6 7 8.2
7 8 1.4
8 9 7.4
9 0 3.5
REQUEST_SECTION
9 4 1052.8 1623.2 1
8 6 302.2 1773.4 1
1 2 2246.6 3510.1 1
8 4 1181.7 1294.4 1
2 7 1495.6 2966.2 1
1 8 72.8 334.7 1
5 7 1844.8 2430.4 1
1 9 411.7 1646.1 1
1 4 1579.3 3047.3 1
4 6 408.5 1864.4 1
0 8 1146.8 1311.2 1
7 6 1666.9 2985.4 1
7 6 2191.4 2353.0 1
4 10 1051.2 2400.5 1
8 2 463.0 1890.5 1
1 4 2033.5 2656.9 1
2 8 364.8 466.6 1
0 3 1519.3 2710.3 1
8 6 914.7 2561.4 1
8 1 1945.5 3356.3 1
9 8 1223.6 1479.1 1
6 3 127.4 1040.5 1
2 4 134.9 355.7 1
3 10 390.2 475.7 1
5 6 1957.9 3505.9 1
5 6 1199.6 2746.2 1
2 9 682.5 769.4 1
6 8 567.8 2152.9 1
9 10 2074.4 2825.8 1
5 8 1093.2 2163.4 1
0 5 1787.4 2653.2 1
2 4 1141.9 1218.3 1
3 9 1499.0 3035.2 1
0 3 497.3 1138.8 1
5 6 1547.7 2245.3 1
5 10 203.2 753.6 1
4 8 89.9 397.2 1
9 4 63.1 931.4 1
1 9 542.5 2219.5 1
0 9 647.2 2284.7 1
6 3 825.9 1896.2 1
0 1 1965.8 3649.2 1
8 1 73.5 319.1 1
3 9 1141.4 1815.6 1
4 2 844.4 2534.8 1
5 10 1579.4 2314.7 1
9 2 1821.5 3349.9 1
2 5 2067.6 2742.8 1
3 4 1974.8 2682.0 1
3 1 905.3 1372.2 1
3 2 2133.5 3806.2 1
4 3 1575.1 2141.5 1
1 4 81.5 1050.8 1
2 7 811.9 961.3 1
1 9 1284.9 2198.2 1
0 6 2088.2 2974.6 1
5 2 682.5 2298.7 1
8 2 1467.2 3156.7 1
8 4 591.6 2184.7 1
2 4 143.2 1366.8 1
6 8 2077.6 2518.7 1
2 9 1923.3 2316.1 1
2 8 936.8 2245.1 1
1 8 241.9 1498.3 1
9 7 230.1 1783.4 1
6 2 1114.8 2479.4 1
2 8 447.5 1972.2 1
0 4 733.4 1042.0 1
7 10 1843.4 3057.2 1
2 4 268.8 795.2 1
6 1 366.9 1513.9 1
5 2 1451.5 1960.7 1
6 8 424.6 1430.5 1
7 5 2207.3 3648.7 1
8 10 1036.7 1509.3 1
5 2 1463.3 3149.0 1
9 7 1227.5 2103.6 1
7 6 761.4 905.4 1
4 9 1553.0 1823.6 1
3 10 490.7 2047.7 1
EOF
