NUM_STATIONS: 10
NUM_REQUESTS: 80
NUM_VEHICLES: 1
VEHICLE_CAPACITY: 1
DISTANCES
0 1 2.4
1 2 8.8
2 3 9.2
3 4 4.4
4 5 2.3
5 6 10.0
6 7 6.1
7 8 3.9
8 9 6.9
9 0 4.1
REQUEST_SECTION
4 2 2741.2 4028.6 1
1 6 1909.2 3985.1 1
9 8 652.0 2685.3 1
7 1 2415.3 3233.3 1
1 5 53.7 1164.9 1
5 9 743.8 2869.1 1
1 5 516.9 1323.4 1
5 6 3186.5 5152.7 1
2 8 2202.3 2391.0 1
6 1 2754.0 4976.7 1
5 3 2657.2 4175.9 1
2 7 2365.1 3903.4 1
5 9 2649.1 3112.7 1
0 2 2282.0 3620.4 1
1 8 3234.5 5575.7 1
7 10 1101.6 2388.1 1
1 3 3460.0 5530.7 1
5 3 1783.0 3119.1 1
2 5 1572.1 2195.0 1
4 8 882.2 1632.6 1
2 4 1109.5 2581.9 1
4 2 3034.3 3409.0 1
7 10 2190.7 2291.9 1
5 6 2298.0 3642.3 1
5 9 2479.9 3948.5 1
7 6 1273.9 2393.1 1
1 5 2918.1 3786.4 1
1 2 1615.6 2343.4 1
9 1 1139.9 3084.8 1
3 7 2765.7 5114.3 1
7 2 3075.5 5265.6 1
1 7 3062.6 4414.7 1
3 8 279.8 497.3 1
1 5 354.8 1714.8 1
1 8 2173.5 3252.2 1
3 9 29.6 542.8 1
1 10 2411.9 4506.9 1
7 2 2540.0 2672.4 1
3 6 1528.1 2610.2 1
8 7 1836.6 2710.8 1
1 2 2093.9 3469.8 1
0 7 1685.9 2026.3 1
0 3 826.3 2852.8 1
0 4 1015.2 2464.2 1
6 5 2069.9 3148.7 1
5 8 633.7 1952.2 1
1 10 307.1 614.4 1
5 6 3409.2 3629.3 1
4 7 1491.9 3591.8 1
8 9 922.6 1274.0 1
5 8 2942.9 3756.1 1
6 7 2436.4 3845.6 1
0 8 1590.6 2768.4 1
1 9 1481.5 3753.4 1
0 5 2661.2 3591.1 1
0 4 2209.1 4017.1 1
4 9 648.4 1693.4 1
3 1 1621.0 1823.1 1
7 2 120.6 1097.9 1
5 8 477.0 1432.2 1
2 10 1361.7 2783.6 1
7 9 2112.8 4097.3 1
8 5 1318.8 1582.7 1
5 6 781.0 2954.7 1
8 2 2241.0 3350.2 1
5 2 2462.8 3084.6 1
5 1 626.0 2068.5 1
8 7 327.3 1343.3 1
3 7 2034.3 3295.6 1
4 7 534.5 1906.8 1
6 4 694.9 1526.0 1
9 7 1045.5 2406.9 1
9 3 96.4 707.1 1
9 5 837.0 2807.6 1
9 10 58.4 1207.6 1
8 10 25.7 982.2 1
9 6 225.5 1569.3 1
3 9 735.0 1833.4 1
2 9 1982.4 3439.1 1
2 4 1716.3 2099.6 1
EOF
