NUM_STATIONS: 10
NUM_REQUESTS: 40
NUM_VEHICLES: 3
VEHICLE_CAPACITY: 8
DISTANCES
0 1 4.3
1 2 4.7
2 3 7.7
3 4 5.3
4 5 3.2
5 6 1.5
6 7 9.1
7 8 3.7
8 9 3.4
9 0 3.5
REQUEST_SECTION
2 7 69.2 163.6 1
8 10 36.8 117.1 1
4 9 32.2 136.6 1
1 7 67.3 132.3 1
9 5 40.4 117.1 1
8 6 32.7 98.5 1
2 6 24.3 75.2 1
6 5 49.5 153.5 1
4 9 42.6 107.9 1
6 9 18.8 94.9 1
1 5 71.1 158.3 1
3 8 70.0 139.8 1
9 10 62.9 151.6 1
4 5 37.2 105.4 1
5 6 59.3 124.1 1
3 9 14.2 87.2 1
5 7 16.0 70.9 1
0 5 44.5 127.7 1
5 10 52.2 135.5 1
0 2 61.9 152.9 1
0 4 12.8 89.4 1
1 7 74.8 127.1 1
0 3 59.5 140.1 1
9 3 4.9 57.7 1
3 6 17.7 98.7 1
9 7 26.7 130.2 1
4 7 48.0 145.9 1
2 5 44.0 121.4 1
2 5 58.5 150.3 1
0 4 0.4 92.6 1
0 9 40.3 98.8 1
7 1 48.1 99.0 1
7 2 58.4 143.6 1
1 9 26.2 122.8 1
2 7 67.4 115.1 1
9 8 60.9 114.6 1
7 6 64.9 120.2 1
4 2 34.4 113.0 1
1 6 54.6 102.6 1
4 1 44.3 112.0 1
EOF
