NUM_STATIONS: 10
NUM_REQUESTS: 160
NUM_VEHICLES: 1
VEHICLE_CAPACITY: 8
DISTANCES
0 1 3.6
1 2 7.3
2 3 7.4
3 4 1.6
4 5 9.1
5 6 1.1
6 7 5.1
7 8 5.3
8 9 9.0
9 0 2.6
REQUEST_SECTION
0 6 592.9 1309.8 1
6 7 652.6 1105.7 1
7 6 663.8 1039.1 1
0 1 344.3 686.8 1
4 3 384.6 465.2 1
6 10 185.1 988.3 1
5 2 653.7 1150.8 1
1 3 258.7 708.5 1
0 6 12.2 507.9 1
6 1 473.0 667.4 1
4 5 480.7 1003.4 1
6 2 746.0 1573.3 1
3 4 17.7 638.9 1
3 4 764.4 1074.0 1
7 9 735.9 1317.0 1
9 3 417.5 1221.7 1
9 7 457.0 1129.2 1
4 8 48.8 617.6 1
3 7 661.8 901.7 1
2 3 59.8 399.7 1
0 7 767.9 1231.4 1
1 5 576.4 694.4 1
8 2 30.3 743.5 1
5 3 713.3 1011.0 1
5 9 521.1 815.1 1
1 6 497.5 804.2 1
1 6 334.1 837.5 1
4 2 282.5 352.2 1
5 3 268.1 1022.3 1
4 7 714.8 1313.5 1
6 5 587.2 745.0 1
3 7 436.0 835.1 1
5 3 135.6 806.3 1
4 9 71.0 533.2 1
2 6 280.8 739.6 1
8 4 275.9 693.2 1
0 3 85.8 331.7 1
8 9 44.8 226.2 1
9 5 84.5 403.7 1
5 7 298.2 959.5 1
1 5 274.6 1041.7 1
6 8 134.7 724.8 1
3 8 293.7 950.7 1
8 5 177.7 485.8 1
3 10 724.0 824.6 1
8 7 398.3 556.8 1
9 4 158.7 293.2 1
6 2 573.0 960.4 1
9 7 308.3 746.5 1
0 8 168.8 580.9 1
3 9 448.3 1246.3 1
7 10 323.0 750.7 1
7 3 543.2 609.7 1
4 1 6.3 84.2 1
1 3 622.7 714.6 1
4 9 15.8 313.1 1
6 7 62.3 588.6 1
3 9 610.6 1309.7 1
1 5 25.1 639.7 1
9 7 166.2 348.8 1
4 8 171.8 316.6 1
7 10 262.9 456.2 1
2 9 739.4 1500.4 1
8 1 275.1 548.0 1
1 7 306.8 914.3 1
8 5 208.3 440.4 1
7 3 352.2 1105.8 1
3 5 339.7 490.6 1
0 5 644.6 1331.5 1
9 4 725.5 1504.1 1
5 8 495.9 1034.1 1
9 8 109.2 350.2 1
6 9 110.6 767.9 1
8 1 431.5 1037.5 1
6 7 590.6 1112.5 1
6 1 6.9 619.1 1
3 5 755.2 896.2 1
4 7 389.4 1046.6 1
6 3 309.9 759.4 1
4 5 581.6 852.0 1
0 1 467.4 832.8 1
8 5 472.4 526.2 1
3 4 576.7 913.4 1
2 6 489.3 566.5 1
9 4 683.7 1322.0 1
6 8 530.6 967.3 1
6 2 735.6 1063.1 1
7 2 61.7 732.1 1
1 8 81.7 882.4 1
9 5 88.3 690.5 1
6 2 528.5 783.6 1
1 5 267.4 357.7 1
5 4 133.4 383.6 1
8 10 490.7 745.3 1
3 6 600.6 1079.3 1
5 2 204.0 724.7 1
6 3 562.9 1152.8 1
4 6 92.0 419.8 1
5 7 750.8 823.5 1
2 3 175.6 798.8 1
4 9 390.2 533.3 1
4 1 519.4 1179.8 1
5 6 633.6 845.6 1
5 10 165.1 286.7 1
8 9 642.8 1362.1 1
3 5 488.8 1002.0 1
3 8 558.0 763.0 1
7 8 755.7 928.6 1
4 8 106.9 862.9 1
1 6 696.5 1057.6 1
3 9 33.2 323.2 1
0 8 230.5 538.0 1
0 5 586.5 1299.3 1
1 8 183.1 438.0 1
3 6 331.7 549.3 1
7 1 394.9 959.0 1
7 1 498.7 828.9 1
4 1 637.6 877.7 1
1 2 94.5 768.8 1
8 5 736.0 929.5 1
6 4 329.4 627.6 1
3 6 604.7 1087.8 1
2 8 442.9 935.4 1
6 1 520.2 1294.8 1
6 10 344.3 840.4 1
0 2 768.7 1087.1 1
0 1 778.9 1402.3 1
3 9 205.7 614.7 1
2 8 752.1 1040.9 1
4 5 709.9 848.3 1
1 5 173.4 931.2 1
4 2 599.9 769.5 1
1 3 396.1 494.7 1
1 3 463.5 1100.5 1
6 1 419.6 778.7 1
8 9 546.9 606.5 1
7 6 249.5 579.1 1
1 7 608.4 799.0 1
6 1 559.1 744.5 1
4 6 201.9 369.8 1
3 9 734.7 1518.0 1
2 9 101.9 672.6 1
6 9 132.5 513.3 1
2 4 482.9 1228.5 1
9 6 709.9 1273.1 1
1 6 484.9 1085.2 1
3 2 174.3 800.3 1
4 1 267.9 687.7 1
8 9 473.9 1296.1 1
4 3 776.1 1270.4 1
7 5 386.0 1164.4 1
3 5 747.6 1135.1 1
6 7 163.8 323.4 1
9 5 305.0 721.9 1
6 5 327.3 761.1 1
3 8 466.6 939.4 1
4 9 603.7 1304.1 1
4 10 75.4 388.1 1
6 8 706.2 1253.4 1
3 1 655.6 1035.8 1
EOF
