NUM_STATIONS: 10
NUM_REQUESTS: 40
NUM_VEHICLES: 2
VEHICLE_CAPACITY: 8
DISTANCES
0 1 2.8
1 2 2.9
2 3 8.4
3 4 7.3
4 5 6.1
5 6 1.6
6 7 8.4
7 8 7.7
8 9 3.2
9 0 1.5
REQUEST_SECTION
4 8 93.1 164.8 1
3 10 26.1 122.1 1
6 4 120.6 226.9 1
1 6 60.0 132.0 1
0 4 15.5 100.8 1
5 3 88.9 147.1 1
6 9 116.3 227.2 1
1 10 14.1 99.9 1
1 9 4.3 74.9 1
0 6 33.9 140.9 1
6 9 25.2 97.6 1
5 6 38.0 107.8 1
9 3 111.9 180.9 1
6 2 14.0 109.8 1
9 3 103.8 207.3 1
0 2 80.9 174.6 1
9 5 84.9 174.8 1
7 4 78.2 182.5 1
1 5 76.3 140.8 1
5 4 67.1 152.3 1
8 5 98.6 166.9 1
7 6 52.8 108.3 1
4 1 63.5 163.8 1
4 10 34.4 93.5 1
7 5 11.8 121.9 1
1 10 62.1 118.3 1
3 5 32.6 128.7 1
2 5 39.3 111.2 1
6 8 7.8 99.3 1
4 7 67.5 159.0 1
9 1 10.0 114.8 1
6 3 78.0 169.6 1
8 9 5.1 111.7 1
6 3 44.8 115.3 1
5 2 60.0 128.3 1
8 5 22.0 116.1 1
7 9 80.3 163.1 1
5 4 53.2 149.6 1
0 2 30.6 104.2 1
2 4 69.0 141.3 1
EOF
