NUM_STATIONS: 10
NUM_REQUESTS: 40
NUM_VEHICLES: 3
VEHICLE_CAPACITY: 4
DISTANCES
0 1 2.8
1 2 2.9
2 3 8.4
3 4 7.3
4 5 6.1
5 6 1.6
6 7 8.4
7 8 7.7
8 9 3.2
9 0 1.5
REQUEST_SECTION
4 8 82.5 160.4 1
3 10 5.5 129.7 1
6 4 53.7 108.9 1
1 6 51.8 115.4 1
0 4 39.1 153.2 1
5 3 112.0 232.2 1
6 9 1.7 54.9 1
1 10 26.8 152.5 1
1 9 85.7 188.9 1
0 6 96.6 179.7 1
6 9 114.3 188.0 1
5 6 76.5 146.0 1
9 3 40.7 121.3 1
6 2 30.0 105.4 1
9 3 64.8 180.2 1
0 2 40.3 92.5 1
9 5 61.4 139.8 1
7 4 76.1 143.1 1
1 5 20.4 133.1 1
5 4 124.0 213.3 1
8 5 23.9 144.2 1
7 6 15.3 72.7 1
4 1 91.9 215.1 1
4 10 57.7 136.2 1
7 5 39.0 142.1 1
1 10 29.3 113.7 1
3 5 48.4 116.5 1
2 5 13.3 137.4 1
6 8 112.5 173.4 1
4 7 7.2 124.5 1
9 1 43.3 149.9 1
6 3 42.1 125.6 1
8 9 69.5 136.9 1
6 3 111.8 198.1 1
5 2 111.2 176.1 1
8 5 27.1 105.4 1
7 9 117.4 224.0 1
5 4 116.7 245.9 1
0 2 53.0 133.5 1
2 4 23.4 85.4 1
EOF
