NUM_STATIONS: 10
NUM_REQUESTS: 80
NUM_VEHICLES: 1
VEHICLE_CAPACITY: 2
DISTANCES
0 1 5.3
1 2 5.1
2 3 4.1
3 4 5.8
4 5 8.8
5 6 4.0
6 7 7.4
7 8 2.6
8 9 6.4
9 0 5.7
REQUEST_SECTION
7 4 930.4 1818.2 1
7 1 134.6 578.3 1
9 2 2032.7 2903.0 1
2 9 1302.3 1750.1 1
6 10 1922.6 2904.6 1
0 9 577.5 1825.9 1
6 8 1253.2 1465.7 1
2 3 1267.7 2454.5 1
4 7 47.5 1042.6 1
1 4 218.2 1862.4 1
5 9 1329.8 2573.1 1
7 1 1220.2 1429.0 1
5 3 185.5 1185.6 1
4 10 803.2 2176.2 1
0 1 1821.8 3478.3 1
8 9 1548.4 3201.7 1
8 2 965.2 2266.6 1
8 4 1228.0 2244.5 1
1 5 1410.4 1913.1 1
5 3 1893.9 2703.3 1
8 2 1449.1 2056.5 1
3 6 436.8 863.7 1
5 4 1967.7 2564.4 1
7 9 333.5 1156.7 1
3 5 384.9 1404.8 1
7 8 1698.7 2368.8 1
0 8 788.2 2006.5 1
9 2 547.0 2074.2 1
1 6 1238.5 2902.9 1
4 7 639.3 1857.6 1
0 7 1815.9 2749.4 1
5 7 536.3 2228.9 1
4 7 983.6 1770.6 1
1 6 1081.2 1734.2 1
0 9 1818.7 2438.6 1
8 9 344.2 1832.2 1
2 5 90.4 1453.4 1
1 10 1423.3 2303.0 1
3 2 2166.5 2258.9 1
9 6 135.2 323.4 1
7 8 676.0 1066.4 1
6 8 18.4 1654.0 1
6 3 2163.8 3705.8 1
0 6 1856.2 2554.7 1
1 6 1626.1 3145.1 1
0 7 1927.8 2088.7 1
6 3 365.2 1984.1 1
3 2 1260.4 2328.4 1
8 10 1700.3 3154.1 1
6 3 619.8 1607.7 1
9 8 1675.1 1915.0 1
1 6 1132.1 2210.9 1
3 2 1813.5 3157.6 1
2 5 693.9 1850.8 1
6 1 1591.9 2936.2 1
9 4 1658.3 2439.5 1
7 9 2083.1 2292.1 1
1 2 129.5 548.7 1
8 4 466.6 1105.3 1
3 7 988.2 1875.1 1
1 8 255.8 386.6 1
3 5 345.4 426.3 1
6 4 1514.3 3147.8 1
5 9 1574.6 1640.0 1
4 3 319.6 412.7 1
1 8 12.0 415.4 1
0 9 1393.0 1890.2 1
9 5 270.1 976.9 1
2 9 466.8 2055.3 1
6 2 1256.1 2768.5 1
9 1 1982.5 2836.1 1
9 3 1827.4 3502.2 1
5 2 54.9 1271.5 1
8 10 1821.9 3032.8 1
3 7 1513.8 2214.8 1
7 5 735.7 1913.6 1
0 5 1335.7 2996.3 1
6 1 1825.3 3083.1 1
7 1 290.5 1305.1 1
3 9 1879.6 3380.0 1
EOF
