NUM_STATIONS: 10
NUM_REQUESTS: 80
NUM_VEHICLES: 3
VEHICLE_CAPACITY: 2
DISTANCES
0 1 2.4
1 2 8.8
2 3 9.2
3 4 4.4
4 5 2.3
5 6 10.0
6 7 6.1
7 8 3.9
8 9 6.9
9 0 4.1
REQUEST_SECTION
4 2 137.1 349.1 1
1 6 305.6 402.4 1
9 8 507.2 839.0 1
7 1 133.3 769.2 1
1 5 565.4 940.8 1
5 9 480.0 1061.6 1
1 5 402.6 744.8 1
5 6 241.7 699.5 1
2 8 124.2 534.4 1
6 1 18.0 606.8 1
5 3 239.2 372.5 1
2 7 523.2 937.9 1
5 9 296.0 865.8 1
0 2 343.2 691.8 1
1 8 364.4 565.4 1
7 10 110.2 195.9 1
1 3 364.1 580.5 1
5 3 98.8 461.0 1
2 5 95.2 228.9 1
4 8 58.7 389.5 1
2 4 204.7 700.8 1
4 2 502.8 961.1 1
7 10 547.0 1141.9 1
5 6 306.5 509.3 1
5 9 244.1 640.0 1
7 6 306.4 684.0 1
1 5 555.6 991.8 1
1 2 193.4 814.8 1
9 1 324.7 470.2 1
3 7 131.6 269.8 1
7 2 232.1 803.0 1
1 7 217.3 485.0 1
3 8 388.9 717.7 1
1 5 482.6 666.1 1
1 8 520.9 589.0 1
3 9 373.7 940.1 1
1 10 72.5 268.5 1
7 2 412.3 560.9 1
3 6 501.9 674.3 1
8 7 312.1 874.8 1
1 2 115.6 525.6 1
0 7 333.3 649.3 1
0 3 1.5 544.9 1
0 4 147.3 452.4 1
6 5 356.2 697.2 1
5 8 247.4 775.6 1
1 10 531.0 1043.1 1
5 6 179.9 701.0 1
4 7 123.6 500.2 1
8 9 375.1 1000.7 1
5 8 481.0 600.3 1
6 7 107.9 436.2 1
0 8 449.0 973.9 1
1 9 112.8 198.3 1
0 5 276.9 631.1 1
0 4 56.0 601.7 1
4 9 532.2 1076.0 1
3 1 552.6 903.5 1
7 2 45.3 311.9 1
5 8 514.2 901.3 1
2 10 98.1 532.1 1
7 9 94.8 637.7 1
8 5 261.8 520.8 1
5 6 22.5 358.3 1
8 2 80.1 212.9 1
5 2 21.3 538.5 1
5 1 144.2 652.0 1
8 7 489.9 637.2 1
3 7 469.3 620.7 1
4 7 253.6 464.9 1
6 4 190.9 520.0 1
9 7 371.5 495.2 1
9 3 561.0 812.8 1
9 5 418.6 938.4 1
9 10 138.0 373.1 1
8 10 132.5 558.1 1
9 6 439.4 668.7 1
3 9 405.1 865.9 1
2 9 479.6 761.5 1
2 4 224.0 389.4 1
EOF
