NUM_STATIONS: 10
NUM_REQUESTS: 40
NUM_VEHICLES: 2
VEHICLE_CAPACITY: 1
DISTANCES
0 1 2.8
1 2 2.9
2 3 8.4
3 4 7.3
4 5 6.1
5 6 1.6
6 7 8.4
7 8 7.7
8 9 3.2
9 0 1.5
REQUEST_SECTION
4 8 86.1 652.8 1
3 10 503.6 1114.3 1
6 4 731.8 1371.8 1
1 6 609.0 1149.5 1
0 4 74.2 428.9 1
5 3 394.6 977.0 1
6 9 681.5 893.5 1
1 10 145.2 695.0 1
1 9 984.8 1341.2 1
0 6 364.9 601.1 1
6 9 592.1 891.9 1
5 6 17.6 120.5 1
9 3 651.6 716.3 1
6 2 48.9 598.6 1
9 3 916.4 1446.2 1
0 2 136.3 860.8 1
9 5 641.0 1025.5 1
7 4 34.6 482.5 1
1 5 975.5 1154.0 1
5 4 440.9 670.3 1
8 5 42.4 455.0 1
7 6 793.5 1500.1 1
4 1 286.3 704.0 1
4 10 888.5 1112.1 1
7 5 346.6 1010.4 1
1 10 737.8 839.0 1
3 5 13.3 313.1 1
2 5 570.1 1188.1 1
6 8 481.6 1266.2 1
4 7 381.9 626.9 1
9 1 559.4 1244.6 1
6 3 938.1 1526.7 1
8 9 943.8 1668.0 1
6 3 649.2 1079.0 1
5 2 276.8 690.9 1
8 5 188.4 940.5 1
7 9 79.6 209.6 1
5 4 306.5 714.7 1
0 2 282.8 703.6 1
2 4 723.3 1299.8 1
EOF
