NUM_STATIONS: 10
NUM_REQUESTS: 160
NUM_VEHICLES: 3
VEHICLE_CAPACITY: 8
DISTANCES
0 1 6.3
1 2 7.7
2 3 3.8
3 4 4.5
4 5 9.5
5 6 2.1
6 7 8.1
7 8 3.8
8 9 3.5
9 0 1.8
REQUEST_SECTION
8 5 158.4 302.4 1
2 7 280.3 426.4 1
0 6 262.2 320.2 1
4 2 185.4 319.7 1
6 1 197.5 274.0 1
6 5 193.1 327.3 1
4 5 16.5 127.5 1
1 7 45.1 145.9 1
9 1 28.9 89.2 1
8 4 39.7 174.0 1
6 8 263.7 477.3 1
3 10 19.8 81.7 1
9 6 294.2 382.3 1
1 3 259.8 345.6 1
9 1 158.0 376.1 1
6 5 306.1 382.9 1
1 10 214.6 307.2 1
0 8 162.8 276.2 1
7 10 334.1 493.6 1
2 5 218.2 406.8 1
3 9 0.5 75.8 1
9 5 220.4 371.3 1
2 4 64.2 160.2 1
0 5 161.7 347.4 1
6 5 241.7 412.0 1
1 3 319.0 499.6 1
7 5 241.7 299.1 1
0 4 246.9 397.5 1
2 10 318.4 453.9 1
1 10 95.6 165.3 1
4 1 282.8 381.1 1
5 8 306.7 399.3 1
8 5 258.9 398.1 1
4 10 337.9 530.4 1
6 3 175.2 293.7 1
6 5 295.9 495.7 1
1 7 256.5 379.9 1
3 1 2.4 121.0 1
0 3 186.7 315.5 1
3 2 54.0 228.0 1
7 4 229.7 353.0 1
6 4 81.6 209.1 1
3 8 276.4 390.6 1
7 2 130.4 335.1 1
8 3 105.5 288.1 1
8 2 26.6 137.0 1
2 3 229.1 401.3 1
0 1 270.0 447.9 1
5 8 144.8 350.5 1
2 7 338.1 444.4 1
8 4 172.0 250.1 1
3 8 324.5 505.9 1
2 5 289.8 375.6 1
4 1 95.1 191.4 1
6 4 113.9 260.3 1
4 5 183.8 280.0 1
6 7 234.7 344.4 1
2 8 311.6 384.5 1
8 10 206.9 364.4 1
9 8 91.9 236.7 1
9 3 218.8 326.4 1
8 9 188.8 405.5 1
8 9 29.7 122.5 1
8 10 322.8 508.0 1
3 9 161.8 232.3 1
2 8 217.1 374.1 1
7 3 296.2 419.7 1
1 8 220.6 351.2 1
9 1 201.3 395.4 1
4 6 214.6 427.0 1
2 10 181.8 379.7 1
0 3 2.5 139.6 1
0 5 253.7 430.1 1
5 3 132.1 315.7 1
9 3 137.8 210.8 1
9 4 223.5 439.1 1
3 2 296.6 451.9 1
5 4 218.4 344.5 1
7 1 324.0 458.5 1
0 7 262.1 383.3 1
5 8 14.5 233.9 1
9 1 209.1 415.0 1
3 4 105.1 215.5 1
4 9 251.9 451.1 1
5 1 187.4 383.5 1
5 2 257.5 411.4 1
2 1 311.8 415.2 1
8 2 333.4 458.6 1
0 8 39.2 95.9 1
3 1 208.1 393.3 1
2 10 99.4 297.3 1
0 8 287.8 422.8 1
6 9 72.7 159.7 1
3 8 272.8 428.4 1
4 2 315.2 489.1 1
7 4 235.8 382.5 1
9 1 184.0 327.2 1
7 8 48.9 232.1 1
4 7 102.2 279.2 1
8 5 16.1 198.3 1
8 7 200.1 406.5 1
3 1 301.4 488.6 1
6 3 10.4 145.6 1
5 9 308.7 522.4 1
3 7 120.0 310.9 1
2 7 24.3 236.9 1
2 7 47.7 178.1 1
9 10 57.9 173.9 1
0 8 57.4 258.0 1
7 8 9.2 190.3 1
4 3 153.5 351.9 1
6 7 62.3 128.7 1
1 6 226.0 436.9 1
5 1 332.2 420.6 1
4 9 35.9 98.4 1
3 8 142.2 341.8 1
5 7 286.9 483.1 1
6 9 264.2 402.1 1
1 5 71.1 237.7 1
8 2 92.5 291.4 1
9 10 99.8 294.9 1
5 7 267.0 396.6 1
5 4 204.4 295.4 1
7 6 338.4 523.5 1
5 9 175.9 316.3 1
9 7 286.9 434.3 1
3 5 254.7 392.0 1
5 9 251.1 430.5 1
7 8 132.2 269.1 1
0 5 134.3 294.3 1
6 3 261.0 389.0 1
2 5 249.1 434.0 1
9 8 250.9 414.2 1
1 10 244.8 315.0 1
4 6 191.7 374.6 1
4 9 199.5 401.7 1
6 7 18.2 70.7 1
8 1 101.9 311.3 1
7 2 36.2 107.6 1
8 7 243.1 425.9 1
6 8 109.0 196.5 1
1 6 104.1 172.5 1
0 3 279.4 481.3 1
5 1 301.4 389.8 1
0 4 330.5 503.2 1
9 4 72.5 267.8 1
1 10 36.8 202.7 1
8 5 306.8 362.4 1
7 6 331.1 462.9 1
3 9 182.4 300.2 1
0 8 336.2 446.7 1
2 9 134.4 292.5 1
9 8 10.5 123.6 1
1 9 236.5 350.3 1
1 8 296.6 471.4 1
0 5 257.5 361.5 1
4 6 313.6 393.2 1
7 5 0.7 198.3 1
9 6 154.5 358.7 1
8 5 63.6 124.0 1
EOF
