NUM_STATIONS: 10
NUM_REQUESTS: 160
NUM_VEHICLES: 2
VEHICLE_CAPACITY: 4
DISTANCES
0 1 7.9
1 2 8.7
2 3 5.6
3 4 8.4
4 5 6.3
5 6 1.2
6 7 4.8
7 8 8.8
8 9 1.4
9 0 2.6
REQUEST_SECTION
0 1 970.3 1515.4 1
7 1 831.5 1090.6 1
6 4 733.7 998.5 1
1 3 884.0 1079.3 1
3 4 1106.7 1262.5 1
6 5 674.4 835.2 1
7 4 1015.0 1444.1 1
2 1 94.6 624.8 1
6 2 836.4 1037.9 1
1 2 213.0 409.4 1
1 6 339.3 718.3 1
5 4 599.6 973.4 1
4 2 523.5 652.9 1
8 6 572.4 863.5 1
6 7 622.6 1234.8 1
7 1 357.6 614.3 1
6 5 1029.3 1411.6 1
0 8 947.2 1496.5 1
9 7 57.9 651.8 1
7 3 875.5 1347.2 1
5 6 878.8 1398.3 1
1 10 956.6 1465.1 1
9 4 937.8 1333.7 1
0 1 717.3 940.9 1
3 5 252.6 725.0 1
8 7 909.9 1321.9 1
3 8 900.8 1355.5 1
0 1 297.5 766.1 1
7 2 659.9 1138.1 1
4 6 1096.9 1699.1 1
1 9 1031.8 1595.8 1
1 7 126.4 543.7 1
7 10 294.4 539.3 1
4 6 103.5 250.1 1
7 5 730.1 1060.0 1
8 1 309.6 823.9 1
2 8 672.0 810.7 1
3 10 1066.6 1337.5 1
7 8 517.3 1047.9 1
7 10 186.6 380.7 1
3 7 36.7 525.3 1
9 10 238.9 577.3 1
5 2 526.7 894.4 1
7 1 337.8 780.5 1
1 10 277.2 403.9 1
9 10 209.4 516.8 1
3 4 246.1 326.5 1
9 10 272.8 851.4 1
5 6 610.4 901.2 1
1 4 974.7 1168.4 1
1 3 629.5 1194.0 1
8 2 715.8 1113.0 1
2 7 320.0 836.5 1
8 1 65.5 504.2 1
3 6 775.6 1329.3 1
6 7 458.5 891.7 1
4 9 518.9 970.1 1
3 5 613.2 1009.0 1
5 6 317.4 595.7 1
9 5 38.3 382.5 1
4 10 480.2 823.2 1
0 4 610.1 1120.5 1
9 10 837.4 1295.0 1
1 7 1098.4 1525.9 1
8 6 792.7 1000.3 1
2 8 140.6 528.9 1
5 1 734.8 1261.0 1
9 1 315.0 457.2 1
8 4 1084.3 1541.6 1
6 4 949.8 1506.6 1
3 5 262.2 813.4 1
7 1 180.6 503.4 1
0 7 113.7 205.6 1
5 9 580.0 696.5 1
1 9 15.5 170.3 1
4 1 980.6 1149.5 1
9 3 458.4 711.7 1
8 5 19.3 331.8 1
6 10 676.3 1247.8 1
7 1 710.8 866.3 1
3 10 1084.0 1411.7 1
6 8 345.0 442.0 1
5 8 666.4 1032.8 1
9 8 706.1 982.4 1
7 4 82.4 606.0 1
0 4 621.2 1018.3 1
2 9 626.3 1044.0 1
0 7 263.9 571.0 1
0 4 892.4 1235.6 1
1 6 393.3 766.5 1
0 6 233.8 565.5 1
0 5 323.5 741.0 1
7 1 829.1 1014.5 1
1 3 92.6 248.2 1
3 8 732.8 953.7 1
7 2 596.1 1055.4 1
6 2 926.4 1439.0 1
8 9 466.1 1050.8 1
0 3 915.4 1517.7 1
2 7 179.6 339.3 1
6 1 317.2 568.2 1
8 9 1031.4 1546.0 1
6 4 1044.2 1457.8 1
0 4 540.2 761.1 1
7 3 782.1 1335.7 1
6 4 898.9 1492.8 1
3 8 227.1 621.5 1
9 7 832.4 1256.7 1
3 1 294.3 848.3 1
2 8 848.7 999.6 1
3 2 618.4 746.1 1
1 10 45.8 357.5 1
8 5 75.3 229.8 1
1 8 1088.8 1645.1 1
1 10 614.7 1059.6 1
8 10 404.3 619.0 1
6 8 647.2 1023.5 1
3 6 266.3 842.8 1
8 9 448.5 1056.0 1
2 7 875.7 1279.4 1
0 7 252.2 410.4 1
6 2 191.4 623.9 1
3 1 120.8 415.0 1
5 8 850.4 1435.7 1
4 6 98.2 287.4 1
5 3 669.7 748.4 1
6 1 815.7 1080.2 1
2 9 615.6 920.4 1
1 10 828.4 1231.9 1
0 5 46.3 104.1 1
1 5 882.3 1467.6 1
7 6 854.7 1109.0 1
1 6 244.6 853.7 1
5 10 347.2 823.4 1
4 10 871.5 1190.8 1
7 8 57.4 643.3 1
5 7 85.3 436.5 1
5 8 300.9 627.5 1
3 8 911.1 1258.8 1
6 8 983.8 1114.1 1
7 1 683.9 921.3 1
9 6 758.3 1261.1 1
1 10 448.8 861.7 1
1 5 552.3 973.8 1
1 9 224.6 493.1 1
4 6 221.9 697.7 1
7 6 363.5 772.5 1
6 9 1040.3 1636.8 1
7 2 823.8 1012.6 1
5 7 544.1 877.7 1
7 10 758.2 1107.2 1
3 8 250.0 695.5 1
1 3 263.3 447.9 1
2 8 506.1 889.1 1
4 2 7.0 130.0 1
5 8 759.4 1224.9 1
4 2 579.3 839.2 1
4 2 680.7 1222.5 1
9 8 627.0 789.7 1
0 9 366.8 958.8 1
EOF
