NUM_STATIONS: 10
NUM_REQUESTS: 160
NUM_VEHICLES: 3
VEHICLE_CAPACITY: 1
DISTANCES
0 1 6.3
1 2 7.7
2 3 3.8
3 4 4.5
4 5 9.5
5 6 2.1
6 7 8.1
7 8 3.8
8 9 3.5
9 0 1.8
REQUEST_SECTION
8 5 1362.5 1924.3 1
2 7 1417.8 2783.1 1
0 6 2490.1 3814.2 1
4 2 1672.6 2837.9 1
6 1 1601.9 2075.6 1
6 5 34.1 1330.2 1
4 5 2301.0 3247.3 1
1 7 985.2 1663.0 1
9 1 335.8 1727.6 1
8 4 464.6 1654.1 1
6 8 183.4 917.3 1
3 10 2398.9 2453.8 1
9 6 1181.1 1948.4 1
1 3 744.3 2041.6 1
9 1 2636.0 3341.8 1
6 5 1642.9 2693.2 1
1 10 2472.8 2533.8 1
0 8 1051.7 1239.0 1
7 10 736.6 1780.3 1
2 5 614.4 1034.1 1
3 9 1570.5 2576.0 1
9 5 1634.5 2211.7 1
2 4 479.6 620.7 1
0 5 30.7 972.5 1
6 5 2227.6 3585.1 1
1 3 1076.8 2121.2 1
7 5 1731.9 2040.2 1
0 4 587.7 740.7 1
2 10 523.3 1551.0 1
1 10 349.9 1188.9 1
4 1 2029.6 2746.3 1
5 8 1738.1 2085.3 1
8 5 1078.3 1973.7 1
4 10 1760.5 1861.2 1
6 3 713.8 1436.0 1
6 5 807.8 1180.6 1
1 7 945.2 2057.3 1
3 1 70.4 998.8 1
0 3 686.0 2002.0 1
3 2 620.8 1149.9 1
7 4 1060.8 1317.5 1
6 4 1181.2 2313.2 1
3 8 2335.7 2957.7 1
7 2 1130.2 1277.5 1
8 3 1705.9 2490.5 1
8 2 323.3 1409.9 1
2 3 530.9 1663.7 1
0 1 2279.1 2384.4 1
5 8 1026.5 1382.8 1
2 7 1420.8 1968.3 1
8 4 1005.2 1107.2 1
3 8 1756.1 2504.8 1
2 5 2063.5 2413.3 1
4 1 1406.4 1805.2 1
6 4 1695.4 2899.4 1
4 5 1259.5 1922.4 1
6 7 1065.5 1316.6 1
2 8 2099.5 3270.5 1
8 10 1641.8 2825.3 1
9 8 2211.3 2589.9 1
9 3 643.3 1705.2 1
8 9 646.1 1692.6 1
8 9 2062.0 2556.9 1
8 10 1812.2 1935.1 1
3 9 1486.0 2878.6 1
2 8 2077.5 2239.0 1
7 3 2321.5 3501.5 1
1 8 325.7 1469.4 1
9 1 2584.0 3794.2 1
4 6 2264.3 2576.8 1
2 10 1687.4 1841.1 1
0 3 535.9 1613.6 1
0 5 1793.1 2785.8 1
5 3 1155.6 1227.2 1
9 3 1423.9 2457.4 1
9 4 2101.1 3160.7 1
3 2 2182.8 2556.6 1
5 4 24.7 302.3 1
7 1 1782.4 2741.6 1
0 7 1691.4 1762.2 1
5 8 2391.0 2750.6 1
9 1 1777.4 2629.2 1
3 4 2055.2 3457.0 1
4 9 1634.8 2661.1 1
5 1 930.9 1883.2 1
5 2 712.0 1897.8 1
2 1 968.3 1736.6 1
8 2 2568.7 3948.8 1
0 8 838.5 1823.7 1
3 1 2563.6 3944.3 1
2 10 138.2 244.2 1
0 8 1876.8 2791.5 1
6 9 1047.9 1217.4 1
3 8 1333.3 1586.3 1
4 2 2423.1 2554.0 1
7 4 633.3 1486.3 1
9 1 1718.9 2350.2 1
7 8 13.4 1010.5 1
4 7 2448.0 2915.3 1
8 5 2719.9 3818.5 1
8 7 1738.6 2870.6 1
3 1 1708.1 3073.4 1
6 3 1971.3 3070.5 1
5 9 672.3 1722.1 1
3 7 2006.5 2312.5 1
2 7 1095.0 2126.0 1
2 7 1090.0 1678.9 1
9 10 2700.9 3963.8 1
0 8 894.6 1644.4 1
7 8 725.8 1002.3 1
4 3 674.9 1266.5 1
6 7 161.9 685.9 1
1 6 935.4 1285.3 1
5 1 446.8 1337.1 1
4 9 2424.2 2754.9 1
3 8 702.5 1276.8 1
5 7 2240.1 3035.3 1
6 9 768.7 1880.6 1
1 5 1089.6 1181.0 1
8 2 1857.9 2657.1 1
9 10 1700.8 2307.3 1
5 7 1134.3 2087.4 1
5 4 1544.2 1663.5 1
7 6 376.4 949.6 1
5 9 700.0 1967.0 1
9 7 1247.0 1451.8 1
3 5 800.0 1171.8 1
5 9 1886.1 2979.9 1
7 8 2271.5 2863.7 1
0 5 18.4 1395.4 1
6 3 312.0 1429.5 1
2 5 956.1 2217.3 1
9 8 434.5 995.9 1
1 10 300.2 1539.5 1
4 6 2287.5 2592.9 1
4 9 2332.5 3546.3 1
6 7 2535.5 3563.5 1
8 1 345.4 1253.2 1
7 2 892.7 2203.7 1
8 7 1680.4 2950.8 1
6 8 207.1 1293.1 1
1 6 1943.0 2390.8 1
0 3 1020.6 2138.0 1
5 1 2055.7 2417.3 1
0 4 557.2 1844.1 1
9 4 2559.7 3693.3 1
1 10 2011.3 3135.1 1
8 5 772.4 1528.9 1
7 6 530.7 1794.0 1
3 9 1433.1 1825.4 1
0 8 767.3 1878.7 1
2 9 1110.5 2500.4 1
9 8 2445.5 3370.7 1
1 9 560.5 1770.0 1
1 8 654.1 1519.2 1
0 5 2585.8 2793.0 1
4 6 2646.5 3792.1 1
7 5 584.0 1191.1 1
9 6 1685.5 2969.7 1
8 5 2449.6 2531.9 1
EOF
