NUM_STATIONS: 10
NUM_REQUESTS: 160
NUM_VEHICLES: 3
VEHICLE_CAPACITY: 8
DISTANCES
0 1 3.3
1 2 8.6
2 3 9.8
3 4 4.8
4 5 3.7
5 6 5.0
6 7 1.8
7 8 2.0
8 9 1.3
9 0 2.7
REQUEST_SECTION
9 3 51.2 141.6 1
8 4 194.7 330.4 1
4 8 80.8 232.9 1
6 3 30.3 94.0 1
8 2 207.1 366.2 1
7 2 83.7 219.3 1
8 1 82.0 230.5 1
6 4 49.8 216.6 1
7 2 152.0 219.7 1
2 6 128.8 314.3 1
3 7 181.1 287.6 1
8 4 202.0 373.8 1
0 8 25.2 118.6 1
8 10 5.7 90.8 1
8 2 176.4 242.9 1
4 2 13.7 199.1 1
3 5 130.1 190.4 1
5 7 66.5 220.9 1
3 7 13.1 91.6 1
7 4 168.1 327.5 1
6 7 102.6 248.9 1
3 7 59.1 143.2 1
5 2 34.0 162.7 1
4 7 61.1 130.6 1
3 5 32.3 100.4 1
1 3 15.0 172.6 1
9 10 188.3 340.3 1
3 6 92.9 276.8 1
3 7 111.9 179.3 1
7 10 92.2 229.5 1
8 9 122.4 258.1 1
3 9 134.0 269.7 1
4 7 100.0 230.3 1
4 6 18.3 111.9 1
6 10 154.4 323.6 1
1 3 157.8 241.1 1
8 7 93.9 248.0 1
8 10 57.3 241.0 1
2 1 134.0 288.3 1
5 1 44.4 148.8 1
2 4 46.2 104.3 1
5 10 77.6 166.9 1
8 6 42.2 218.7 1
5 2 53.0 160.0 1
6 2 163.3 291.2 1
5 4 144.8 259.5 1
0 9 189.4 297.6 1
3 4 36.4 152.7 1
0 2 46.4 211.5 1
9 7 70.8 161.1 1
8 3 156.4 313.9 1
1 4 181.4 259.3 1
3 1 0.5 151.4 1
2 7 60.4 137.9 1
3 10 115.6 195.9 1
2 4 63.1 243.3 1
5 8 15.1 160.1 1
8 1 100.1 264.2 1
2 3 39.8 89.7 1
6 8 80.4 203.6 1
8 10 55.7 185.6 1
6 8 15.4 79.5 1
2 6 7.3 53.6 1
6 7 135.4 182.6 1
7 2 168.6 255.7 1
0 7 197.9 287.6 1
3 5 105.3 154.6 1
4 5 53.3 175.4 1
5 2 183.9 346.8 1
5 4 3.9 76.8 1
5 3 147.1 323.7 1
3 10 26.8 112.2 1
6 7 87.9 154.6 1
2 9 32.8 121.4 1
1 8 57.0 113.2 1
0 1 19.4 170.7 1
2 9 207.5 335.9 1
9 5 151.2 276.7 1
6 5 68.7 210.6 1
3 7 49.8 205.7 1
7 1 137.4 299.7 1
3 2 112.8 243.1 1
2 7 94.3 216.4 1
1 8 75.8 150.6 1
1 10 49.1 180.7 1
9 8 204.6 347.4 1
7 8 189.4 318.3 1
2 7 119.2 178.2 1
6 1 99.5 145.9 1
7 3 207.5 298.8 1
8 2 189.9 371.1 1
2 6 202.8 335.3 1
8 6 80.5 174.4 1
1 3 96.3 201.0 1
9 5 17.0 162.3 1
0 3 100.3 222.3 1
5 10 165.5 309.3 1
7 3 123.7 183.1 1
5 10 9.1 78.4 1
6 2 183.8 286.0 1
6 8 185.0 241.4 1
8 5 76.2 144.8 1
0 2 210.3 390.3 1
9 5 156.3 232.9 1
8 3 212.3 292.8 1
4 9 53.2 118.8 1
4 9 113.8 225.4 1
1 6 167.1 340.3 1
9 4 106.3 161.3 1
9 6 204.2 248.2 1
0 2 144.2 222.9 1
6 8 26.0 100.9 1
6 2 151.1 279.1 1
2 6 64.2 167.0 1
6 3 170.2 312.0 1
7 3 157.8 265.7 1
3 9 9.8 147.5 1
6 10 55.7 209.0 1
3 2 184.1 315.8 1
9 1 14.1 150.6 1
6 9 60.4 140.6 1
4 9 21.8 164.0 1
3 9 152.4 243.8 1
8 5 151.3 267.6 1
4 5 188.4 286.2 1
0 4 139.6 218.5 1
5 8 106.9 200.8 1
9 10 54.1 220.7 1
0 2 106.2 232.9 1
1 3 149.0 301.3 1
4 2 48.5 197.7 1
4 3 53.0 213.0 1
0 1 125.9 188.4 1
9 3 105.5 185.5 1
5 6 91.7 149.4 1
4 9 57.0 173.2 1
5 2 33.5 191.2 1
0 6 90.7 207.2 1
1 9 208.1 274.4 1
9 3 26.4 139.2 1
4 10 129.6 211.3 1
2 7 162.3 315.9 1
5 1 210.6 254.4 1
3 10 44.1 187.3 1
3 6 156.5 223.4 1
2 4 117.8 168.3 1
0 4 192.0 364.7 1
0 8 198.6 262.5 1
3 5 179.0 326.0 1
0 3 141.0 194.4 1
3 8 135.0 295.8 1
4 9 67.4 126.0 1
3 10 207.4 262.3 1
6 3 190.4 353.8 1
7 3 190.1 301.0 1
6 10 151.9 202.3 1
9 7 60.5 126.7 1
0 6 57.2 220.2 1
6 5 125.2 178.3 1
7 4 129.4 188.0 1
EOF
