NUM_STATIONS: 10
NUM_REQUESTS: 160
NUM_VEHICLES: 3
VEHICLE_CAPACITY: 2
DISTANCES
0 1 6.3
1 2 1.5
2 3 7.8
3 4 9.8
4 5 9.9
5 6 6.9
6 7 1.6
7 8 5.2
8 9 2.2
9 0 6.8
REQUEST_SECTION
3 7 632.0 1364.8 1
2 4 72.7 745.8 1
2 7 499.7 677.2 1
7 4 1113.2 1506.6 1
4 10 1239.5 1650.0 1
1 4 1332.0 1481.9 1
2 1 1059.2 1260.4 1
5 9 1455.7 2170.2 1
7 3 402.0 571.6 1
0 7 114.6 346.6 1
0 3 593.2 864.1 1
0 5 612.7 1019.5 1
0 3 180.6 921.6 1
8 4 42.3 536.1 1
3 4 1009.0 1825.4 1
0 7 1016.4 1700.2 1
5 4 1254.7 2024.9 1
9 8 425.9 923.5 1
8 6 1385.1 2190.4 1
9 7 138.7 765.7 1
9 4 269.3 1065.7 1
2 4 235.6 1035.6 1
9 3 1216.4 1828.2 1
9 5 1133.1 1694.5 1
1 6 525.7 892.6 1
9 4 1491.4 1678.2 1
9 2 1532.3 1870.8 1
7 2 1237.5 1350.1 1
3 9 432.3 1095.9 1
1 2 1243.7 1984.6 1
5 6 793.2 1350.5 1
0 8 1256.4 1484.9 1
1 4 1488.4 1750.9 1
8 3 1538.5 2167.5 1
0 1 1036.5 1862.5 1
3 2 538.6 1194.5 1
9 8 215.6 490.0 1
0 9 237.9 373.8 1
7 6 1065.9 1687.2 1
6 2 658.2 1266.2 1
2 3 1170.1 1468.6 1
2 3 1372.1 1432.8 1
2 8 1437.2 1806.7 1
7 3 778.7 1081.9 1
5 1 1525.1 2186.9 1
9 6 158.0 365.8 1
0 2 1128.1 1381.5 1
5 2 173.2 452.0 1
0 4 1375.6 1488.3 1
0 1 1473.9 1771.5 1
8 5 1364.1 2025.9 1
1 9 164.7 966.1 1
9 10 1084.7 1660.3 1
9 10 623.0 821.5 1
3 10 1127.8 1544.1 1
0 5 844.3 1445.8 1
9 3 1144.9 1540.7 1
1 7 648.4 904.7 1
2 9 1371.7 1880.3 1
2 9 303.2 648.2 1
2 7 1459.0 1519.9 1
5 1 1218.5 1392.1 1
6 4 914.1 1114.2 1
1 4 1021.8 1808.8 1
5 3 40.6 321.5 1
2 5 857.9 1163.1 1
4 10 1038.6 1218.0 1
0 6 205.0 453.6 1
3 2 417.4 584.6 1
6 1 143.3 875.1 1
6 1 230.2 631.4 1
7 1 1199.0 1899.0 1
9 10 1435.8 1583.3 1
3 4 1227.3 1654.7 1
3 6 707.9 1052.0 1
1 4 1119.9 1908.8 1
2 4 409.7 747.8 1
6 9 591.1 985.5 1
3 7 453.9 590.9 1
9 4 1110.2 1679.8 1
5 4 330.2 888.3 1
0 3 1331.8 2036.0 1
1 3 133.1 369.2 1
9 1 542.0 682.7 1
4 3 1024.2 1466.0 1
9 10 113.8 844.2 1
8 7 150.0 574.5 1
1 7 1472.0 2171.0 1
7 6 562.3 982.8 1
2 5 1390.0 1641.4 1
0 2 219.5 675.3 1
5 7 138.0 414.0 1
3 7 728.3 1209.0 1
4 10 98.2 748.9 1
5 10 1452.0 2246.9 1
7 5 1082.3 1483.6 1
1 6 1078.4 1644.3 1
7 1 910.5 1707.9 1
1 5 122.4 482.7 1
6 8 1299.9 1784.6 1
3 5 155.8 457.6 1
9 7 1317.4 2077.8 1
4 9 972.4 1524.3 1
7 4 107.6 912.3 1
4 9 767.1 1131.9 1
8 2 432.6 636.4 1
4 9 535.5 629.2 1
2 1 696.7 875.9 1
8 10 753.4 833.4 1
5 1 1030.4 1777.4 1
9 1 826.6 1627.9 1
0 4 276.7 970.6 1
0 2 200.4 730.9 1
6 1 171.8 857.3 1
5 4 789.5 1086.8 1
5 1 1297.7 1449.0 1
0 9 332.6 1134.0 1
6 9 911.0 1549.3 1
6 5 1090.1 1383.6 1
7 9 432.9 520.5 1
8 6 279.7 788.5 1
1 6 214.0 998.0 1
2 8 592.7 865.1 1
1 9 188.7 923.9 1
0 8 999.0 1104.5 1
7 1 1052.4 1564.4 1
3 9 1539.4 2087.8 1
7 10 1368.2 2091.2 1
2 4 881.7 1390.4 1
8 7 708.4 1201.6 1
7 1 224.8 1008.9 1
3 7 1143.0 1886.1 1
9 5 62.3 566.9 1
0 8 161.1 366.2 1
9 3 298.0 448.3 1
5 8 1375.7 1725.3 1
1 3 1052.6 1490.6 1
1 9 514.0 709.0 1
5 9 729.9 1407.1 1
2 5 889.8 1160.5 1
8 3 1060.5 1644.3 1
1 8 391.1 963.2 1
6 9 218.6 864.6 1
0 9 1084.4 1259.9 1
4 7 747.6 1135.6 1
2 8 487.1 856.8 1
1 6 1015.5 1469.6 1
1 10 138.2 543.9 1
0 5 28.2 155.1 1
3 9 1349.4 1448.7 1
5 9 1340.3 1407.5 1
4 5 558.2 1267.4 1
7 1 1025.3 1367.4 1
9 1 580.5 1112.5 1
4 10 1140.7 1577.9 1
6 1 676.1 1294.0 1
7 3 1162.0 1760.8 1
3 8 288.9 1093.2 1
0 9 1082.8 1457.4 1
5 3 1036.5 1732.4 1
EOF
