NUM_STATIONS: 10
NUM_REQUESTS: 80
NUM_VEHICLES: 1
VEHICLE_CAPACITY: 8
DISTANCES
0 1 5.3
1 2 5.1
2 3 4.1
3 4 5.8
4 5 8.8
5 6 4.0
6 7 7.4
7 8 2.6
8 9 6.4
9 0 5.7
REQUEST_SECTION
7 4 390.3 663.6 1
7 1 274.6 576.6 1
9 2 359.4 634.2 1
2 9 166.0 259.6 1
6 10 264.1 432.3 1
0 9 228.3 410.7 1
6 8 47.2 200.3 1
2 3 213.1 392.2 1
4 7 286.1 472.0 1
1 4 66.7 346.0 1
5 9 321.5 498.7 1
7 1 124.0 208.6 1
5 3 107.4 289.2 1
4 10 99.7 202.8 1
0 1 321.6 532.6 1
8 9 194.3 317.7 1
8 2 30.0 288.7 1
8 4 402.6 483.2 1
1 5 70.4 245.9 1
5 3 105.2 187.7 1
8 2 298.5 554.0 1
3 6 224.2 485.6 1
5 4 102.2 344.2 1
7 9 112.5 260.7 1
3 5 236.9 333.6 1
7 8 130.7 290.0 1
0 8 109.0 345.1 1
9 2 15.7 230.6 1
1 6 121.8 298.8 1
4 7 278.2 559.0 1
0 7 323.0 499.2 1
5 7 37.2 366.6 1
4 7 9.3 136.2 1
1 6 181.4 290.1 1
0 9 266.6 562.5 1
8 9 307.8 375.6 1
2 5 59.5 151.5 1
1 10 393.8 643.4 1
3 2 237.8 513.3 1
9 6 196.8 346.9 1
7 8 292.7 411.4 1
6 8 314.7 525.6 1
6 3 163.7 322.6 1
0 6 379.4 613.7 1
1 6 191.2 316.3 1
0 7 384.8 452.0 1
6 3 363.1 567.4 1
3 2 204.3 528.5 1
8 10 210.6 392.5 1
6 3 410.5 643.2 1
9 8 89.7 308.4 1
1 6 277.8 562.1 1
3 2 245.7 522.5 1
2 5 210.5 378.0 1
6 1 50.9 353.9 1
9 4 347.8 563.0 1
7 9 6.7 119.6 1
1 2 107.9 255.3 1
8 4 227.9 482.7 1
3 7 338.3 651.3 1
1 8 65.6 385.3 1
3 5 28.3 341.8 1
6 4 19.3 127.3 1
5 9 403.0 614.3 1
4 3 270.9 388.1 1
1 8 95.3 403.1 1
0 9 294.8 449.3 1
9 5 409.8 696.9 1
2 9 71.7 318.6 1
6 2 244.7 564.8 1
9 1 338.4 514.3 1
9 3 98.2 343.3 1
5 2 338.8 494.4 1
8 10 97.1 338.2 1
3 7 4.6 89.8 1
7 5 319.4 536.2 1
0 5 75.8 243.8 1
6 1 327.9 554.9 1
7 1 69.3 397.4 1
3 9 404.9 645.7 1
EOF
