NUM_STATIONS: 10
NUM_REQUESTS: 160
NUM_VEHICLES: 2
VEHICLE_CAPACITY: 2
DISTANCES
0 1 3.3
1 2 8.6
2 3 9.8
3 4 4.8
4 5 3.7
5 6 5.0
6 7 1.8
7 8 2.0
8 9 1.3
9 0 2.7
REQUEST_SECTION
9 3 1629.5 1947.5 1
8 4 97.9 535.6 1
4 8 1207.3 1390.5 1
6 3 819.3 872.2 1
8 2 1475.1 2052.0 1
7 2 1001.4 1749.3 1
8 1 1437.0 1653.2 1
6 4 179.7 289.3 1
7 2 1460.2 2001.1 1
2 6 1511.2 2662.8 1
3 7 1251.8 2044.8 1
8 4 851.4 1300.8 1
0 8 1291.9 2025.2 1
8 10 74.5 144.8 1
8 2 1567.0 2007.8 1
4 2 1240.0 2192.4 1
3 5 868.2 993.0 1
5 7 709.1 957.9 1
3 7 776.4 1728.9 1
7 4 1458.6 1844.2 1
6 7 471.9 1305.1 1
3 7 1049.9 2022.8 1
5 2 190.6 478.1 1
4 7 899.7 1482.0 1
3 5 1178.6 1963.3 1
1 3 1158.6 1240.8 1
9 10 1127.0 1530.3 1
3 6 1158.8 2307.7 1
3 7 341.5 1645.2 1
7 10 560.4 1197.3 1
8 9 501.6 979.1 1
3 9 608.7 720.9 1
4 7 989.9 1084.5 1
4 6 631.5 1039.5 1
6 10 334.6 1541.9 1
1 3 1176.1 1683.1 1
8 7 892.4 1329.7 1
8 10 352.4 502.0 1
2 1 345.2 1266.9 1
5 1 1632.5 2701.5 1
2 4 670.5 1307.9 1
5 10 835.8 1951.5 1
8 6 1035.7 1237.3 1
5 2 1373.2 1948.1 1
6 2 140.1 1113.9 1
5 4 1507.1 2318.2 1
0 9 139.1 1020.6 1
3 4 986.1 1402.4 1
0 2 3.3 1179.1 1
9 7 1636.7 2740.3 1
8 3 1268.4 1985.6 1
1 4 1321.8 1591.2 1
3 1 330.6 1601.4 1
2 7 372.8 815.6 1
3 10 518.2 931.6 1
2 4 1065.7 2056.1 1
5 8 968.5 1634.4 1
8 1 414.3 1423.3 1
2 3 679.1 1860.5 1
6 8 1373.1 1979.8 1
8 10 449.1 1050.8 1
6 8 1622.5 2875.6 1
2 6 1692.5 2222.0 1
6 7 444.7 546.0 1
7 2 251.7 1237.6 1
0 7 1696.3 2494.9 1
3 5 1593.4 2008.8 1
4 5 302.6 1312.7 1
5 2 715.0 1314.9 1
5 4 487.5 1495.3 1
5 3 1092.9 1882.5 1
3 10 81.1 1333.6 1
6 7 589.3 1264.5 1
2 9 1103.7 2318.5 1
1 8 1524.1 1887.2 1
0 1 1518.3 2273.7 1
2 9 227.2 510.2 1
9 5 952.0 1849.0 1
6 5 1290.7 2036.8 1
3 7 963.0 1136.7 1
7 1 1563.3 1795.8 1
3 2 120.4 202.8 1
2 7 1091.0 2206.0 1
1 8 431.4 845.7 1
1 10 1459.1 1524.6 1
9 8 1411.2 1969.1 1
7 8 793.8 898.0 1
2 7 41.9 435.1 1
6 1 672.4 1663.9 1
7 3 314.0 489.6 1
8 2 1666.4 2734.6 1
2 6 938.1 1670.8 1
8 6 1054.9 1690.0 1
1 3 879.2 1683.4 1
9 5 253.7 420.8 1
0 3 1576.7 2132.5 1
5 10 1251.2 1396.1 1
7 3 981.2 1369.1 1
5 10 1308.3 2248.5 1
6 2 1078.4 1298.9 1
6 8 1173.6 1719.2 1
8 5 58.8 1277.0 1
0 2 111.3 254.8 1
9 5 1080.7 2084.7 1
8 3 1554.2 2732.9 1
4 9 218.0 1247.9 1
4 9 967.6 1043.8 1
1 6 955.7 1406.9 1
9 4 285.5 514.3 1
9 6 700.2 1010.7 1
0 2 1667.1 2828.0 1
6 8 90.5 177.0 1
6 2 962.9 2153.1 1
2 6 1127.0 1264.4 1
6 3 421.3 884.4 1
7 3 382.6 1466.4 1
3 9 1091.4 1963.3 1
6 10 1533.0 2351.9 1
3 2 1301.7 2590.8 1
9 1 386.8 1126.6 1
6 9 1056.2 2378.6 1
4 9 901.3 954.1 1
3 9 1055.3 1523.0 1
8 5 1663.4 2971.9 1
4 5 1319.1 2043.8 1
0 4 1049.5 1927.8 1
5 8 108.2 946.1 1
9 10 1640.2 2014.4 1
0 2 1543.4 2047.3 1
1 3 456.2 1621.2 1
4 2 84.5 219.9 1
4 3 389.6 1680.9 1
0 1 1642.8 2040.1 1
9 3 287.2 889.5 1
5 6 1537.7 2771.1 1
4 9 768.4 2077.6 1
5 2 1334.3 2080.1 1
0 6 362.6 1147.0 1
1 9 185.6 251.4 1
9 3 210.3 1260.1 1
4 10 1616.1 2068.5 1
2 7 474.2 1434.6 1
5 1 482.3 1807.9 1
3 10 1569.1 2228.2 1
3 6 1322.4 2203.3 1
2 4 204.9 1215.1 1
0 4 293.0 581.9 1
0 8 202.0 816.8 1
3 5 742.7 1023.9 1
0 3 674.7 759.2 1
3 8 1470.1 1587.5 1
4 9 378.1 1146.5 1
3 10 317.2 894.8 1
6 3 1363.3 2548.5 1
7 3 93.3 519.1 1
6 10 1077.1 1266.7 1
9 7 1258.7 2091.0 1
0 6 571.7 1708.2 1
6 5 898.4 1676.6 1
7 4 839.1 1221.2 1
EOF
