NUM_STATIONS: 10
NUM_REQUESTS: 40
NUM_VEHICLES: 3
VEHICLE_CAPACITY: 1
DISTANCES
0 1 2.8
1 2 2.9
2 3 8.4
3 4 7.3
4 5 6.1
5 6 1.6
6 7 8.4
7 8 7.7
8 9 3.2
9 0 1.5
REQUEST_SECTION
4 8 427.5 691.1 1
3 10 74.0 306.4 1
6 4 313.4 431.7 1
1 6 245.8 518.6 1
0 4 136.6 297.1 1
5 3 80.3 350.8 1
6 9 373.6 436.8 1
1 10 211.1 316.1 1
1 9 420.1 650.2 1
0 6 236.4 410.1 1
6 9 122.5 493.2 1
5 6 40.4 321.5 1
9 3 541.8 765.0 1
6 2 192.2 437.5 1
9 3 400.1 509.1 1
0 2 30.8 351.2 1
9 5 273.7 440.2 1
7 4 350.3 715.9 1
1 5 349.7 618.4 1
5 4 657.1 838.6 1
8 5 490.1 625.8 1
7 6 570.7 844.1 1
4 1 379.0 696.3 1
4 10 654.3 803.3 1
7 5 523.2 759.0 1
1 10 288.2 343.0 1
3 5 554.2 830.4 1
2 5 497.3 761.8 1
6 8 252.2 377.3 1
4 7 40.5 216.7 1
9 1 404.8 753.7 1
6 3 649.6 945.5 1
8 9 282.6 357.7 1
6 3 422.5 485.8 1
5 2 141.0 232.7 1
8 5 558.8 806.7 1
7 9 214.6 459.8 1
5 4 459.0 668.5 1
0 2 625.4 742.5 1
2 4 392.7 475.6 1
EOF
