NUM_STATIONS: 10
NUM_REQUESTS: 160
NUM_VEHICLES: 2
VEHICLE_CAPACITY: 1
DISTANCES
0 1 6.3
1 2 7.7
2 3 3.8
3 4 4.5
4 5 9.5
5 6 2.1
6 7 8.1
7 8 3.8
8 9 3.5
9 0 1.8
REQUEST_SECTION
8 5 4072.1 4294.1 1
2 7 3712.0 5665.7 1
0 6 2478.2 2799.4 1
4 2 254.3 1899.3 1
6 1 2122.9 3931.4 1
6 5 3827.4 5073.7 1
4 5 4010.8 4768.4 1
1 7 1464.9 1938.0 1
9 1 3709.6 5505.8 1
8 4 4067.2 5605.9 1
6 8 1102.2 1772.4 1
3 10 442.1 2226.5 1
9 6 194.8 295.8 1
1 3 1506.5 1619.1 1
9 1 3698.5 4510.3 1
6 5 723.1 1163.4 1
1 10 986.2 1438.7 1
0 8 1474.9 1972.5 1
7 10 3142.9 4653.0 1
2 5 2783.2 3017.5 1
3 9 1204.3 2928.5 1
9 5 155.3 1979.3 1
2 4 3392.9 4153.8 1
0 5 3221.6 4041.4 1
6 5 2944.0 3693.4 1
1 3 358.1 2060.5 1
7 5 3744.7 5510.3 1
0 4 2626.3 2833.0 1
2 10 298.1 793.6 1
1 10 3307.7 3685.8 1
4 1 2485.8 3812.2 1
5 8 1697.3 2272.4 1
8 5 1639.1 2779.2 1
4 10 936.9 3016.6 1
6 3 1058.9 3035.7 1
6 5 1964.2 3038.0 1
1 7 3413.5 4002.3 1
3 1 1361.7 2670.5 1
0 3 568.0 1456.6 1
3 2 2931.8 2993.0 1
7 4 1194.3 1547.7 1
6 4 1780.1 2812.5 1
3 8 2879.2 3349.7 1
7 2 3818.0 4482.1 1
8 3 1246.8 1702.1 1
8 2 2716.2 4241.1 1
2 3 4065.2 5933.1 1
0 1 1719.9 2999.6 1
5 8 4018.0 5749.2 1
2 7 2358.1 3053.1 1
8 4 609.7 2391.6 1
3 8 2539.9 4183.6 1
2 5 389.3 1635.5 1
4 1 3655.3 5469.9 1
6 4 206.6 977.1 1
4 5 3838.5 5848.3 1
6 7 1105.3 2340.2 1
2 8 1511.1 1574.7 1
8 10 401.1 978.4 1
9 8 2698.3 4260.4 1
9 3 1379.0 2321.1 1
8 9 3150.8 4127.8 1
8 9 410.5 1104.8 1
8 10 14.7 160.6 1
3 9 3175.0 5165.9 1
2 8 1.2 1377.6 1
7 3 1202.3 1485.9 1
1 8 1213.4 2488.0 1
9 1 1252.6 1986.6 1
4 6 1330.8 1490.5 1
2 10 2002.7 3378.5 1
0 3 1145.5 1224.0 1
0 5 2386.8 2642.6 1
5 3 3065.2 3225.4 1
9 3 1395.8 2489.6 1
9 4 2159.2 3273.6 1
3 2 181.3 1375.8 1
5 4 2032.1 3104.4 1
7 1 3018.9 4505.6 1
0 7 15.8 715.2 1
5 8 3477.6 5481.2 1
9 1 2548.6 4368.2 1
3 4 1350.1 1572.2 1
4 9 2982.3 4129.6 1
5 1 4022.6 4514.6 1
5 2 3102.2 3219.1 1
2 1 673.5 1604.2 1
8 2 2434.4 4215.3 1
0 8 1813.7 2536.4 1
3 1 3959.2 5433.6 1
2 10 1888.3 2214.1 1
0 8 1137.1 2564.4 1
6 9 2372.2 3142.6 1
3 8 3034.0 3927.8 1
4 2 2078.1 3177.3 1
7 4 1202.0 1351.2 1
9 1 2275.4 2406.0 1
7 8 434.8 984.3 1
4 7 2756.9 4350.7 1
8 5 721.6 931.3 1
8 7 3783.3 4021.2 1
3 1 3519.3 3682.9 1
6 3 2293.4 3336.1 1
5 9 3164.2 3310.9 1
3 7 1393.0 1528.8 1
2 7 3879.0 4783.3 1
2 7 1094.2 3096.3 1
9 10 2779.2 3111.0 1
0 8 1568.3 3156.9 1
7 8 3832.7 4186.8 1
4 3 3215.3 5024.8 1
6 7 3179.6 4817.6 1
1 6 2148.9 3326.6 1
5 1 2597.0 3601.3 1
4 9 2149.7 3801.5 1
3 8 3767.5 5068.8 1
5 7 851.0 2900.7 1
6 9 3384.7 5032.7 1
1 5 3876.5 4452.3 1
8 2 3005.0 3269.8 1
9 10 196.4 594.1 1
5 7 596.5 857.1 1
5 4 1419.1 2402.2 1
7 6 2193.6 3786.5 1
5 9 701.7 2504.8 1
9 7 190.0 385.9 1
3 5 2998.5 4108.1 1
5 9 1598.7 3591.2 1
7 8 2744.5 2805.7 1
0 5 3808.4 5134.2 1
6 3 3529.5 4560.0 1
2 5 1166.8 2112.2 1
9 8 773.2 930.8 1
1 10 1586.9 2209.6 1
4 6 1543.9 3319.3 1
4 9 1754.3 2661.9 1
6 7 2527.6 4215.7 1
8 1 2219.8 2361.7 1
7 2 291.7 1927.7 1
8 7 2782.9 3400.1 1
6 8 3852.6 5781.5 1
1 6 2287.8 4278.2 1
0 3 1185.2 3100.3 1
5 1 404.3 2334.9 1
0 4 773.4 956.2 1
9 4 1011.5 1497.6 1
1 10 1836.5 3540.8 1
8 5 2510.8 4109.9 1
7 6 2079.7 3440.9 1
3 9 3266.8 3361.8 1
0 8 2773.3 2833.8 1
2 9 3420.9 4076.6 1
9 8 1588.7 2011.6 1
1 9 2692.4 4669.0 1
1 8 2414.8 3915.4 1
0 5 3993.7 4780.5 1
4 6 3999.9 4758.0 1
7 5 2059.8 4073.6 1
9 6 723.3 1037.9 1
8 5 3668.8 5648.3 1
EOF
