NUM_STATIONS: 10
NUM_REQUESTS: 40
NUM_VEHICLES: 1
VEHICLE_CAPACITY: 1
DISTANCES
0 1 2.8
1 2 2.9
2 3 8.4
3 4 7.3
4 5 6.1
5 6 1.6
6 7 8.4
7 8 7.7
8 9 3.2
9 0 1.5
REQUEST_SECTION
4 8 700.1 1473.0 1
3 10 1851.4 2765.8 1
6 4 646.6 1570.5 1
1 6 1443.0 1835.4 1
0 4 951.8 1175.8 1
5 3 107.2 359.1 1
6 9 1598.1 1802.7 1
1 10 553.5 1559.0 1
1 9 953.1 1607.3 1
0 6 1076.5 1280.1 1
6 9 906.6 1414.3 1
5 6 438.5 1120.5 1
9 3 1486.8 2053.0 1
6 2 1728.7 2142.6 1
9 3 213.1 320.3 1
0 2 1059.8 1181.0 1
9 5 484.4 1355.5 1
7 4 1774.1 2301.4 1
1 5 413.6 926.5 1
5 4 157.3 647.8 1
8 5 290.0 1258.4 1
7 6 1273.4 2056.9 1
4 1 78.4 946.1 1
4 10 948.1 1793.6 1
7 5 1221.9 1653.3 1
1 10 490.3 736.2 1
3 5 99.9 1042.5 1
2 5 144.5 302.2 1
6 8 1362.0 1681.2 1
4 7 1985.4 2622.0 1
9 1 617.8 1383.3 1
6 3 138.9 1101.0 1
8 9 581.4 709.6 1
6 3 1000.7 1828.6 1
5 2 185.3 1060.7 1
8 5 1506.0 2178.1 1
7 9 828.2 1178.8 1
5 4 11.9 937.2 1
0 2 1165.4 1373.0 1
2 4 1733.4 2193.0 1
EOF
