NUM_STATIONS: 10
NUM_REQUESTS: 80
NUM_VEHICLES: 1
VEHICLE_CAPACITY: 1
DISTANCES
0 1 7.9
1 2 8.1
2 3 2.5
3 4 7.9
4 5 2.3
5 6 7.4
6 7 8.2
7 8 1.4
8 9 7.4
9 0 3.5
REQUEST_SECTION
9 4 752.7 1547.8 1
8 6 2710.0 2957.9 1
1 2 2383.5 3752.8 1
8 4 2483.4 4658.0 1
2 7 1584.2 2795.9 1
1 8 4230.3 4546.5 1
5 7 895.8 2414.2 1
1 9 114.8 1881.0 1
1 4 1543.9 2993.6 1
4 6 484.1 2737.3 1
0 8 84.7 1268.6 1
7 6 287.4 918.5 1
7 6 3741.4 5539.2 1
4 10 703.9 1328.0 1
8 2 156.3 1351.6 1
1 4 229.7 2105.3 1
2 8 362.8 2623.3 1
0 3 2832.7 4393.2 1
8 6 290.9 1104.4 1
8 1 2629.6 4459.6 1
9 8 2213.5 3402.6 1
6 3 1735.1 3137.8 1
2 4 214.5 2367.7 1
3 10 2655.2 3130.9 1
5 6 3277.6 4254.4 1
5 6 232.9 2021.8 1
2 9 75.5 1403.6 1
6 8 404.2 1258.0 1
9 10 2349.1 2823.6 1
5 8 365.4 529.2 1
0 5 3145.7 3365.7 1
2 4 2616.2 4591.1 1
3 9 366.4 1616.9 1
0 3 1994.0 2905.6 1
5 6 3266.0 3713.9 1
5 10 88.4 1141.7 1
4 8 570.3 1141.5 1
9 4 4231.7 6142.0 1
1 9 2239.4 4380.7 1
0 9 2162.2 2706.1 1
6 3 2447.5 2934.1 1
0 1 658.7 2367.5 1
8 1 2927.2 3662.1 1
3 9 1705.8 3605.3 1
4 2 3020.0 4396.3 1
5 10 4485.5 4692.8 1
9 2 648.1 2777.1 1
2 5 1691.5 3562.9 1
3 4 958.9 1256.5 1
3 1 4212.1 6091.9 1
3 2 8.3 1974.6 1
4 3 3910.9 4305.8 1
1 4 3524.5 4443.9 1
2 7 3483.5 4680.5 1
1 9 2910.1 4267.5 1
0 6 517.1 2490.7 1
5 2 167.3 1301.7 1
8 2 482.3 2718.4 1
8 4 3908.3 4193.8 1
2 4 34.6 1563.0 1
6 8 2241.0 3537.3 1
2 9 1790.0 1938.3 1
2 8 1953.2 2287.2 1
1 8 1950.7 4119.3 1
9 7 4171.9 5611.5 1
6 2 2910.6 4244.0 1
2 8 1396.7 2313.7 1
0 4 1251.7 2857.1 1
7 10 1701.0 2741.1 1
2 4 3262.1 4214.2 1
6 1 2262.9 2575.2 1
5 2 307.9 1755.9 1
6 8 3907.6 5227.7 1
7 5 1391.2 2796.0 1
8 10 2384.4 3881.2 1
5 2 980.9 1942.6 1
9 7 2856.1 3910.4 1
7 6 2054.0 3765.3 1
4 9 2364.7 2548.6 1
3 10 4074.8 4224.5 1
EOF
