NUM_STATIONS: 10
NUM_REQUESTS: 80
NUM_VEHICLES: 1
VEHICLE_CAPACITY: 1
DISTANCES
0 1 9.9
1 2 5.8
2 3 2.8
3 4 4.2
4 5 8.2
5 6 9.6
6 7 7.3
7 8 4.0
8 9 8.9
9 0 4.1
REQUEST_SECTION
8 2 555.8 945.2 1
3 8 1363.7 4556.8 1
0 4 1267.6 2701.6 1
4 8 1999.5 5058.8 1
7 10 77.9 282.3 1
4 1 1724.8 5460.7 1
1 9 2059.8 3464.1 1
3 6 3004.8 3528.7 1
5 9 4431.4 7755.9 1
9 5 374.8 635.9 1
1 7 4267.4 6683.1 1
7 3 4380.9 5459.8 1
9 7 2162.1 5237.5 1
1 6 3079.3 6582.4 1
5 3 54.9 1643.3 1
0 4 938.8 4259.5 1
7 1 4426.5 5289.4 1
0 4 2124.5 2566.5 1
2 9 1894.1 3405.5 1
0 6 46.6 1513.1 1
0 9 1568.3 4101.8 1
4 10 1267.6 4675.0 1
2 5 2062.2 5985.3 1
1 10 129.9 2675.2 1
7 10 3496.9 5077.0 1
2 10 4956.6 5232.0 1
3 8 354.0 2285.4 1
5 8 1005.7 4152.4 1
6 8 2759.7 6522.3 1
6 5 3002.7 3650.0 1
5 10 1259.8 3213.4 1
2 8 4471.4 8160.1 1
8 9 629.5 4121.7 1
2 7 2677.3 5290.0 1
4 6 1398.1 2718.2 1
5 8 5147.9 6880.5 1
9 8 2657.9 4288.4 1
3 1 4288.5 5213.5 1
3 4 3585.4 6978.3 1
2 6 2762.8 6089.8 1
4 9 4485.1 6823.5 1
7 5 3395.1 4907.2 1
6 4 371.5 4309.8 1
7 3 4688.1 6394.6 1
5 10 4284.6 4950.7 1
3 8 4062.5 7404.8 1
9 6 4998.8 8322.6 1
5 1 3140.7 4443.4 1
8 4 265.8 4029.3 1
0 5 1586.7 3801.9 1
5 10 5054.5 6714.6 1
7 5 5007.0 6322.7 1
6 10 4418.9 8272.1 1
6 1 2247.0 3134.6 1
2 6 5123.6 5402.1 1
4 5 5144.2 6355.0 1
7 3 4935.8 5351.7 1
0 4 2132.5 4277.6 1
0 9 2529.4 4275.1 1
4 10 1913.3 2768.4 1
2 1 2042.8 3465.9 1
1 10 2996.7 3409.6 1
0 7 102.5 724.7 1
0 4 2962.8 6054.3 1
2 6 2905.3 6524.7 1
6 8 2777.3 5864.7 1
7 9 4007.8 7948.9 1
0 1 483.0 3638.4 1
3 6 1589.4 4115.4 1
5 1 2356.4 5987.7 1
1 8 1435.2 4885.6 1
7 5 4276.0 8193.0 1
3 2 1251.7 2234.4 1
2 5 2575.6 6456.5 1
4 2 1302.3 2267.6 1
7 10 2716.6 5091.8 1
3 7 598.9 1235.4 1
4 6 1902.6 5608.9 1
1 2 2848.6 3923.2 1
1 8 2319.5 4295.4 1
EOF
