NUM_STATIONS: 10
NUM_REQUESTS: 20
NUM_VEHICLES: 2
VEHICLE_CAPACITY: 4
DISTANCES
0 1 8.9
1 2 4.6
2 3 7.4
3 4 8.4
4 5 9.1
5 6 4.1
6 7 8.9
7 8 3.5
8 9 7.1
9 0 5.5
REQUEST_SECTION
2 3 156.4 329.7 1
4 1 108.6 223.9 1
1 10 156.4 331.9 1
5 4 60.2 191.0 1
6 5 18.2 172.8 1
0 8 117.0 191.5 1
2 9 81.7 177.3 1
9 1 123.2 209.4 1
2 3 39.8 226.6 1
5 9 71.0 160.0 1
6 4 158.8 273.4 1
5 1 158.1 338.5 1
8 4 153.8 244.2 1
8 1 159.4 324.9 1
9 2 153.9 241.2 1
5 8 57.3 235.0 1
3 5 8.4 159.6 1
8 1 80.9 181.8 1
4 9 18.1 181.7 1
6 4 74.5 194.8 1
EOF
