NUM_STATIONS: 10
NUM_REQUESTS: 80
NUM_VEHICLES: 1
VEHICLE_CAPACITY: 4
DISTANCES
0 1 2.4
1 2 8.8
2 3 9.2
3 4 4.4
4 5 2.3
5 6 10.0
6 7 6.1
7 8 3.9
8 9 6.9
9 0 4.1
REQUEST_SECTION
4 2 349.0 1163.0 1
1 6 277.3 551.2 1
9 8 524.3 1134.6 1
7 1 175.7 386.6 1
1 5 612.1 1387.7 1
5 9 638.0 1196.3 1
1 5 605.6 1389.0 1
5 6 85.8 345.1 1
2 8 548.1 1275.8 1
6 1 618.8 881.8 1
5 3 713.3 1167.2 1
2 7 265.2 535.4 1
5 9 139.4 279.8 1
0 2 67.6 774.2 1
1 8 411.9 1248.3 1
7 10 836.1 1629.8 1
1 3 220.3 619.4 1
5 3 612.3 1206.6 1
2 5 671.7 1453.6 1
4 8 832.8 1350.6 1
2 4 777.0 1085.6 1
4 2 824.5 1753.6 1
7 10 478.1 1320.9 1
5 6 836.2 1416.1 1
5 9 227.6 1096.2 1
7 6 217.7 1088.0 1
1 5 529.1 1434.4 1
1 2 482.3 1180.5 1
9 1 47.8 171.0 1
3 7 736.0 982.2 1
7 2 62.4 173.1 1
1 7 442.6 654.1 1
3 8 779.3 1551.3 1
1 5 500.8 1366.2 1
1 8 771.4 1583.3 1
3 9 150.6 687.0 1
1 10 765.8 1641.6 1
7 2 752.8 1275.2 1
3 6 360.2 1221.5 1
8 7 0.0 317.9 1
1 2 232.4 1044.8 1
0 7 688.8 1323.9 1
0 3 168.2 570.8 1
0 4 162.5 883.6 1
6 5 239.2 547.8 1
5 8 259.7 727.6 1
1 10 687.6 1171.8 1
5 6 386.2 1187.2 1
4 7 871.8 1250.6 1
8 9 460.3 1085.7 1
5 8 681.2 1153.7 1
6 7 776.6 1171.3 1
0 8 412.8 988.3 1
1 9 238.0 348.5 1
0 5 771.1 1143.4 1
0 4 68.0 139.5 1
4 9 730.5 1003.7 1
3 1 490.9 1399.8 1
7 2 156.6 359.9 1
5 8 112.8 866.2 1
2 10 561.2 1060.3 1
7 9 321.5 1225.1 1
8 5 420.9 1215.9 1
5 6 8.5 401.6 1
8 2 243.0 444.4 1
5 2 380.9 802.6 1
5 1 722.7 1484.9 1
8 7 805.0 1598.2 1
3 7 451.6 1366.1 1
4 7 213.5 815.2 1
6 4 75.9 211.7 1
9 7 722.7 861.8 1
9 3 172.3 800.3 1
9 5 73.3 635.3 1
9 10 611.1 786.2 1
8 10 76.9 986.3 1
9 6 16.3 432.0 1
3 9 232.5 581.0 1
2 9 476.7 712.2 1
2 4 205.1 1086.5 1
EOF
