NUM_STATIONS: 10
NUM_REQUESTS: 160
NUM_VEHICLES: 3
VEHICLE_CAPACITY: 1
DISTANCES
0 1 6.3
1 2 1.5
2 3 7.8
3 4 9.8
4 5 9.9
5 6 6.9
6 7 1.6
7 8 5.2
8 9 2.2
9 0 6.8
REQUEST_SECTION
3 7 863.2 2529.4 1
2 4 1810.1 1929.9 1
2 7 674.3 1675.3 1
7 4 181.2 890.5 1
4 10 1612.1 3669.6 1
1 4 491.2 2583.0 1
2 1 1011.1 2231.9 1
5 9 844.2 1444.8 1
7 3 1963.6 2138.9 1
0 7 1595.9 2585.6 1
0 3 1752.4 3195.9 1
0 5 1620.7 1694.0 1
0 3 613.3 1569.5 1
8 4 1166.2 2827.4 1
3 4 148.8 211.8 1
0 7 2081.3 4319.4 1
5 4 1328.8 1543.5 1
9 8 2013.1 3715.2 1
8 6 1572.8 1979.5 1
9 7 1208.5 3024.7 1
9 4 846.1 910.2 1
2 4 2266.8 2543.5 1
9 3 19.3 1953.2 1
9 5 597.2 1663.9 1
1 6 1425.9 2844.4 1
9 4 1622.5 1888.7 1
9 2 1828.7 2835.0 1
7 2 2143.0 2619.5 1
3 9 1652.2 3080.5 1
1 2 2074.8 3499.8 1
5 6 2127.5 3358.4 1
0 8 218.3 1563.1 1
1 4 284.5 771.9 1
8 3 819.8 1607.8 1
0 1 2168.9 3056.3 1
3 2 828.1 2521.5 1
9 8 1561.9 1809.4 1
0 9 852.4 1183.1 1
7 6 277.4 1807.6 1
6 2 441.9 2193.8 1
2 3 1069.4 2993.0 1
2 3 2127.2 3122.9 1
2 8 487.9 1124.8 1
7 3 1087.8 1537.2 1
5 1 905.0 1151.3 1
9 6 1133.0 2782.9 1
0 2 1748.6 2540.3 1
5 2 1368.6 2847.5 1
0 4 767.6 1681.7 1
0 1 1199.5 1852.4 1
8 5 178.5 770.8 1
1 9 531.9 1618.9 1
9 10 2101.0 3302.1 1
9 10 1048.5 3405.0 1
3 10 2058.3 4151.2 1
0 5 1670.6 3350.6 1
9 3 2082.0 3109.1 1
1 7 1039.3 1727.2 1
2 9 1139.0 3431.0 1
2 9 128.5 322.2 1
2 7 665.9 1057.0 1
5 1 1582.2 1736.0 1
6 4 1496.6 2651.4 1
1 4 1203.8 3484.4 1
5 3 2117.2 3855.0 1
2 5 682.5 3006.5 1
4 10 62.6 706.2 1
0 6 2174.1 4150.2 1
3 2 1747.8 2758.1 1
6 1 2216.7 4104.5 1
6 1 775.2 2492.0 1
7 1 1296.9 2404.7 1
9 10 1953.3 4152.8 1
3 4 131.3 1698.2 1
3 6 11.3 1629.9 1
1 4 1300.5 2445.5 1
2 4 1851.0 3866.0 1
6 9 1224.6 3014.3 1
3 7 1317.6 2059.0 1
9 4 400.2 2702.5 1
5 4 2294.0 2667.3 1
0 3 642.8 2902.5 1
1 3 1422.7 1918.5 1
9 1 1009.9 1620.5 1
4 3 729.8 2624.1 1
9 10 599.9 2092.8 1
8 7 907.2 2376.8 1
1 7 1338.3 2863.0 1
7 6 1436.1 2877.4 1
2 5 378.5 1666.1 1
0 2 79.0 1957.1 1
5 7 40.3 1370.1 1
3 7 1678.0 1799.3 1
4 10 1706.3 3906.2 1
5 10 940.2 1885.9 1
7 5 2316.9 3646.2 1
1 6 201.5 891.5 1
7 1 1656.5 3288.7 1
1 5 1322.2 1578.1 1
6 8 1939.3 3374.7 1
3 5 216.6 1140.1 1
9 7 926.2 2418.0 1
4 9 2074.1 2825.5 1
7 4 1854.4 2866.1 1
4 9 2226.5 3433.7 1
8 2 1958.4 4176.9 1
4 9 1777.7 4121.7 1
2 1 1429.3 3757.5 1
8 10 627.8 1437.2 1
5 1 1554.5 3295.3 1
9 1 2196.4 3690.3 1
0 4 1392.8 1772.4 1
0 2 327.8 1735.4 1
6 1 1181.5 2867.6 1
5 4 1248.5 1932.2 1
5 1 942.7 1787.7 1
0 9 0.6 1623.0 1
6 9 163.9 2441.2 1
6 5 1357.2 3292.9 1
7 9 946.4 2149.9 1
8 6 0.6 1124.8 1
1 6 1929.6 4089.5 1
2 8 684.1 1305.2 1
1 9 1629.1 3941.0 1
0 8 124.2 512.1 1
7 1 819.8 1661.0 1
3 9 2058.5 2503.2 1
7 10 1712.5 3416.9 1
2 4 1141.5 1880.2 1
8 7 519.1 1937.4 1
7 1 150.4 1021.4 1
3 7 1324.9 2433.6 1
9 5 816.4 3183.1 1
0 8 1445.6 3439.4 1
9 3 262.0 1348.5 1
5 8 1719.9 2045.9 1
1 3 660.6 971.6 1
1 9 1194.7 2499.8 1
5 9 1440.1 3369.6 1
2 5 1805.1 2490.5 1
8 3 213.2 1833.1 1
1 8 1075.5 3398.9 1
6 9 1923.6 3073.9 1
0 9 760.9 2586.4 1
4 7 2053.7 3083.3 1
2 8 173.2 2391.6 1
1 6 1400.9 1963.2 1
1 10 2111.8 3199.2 1
0 5 2021.1 3045.5 1
3 9 144.1 1322.9 1
5 9 76.6 1958.9 1
4 5 680.8 839.8 1
7 1 1768.5 3789.0 1
9 1 2179.3 4419.6 1
4 10 1508.2 2046.3 1
6 1 1164.6 1571.4 1
7 3 1883.3 4003.2 1
3 8 776.6 2896.4 1
0 9 649.7 1303.4 1
5 3 1027.1 1845.1 1
EOF
