NUM_STATIONS: 10
NUM_REQUESTS: 40
NUM_VEHICLES: 2
VEHICLE_CAPACITY: 2
DISTANCES
0 1 5.8
1 2 5.9
2 3 5.5
3 4 4.6
4 5 6.6
5 6 8.5
6 7 2.2
7 8 4.0
8 9 2.7
9 0 5.9
REQUEST_SECTION
5 3 148.6 409.9 1
6 3 489.1 698.7 1
4 5 497.9 571.6 1
3 7 134.9 340.5 1
8 3 333.0 665.0 1
2 5 81.7 496.3 1
2 8 290.9 603.3 1
4 7 130.5 436.8 1
9 1 464.8 764.3 1
2 4 5.6 306.2 1
1 10 235.0 506.7 1
7 2 32.3 130.2 1
5 4 361.9 446.3 1
2 8 467.0 895.5 1
2 5 187.5 383.1 1
8 3 207.1 592.3 1
6 2 101.2 336.9 1
9 5 514.6 651.5 1
5 8 51.6 324.5 1
6 9 14.7 426.8 1
3 2 125.3 265.8 1
7 2 35.9 449.0 1
3 5 174.4 304.5 1
9 2 353.1 626.3 1
9 5 381.2 730.9 1
5 3 267.5 687.3 1
5 9 258.3 375.3 1
1 9 67.4 147.0 1
0 4 39.0 149.1 1
3 5 237.1 312.7 1
8 7 405.3 526.4 1
3 4 174.8 316.6 1
7 2 376.9 551.1 1
9 8 503.5 668.9 1
4 6 157.6 332.4 1
2 3 402.6 635.8 1
2 9 495.5 925.2 1
3 1 243.8 612.1 1
4 2 187.2 329.1 1
3 8 442.0 699.1 1
EOF
