NUM_STATIONS: 10
NUM_REQUESTS: 80
NUM_VEHICLES: 3
VEHICLE_CAPACITY: 2
DISTANCES
0 1 7.9
1 2 8.1
2 3 2.5
3 4 7.9
4 5 2.3
5 6 7.4
6 7 8.2
7 8 1.4
8 9 7.4
9 0 3.5
REQUEST_SECTION
9 4 20.5 406.3 1
8 6 261.0 840.8 1
1 2 427.4 776.0 1
8 4 125.8 418.2 1
2 7 323.9 583.3 1
1 8 181.2 658.5 1
5 7 138.1 665.2 1
1 9 53.9 595.9 1
1 4 287.6 595.4 1
4 6 201.4 732.8 1
0 8 57.7 432.7 1
7 6 437.9 973.1 1
7 6 300.6 479.7 1
4 10 64.4 432.7 1
8 2 223.1 431.0 1
1 4 184.3 789.8 1
2 8 291.1 416.8 1
0 3 30.7 139.9 1
8 6 388.4 800.4 1
8 1 316.9 490.9 1
9 8 171.0 409.1 1
6 3 351.4 608.1 1
2 4 362.9 794.8 1
3 10 234.9 732.0 1
5 6 66.7 382.0 1
5 6 528.5 1052.1 1
2 9 136.5 224.6 1
6 8 541.4 680.8 1
9 10 339.9 709.6 1
5 8 58.8 485.0 1
0 5 358.9 759.0 1
2 4 7.2 130.9 1
3 9 264.8 338.2 1
0 3 96.1 610.1 1
5 6 346.5 871.7 1
5 10 235.8 345.2 1
4 8 449.5 984.6 1
9 4 380.6 659.8 1
1 9 397.6 815.7 1
0 9 508.9 802.6 1
6 3 525.7 1021.9 1
0 1 477.6 570.1 1
8 1 505.8 676.7 1
3 9 331.3 888.5 1
4 2 15.1 525.8 1
5 10 238.4 622.8 1
9 2 556.3 1110.5 1
2 5 69.3 314.4 1
3 4 115.9 527.7 1
3 1 50.0 381.6 1
3 2 310.5 548.1 1
4 3 245.9 526.0 1
1 4 190.7 433.1 1
2 7 307.5 877.4 1
1 9 308.6 736.3 1
0 6 60.4 319.4 1
5 2 258.5 382.5 1
8 2 109.5 436.6 1
8 4 300.7 835.4 1
2 4 215.3 357.6 1
6 8 449.6 647.4 1
2 9 262.2 539.0 1
2 8 290.2 416.9 1
1 8 446.9 764.2 1
9 7 248.6 318.6 1
6 2 421.3 798.4 1
2 8 236.5 623.9 1
0 4 233.6 836.7 1
7 10 350.3 939.6 1
2 4 541.7 1148.2 1
6 1 109.4 671.1 1
5 2 422.4 878.2 1
6 8 349.1 957.8 1
7 5 420.9 494.7 1
8 10 298.2 417.8 1
5 2 123.8 498.3 1
9 7 171.5 769.6 1
7 6 160.3 314.9 1
4 9 112.6 540.8 1
3 10 174.5 727.2 1
EOF
