NUM_STATIONS: 10
NUM_REQUESTS: 40
NUM_VEHICLES: 2
VEHICLE_CAPACITY: 2
DISTANCES
0 1 3.4
1 2 6.2
2 3 7.9
3 4 7.1
4 5 5.2
5 6 1.5
6 7 5.2
7 8 1.2
8 9 5.0
9 0 2.1
REQUEST_SECTION
3 7 349.5 543.0 1
4 5 91.6 262.0 1
4 5 411.3 581.1 1
2 9 218.4 597.5 1
4 6 252.6 333.4 1
2 7 295.4 407.2 1
2 4 116.4 402.1 1
5 6 403.0 702.2 1
4 1 106.2 267.2 1
0 7 351.3 549.4 1
6 3 49.9 342.2 1
0 2 356.5 460.2 1
9 3 336.0 468.6 1
7 6 181.6 320.5 1
7 5 102.6 376.5 1
3 7 387.4 719.1 1
4 2 115.4 321.6 1
0 9 175.4 488.0 1
2 3 7.8 384.2 1
2 9 387.8 540.5 1
0 4 350.6 439.8 1
2 10 331.2 672.5 1
2 6 117.6 182.9 1
8 4 122.1 194.2 1
3 7 14.2 206.4 1
0 1 349.1 574.1 1
7 1 0.9 276.2 1
8 4 18.0 168.5 1
0 3 136.4 499.3 1
9 7 226.7 569.3 1
0 4 226.8 294.8 1
7 2 225.2 335.5 1
8 6 250.8 419.8 1
4 10 16.3 337.1 1
9 6 179.0 386.5 1
1 5 176.7 498.6 1
4 2 261.0 325.4 1
3 5 85.1 211.3 1
9 7 398.8 636.1 1
5 7 442.3 759.1 1
EOF
