NUM_STATIONS: 10
NUM_REQUESTS: 40
NUM_VEHICLES: 3
VEHICLE_CAPACITY: 2
DISTANCES
0 1 2.8
1 2 2.9
2 3 8.4
3 4 7.3
4 5 6.1
5 6 1.6
6 7 8.4
7 8 7.7
8 9 3.2
9 0 1.5
REQUEST_SECTION
4 8 48.4 246.3 1
3 10 243.2 348.3 1
6 4 100.2 233.2 1
1 6 235.1 517.1 1
0 4 227.4 388.2 1
5 3 245.7 484.0 1
6 9 85.3 177.3 1
1 10 152.9 442.3 1
1 9 1.5 230.5 1
0 6 52.5 306.9 1
6 9 73.9 315.4 1
5 6 172.9 290.4 1
9 3 211.3 409.0 1
6 2 54.1 208.5 1
9 3 33.6 304.6 1
0 2 207.7 303.3 1
9 5 166.8 417.2 1
7 4 128.4 391.4 1
1 5 112.3 219.9 1
5 4 111.1 373.3 1
8 5 204.9 465.1 1
7 6 244.7 407.8 1
4 1 98.0 388.7 1
4 10 49.1 298.1 1
7 5 44.9 286.8 1
1 10 102.7 380.4 1
3 5 155.9 415.9 1
2 5 153.8 223.1 1
6 8 162.5 375.3 1
4 7 48.4 167.1 1
9 1 100.7 388.2 1
6 3 209.7 272.8 1
8 9 207.4 416.8 1
6 3 28.0 207.6 1
5 2 196.3 273.6 1
8 5 117.3 370.6 1
7 9 190.8 401.2 1
5 4 67.3 314.9 1
0 2 241.7 502.2 1
2 4 140.0 243.9 1
EOF
