NUM_STATIONS: 10
NUM_REQUESTS: 160
NUM_VEHICLES: 2
VEHICLE_CAPACITY: 8
DISTANCES
0 1 3.3
1 2 8.6
2 3 9.8
3 4 4.8
4 5 3.7
5 6 5.0
6 7 1.8
7 8 2.0
8 9 1.3
9 0 2.7
REQUEST_SECTION
9 3 117.2 266.2 1
8 4 91.8 236.2 1
4 8 131.7 191.1 1
6 3 68.9 156.3 1
8 2 15.8 152.6 1
7 2 287.4 342.1 1
8 1 87.6 168.5 1
6 4 107.3 174.9 1
7 2 296.4 519.8 1
2 6 49.5 137.4 1
3 7 310.5 512.9 1
8 4 94.3 225.2 1
0 8 10.7 260.0 1
8 10 36.0 152.4 1
8 2 201.6 315.6 1
4 2 180.8 287.6 1
3 5 297.8 485.7 1
5 7 188.1 376.4 1
3 7 179.2 246.1 1
7 4 120.4 338.5 1
6 7 86.5 265.6 1
3 7 218.9 411.5 1
5 2 290.4 515.7 1
4 7 259.0 430.8 1
3 5 185.2 240.4 1
1 3 140.5 229.7 1
9 10 147.0 299.2 1
3 6 317.2 413.5 1
3 7 26.7 98.4 1
7 10 190.9 246.1 1
8 9 186.3 327.6 1
3 9 138.5 252.9 1
4 7 233.9 291.2 1
4 6 157.4 283.0 1
6 10 81.7 195.7 1
1 3 157.8 207.5 1
8 7 86.9 285.5 1
8 10 25.0 205.4 1
2 1 83.7 232.6 1
5 1 303.6 426.6 1
2 4 168.2 412.3 1
5 10 23.3 89.1 1
8 6 152.9 227.5 1
5 2 224.8 295.3 1
6 2 232.2 359.8 1
5 4 70.5 133.9 1
0 9 97.2 149.5 1
3 4 200.8 308.0 1
0 2 3.7 86.3 1
9 7 221.1 429.8 1
8 3 69.2 291.5 1
1 4 163.3 262.6 1
3 1 17.2 265.4 1
2 7 190.9 362.3 1
3 10 141.4 197.2 1
2 4 44.9 197.5 1
5 8 248.5 443.9 1
8 1 205.7 331.7 1
2 3 242.1 437.5 1
6 8 165.7 217.9 1
8 10 70.7 155.9 1
6 8 285.3 329.1 1
2 6 131.6 279.8 1
6 7 56.3 175.6 1
7 2 177.0 424.8 1
0 7 210.0 397.9 1
3 5 60.5 240.1 1
4 5 209.5 270.8 1
5 2 48.6 301.9 1
5 4 168.3 413.9 1
5 3 184.3 314.3 1
3 10 19.6 116.7 1
6 7 278.4 322.2 1
2 9 161.8 252.5 1
1 8 17.4 95.7 1
0 1 257.5 331.2 1
2 9 119.4 247.2 1
9 5 91.4 344.8 1
6 5 175.7 243.6 1
3 7 126.4 344.2 1
7 1 209.8 405.8 1
3 2 205.1 373.5 1
2 7 305.6 487.2 1
1 8 138.0 229.9 1
1 10 201.4 428.1 1
9 8 301.8 497.0 1
7 8 264.0 371.5 1
2 7 212.5 467.0 1
6 1 281.0 506.0 1
7 3 258.9 393.8 1
8 2 54.8 177.7 1
2 6 66.0 266.7 1
8 6 163.2 260.2 1
1 3 279.8 513.7 1
9 5 125.9 198.1 1
0 3 280.2 355.8 1
5 10 49.9 135.2 1
7 3 217.6 399.0 1
5 10 101.2 291.1 1
6 2 201.9 368.3 1
6 8 24.5 78.3 1
8 5 223.7 390.7 1
0 2 121.4 253.3 1
9 5 56.3 156.7 1
8 3 128.6 320.0 1
4 9 151.9 298.2 1
4 9 298.3 365.1 1
1 6 210.4 314.8 1
9 4 157.1 293.4 1
9 6 287.3 382.3 1
0 2 209.6 397.5 1
6 8 156.4 411.4 1
6 2 136.5 297.3 1
2 6 188.3 373.0 1
6 3 38.6 184.5 1
7 3 102.7 182.0 1
3 9 200.7 335.9 1
6 10 138.3 372.6 1
3 2 149.5 262.7 1
9 1 37.5 251.3 1
6 9 185.4 309.9 1
4 9 67.6 220.5 1
3 9 59.8 115.3 1
8 5 116.3 247.4 1
4 5 227.1 274.4 1
0 4 122.3 209.8 1
5 8 21.9 229.7 1
9 10 125.9 193.5 1
0 2 116.5 228.7 1
1 3 308.9 371.6 1
4 2 76.7 261.9 1
4 3 273.8 361.2 1
0 1 298.7 401.0 1
9 3 179.4 362.0 1
5 6 109.0 264.0 1
4 9 90.7 227.6 1
5 2 22.8 101.4 1
0 6 162.5 271.6 1
1 9 266.4 480.9 1
9 3 262.4 495.3 1
4 10 27.3 174.3 1
2 7 44.4 218.2 1
5 1 131.6 250.1 1
3 10 8.0 150.4 1
3 6 128.2 272.7 1
2 4 58.6 112.7 1
0 4 184.5 393.8 1
0 8 276.3 328.3 1
3 5 58.3 159.5 1
0 3 89.8 241.8 1
3 8 92.0 218.9 1
4 9 240.6 328.2 1
3 10 25.1 220.2 1
6 3 201.9 311.9 1
7 3 250.1 471.1 1
6 10 254.7 436.0 1
9 7 24.7 222.0 1
0 6 242.5 486.1 1
6 5 153.9 254.5 1
7 4 33.1 105.1 1
EOF
