NUM_STATIONS: 10
NUM_REQUESTS: 20
NUM_VEHICLES: 2
VEHICLE_CAPACITY: 4
DISTANCES
0 1 8.9
1 2 4.6
2 3 7.4
3 4 8.4
4 5 9.1
5 6 4.1
6 7 8.9
7 8 3.5
8 9 7.1
9 0 5.5
REQUEST_SECTION
2 3 132.2 235.2 1
4 1 160.2 287.1 1
1 10 155.7 291.1 1
5 4 13.9 113.8 1
6 5 144.9 251.3 1
0 8 95.4 166.2 1
2 9 32.9 161.6 1
9 1 78.0 211.7 1
2 3 27.5 149.6 1
5 9 147.2 218.3 1
6 4 142.6 248.4 1
5 1 34.7 173.3 1
8 4 148.6 262.8 1
8 1 128.3 213.4 1
9 2 156.4 247.1 1
5 8 24.1 94.7 1
3 5 111.8 262.3 1
8 1 92.8 190.5 1
4 9 103.9 232.6 1
6 4 77.6 179.4 1
EOF
