NUM_STATIONS: 10
NUM_REQUESTS: 80
NUM_VEHICLES: 3
VEHICLE_CAPACITY: 2
DISTANCES
0 1 8.0
1 2 8.3
2 3 3.5
3 4 6.0
4 5 1.1
5 6 2.5
6 7 5.2
7 8 7.5
8 9 5.8
9 0 8.4
REQUEST_SECTION
9 3 535.0 846.5 1
9 7 542.6 684.9 1
9 1 674.9 932.9 1
2 6 402.8 730.9 1
5 4 238.3 456.6 1
6 5 613.6 948.9 1
3 2 317.1 523.2 1
6 2 574.3 727.3 1
0 9 59.4 490.1 1
3 8 557.9 828.7 1
1 2 527.0 779.5 1
9 2 560.9 818.4 1
4 3 537.7 684.9 1
3 8 632.8 1013.0 1
8 3 573.3 783.5 1
8 5 174.7 436.4 1
8 5 408.9 600.3 1
0 3 79.6 491.7 1
7 10 535.1 761.1 1
2 10 695.6 956.0 1
7 9 541.3 654.7 1
6 5 236.9 633.5 1
4 8 24.9 91.8 1
6 10 144.3 545.1 1
3 4 451.7 862.5 1
9 5 236.1 577.0 1
7 6 11.0 153.5 1
9 7 668.1 989.9 1
5 9 174.7 274.4 1
5 7 302.7 463.5 1
6 1 226.3 359.2 1
7 4 245.3 573.6 1
2 8 724.0 879.5 1
9 1 643.6 865.7 1
4 1 427.4 532.8 1
5 6 259.0 431.3 1
0 9 139.1 566.5 1
8 2 429.3 668.2 1
6 3 244.7 608.2 1
6 9 394.0 716.3 1
9 7 144.0 311.9 1
2 8 625.7 909.5 1
6 8 629.4 1032.8 1
5 2 388.8 475.0 1
4 6 128.1 428.3 1
4 9 158.5 314.7 1
4 9 135.1 494.5 1
9 8 379.0 480.3 1
6 4 236.9 521.7 1
8 6 435.2 546.7 1
4 3 308.7 739.3 1
9 10 583.0 759.6 1
8 7 47.8 153.3 1
7 1 195.5 517.6 1
1 3 657.8 823.3 1
6 3 330.9 704.2 1
8 3 346.3 581.2 1
4 6 220.6 419.2 1
6 9 472.9 709.7 1
9 4 192.1 259.9 1
7 8 486.9 820.5 1
6 3 625.1 823.8 1
7 5 743.7 1061.2 1
9 3 440.3 694.0 1
1 9 357.1 418.6 1
8 1 495.7 610.5 1
9 8 159.3 357.2 1
9 7 364.2 432.6 1
6 7 180.5 303.8 1
5 9 629.5 855.5 1
1 5 217.2 603.2 1
8 6 676.4 993.3 1
2 1 413.9 583.9 1
1 7 355.6 786.5 1
4 6 660.3 972.5 1
0 3 6.9 98.5 1
1 10 236.6 549.6 1
7 8 460.8 827.4 1
9 6 265.9 416.9 1
3 10 505.0 895.0 1
EOF
