NUM_STATIONS: 10
NUM_REQUESTS: 40
NUM_VEHICLES: 1
VEHICLE_CAPACITY: 1
DISTANCES
0 1 5.8
1 2 5.9
2 3 5.5
3 4 4.6
4 5 6.6
5 6 8.5
6 7 2.2
7 8 4.0
8 9 2.7
9 0 5.9
REQUEST_SECTION
5 3 910.8 972.1 1
6 3 469.4 627.8 1
4 5 1002.3 1066.4 1
3 7 1667.4 2358.2 1
8 3 255.6 1031.8 1
2 5 928.3 1998.9 1
2 8 1789.0 2621.5 1
4 7 1.2 587.1 1
9 1 1503.4 2358.0 1
2 4 421.9 1341.2 1
1 10 1550.8 1976.9 1
7 2 1250.0 2138.5 1
5 4 816.0 1433.0 1
2 8 717.1 1537.0 1
2 5 1999.5 2203.9 1
8 3 558.5 1387.8 1
6 2 1526.0 1615.7 1
9 5 437.0 970.2 1
5 8 1866.5 2826.8 1
6 9 1895.0 2893.7 1
3 2 98.4 528.2 1
7 2 977.9 1933.5 1
3 5 559.3 1094.5 1
9 2 1365.1 1842.4 1
9 5 1283.2 2112.5 1
5 3 285.1 1341.1 1
5 9 10.6 355.4 1
1 9 1783.3 2594.8 1
0 4 459.9 658.6 1
3 5 1353.7 1978.1 1
8 7 585.1 737.9 1
3 4 636.2 938.3 1
7 2 1374.0 1902.1 1
9 8 321.6 887.8 1
4 6 1378.5 2100.9 1
2 3 1037.4 1342.1 1
2 9 1064.8 1628.4 1
3 1 1685.7 2428.9 1
4 2 774.2 1688.7 1
3 8 207.6 1018.5 1
EOF
