NUM_STATIONS: 10
NUM_REQUESTS: 20
NUM_VEHICLES: 3
VEHICLE_CAPACITY: 1
DISTANCES
0 1 10.0
1 2 3.1
2 3 7.4
3 4 2.1
4 5 5.5
5 6 6.0
6 7 3.5
7 8 7.1
8 9 7.6
9 0 5.4
REQUEST_SECTION
4 9 337.5 427.3 1
8 3 132.2 302.2 1
4 3 119.7 183.1 1
5 2 362.7 451.5 1
7 5 254.0 333.2 1
3 6 61.4 230.7 1
9 4 309.1 494.9 1
5 4 21.0 217.5 1
7 6 160.0 248.3 1
5 4 89.2 193.0 1
6 8 243.7 381.3 1
3 1 21.3 88.6 1
3 10 71.6 189.2 1
8 9 64.2 295.7 1
8 3 118.1 215.5 1
3 2 322.3 465.7 1
0 3 63.7 263.9 1
1 3 73.1 261.3 1
7 5 53.4 142.5 1
8 7 320.2 416.9 1
EOF
