NUM_STATIONS: 10
NUM_REQUESTS: 20
NUM_VEHICLES: 2
VEHICLE_CAPACITY: 8
DISTANCES
0 1 10.0
1 2 3.1
2 3 7.4
3 4 2.1
4 5 5.5
5 6 6.0
6 7 3.5
7 8 7.1
8 9 7.6
9 0 5.4
REQUEST_SECTION
4 9 48.2 132.3 1
8 3 40.2 103.3 1
4 3 23.9 112.3 1
5 2 58.4 142.9 1
7 5 69.5 140.1 1
3 6 13.2 94.6 1
9 4 70.8 144.9 1
5 4 13.8 88.5 1
7 6 56.4 114.4 1
5 4 40.1 117.9 1
6 8 12.3 84.2 1
3 1 22.3 111.8 1
3 10 37.3 100.0 1
8 9 32.6 96.8 1
8 3 66.6 144.2 1
3 2 50.4 138.2 1
0 3 12.3 105.9 1
1 3 24.6 96.9 1
7 5 55.5 145.4 1
8 7 55.3 120.5 1
EOF
