NUM_STATIONS: 10
NUM_REQUESTS: 80
NUM_VEHICLES: 3
VEHICLE_CAPACITY: 2
DISTANCES
0 1 9.9
1 2 5.8
2 3 2.8
3 4 4.2
4 5 8.2
5 6 9.6
6 7 7.3
7 8 4.0
8 9 8.9
9 0 4.1
REQUEST_SECTION
8 2 485.6 731.8 1
3 8 356.5 802.8 1
0 4 494.9 930.7 1
4 8 490.9 905.9 1
7 10 648.9 750.8 1
4 1 157.5 588.2 1
1 9 226.2 647.2 1
3 6 132.2 575.3 1
5 9 165.3 636.7 1
9 5 587.8 1062.6 1
1 7 333.5 700.9 1
7 3 67.2 414.1 1
9 7 187.8 395.6 1
1 6 293.5 583.9 1
5 3 5.9 490.0 1
0 4 516.7 913.9 1
7 1 188.6 468.9 1
0 4 499.3 615.6 1
2 9 362.1 568.9 1
0 6 387.8 469.1 1
0 9 327.3 665.0 1
4 10 330.9 443.4 1
2 5 37.2 132.0 1
1 10 434.1 878.9 1
7 10 1.4 308.9 1
2 10 15.7 470.7 1
3 8 595.3 696.0 1
5 8 649.4 858.9 1
6 8 376.7 476.5 1
6 5 266.1 670.8 1
5 10 330.4 605.4 1
2 8 340.9 731.3 1
8 9 502.1 949.9 1
2 7 444.0 688.2 1
4 6 490.7 934.6 1
5 8 233.1 321.4 1
9 8 1.9 123.7 1
3 1 56.5 510.3 1
3 4 541.4 697.5 1
2 6 105.6 453.6 1
4 9 550.4 893.1 1
7 5 331.0 623.3 1
6 4 4.2 205.0 1
7 3 409.1 902.2 1
5 10 281.1 653.2 1
3 8 26.0 138.7 1
9 6 378.5 876.2 1
5 1 65.4 426.0 1
8 4 621.1 922.4 1
0 5 417.5 902.1 1
5 10 646.6 1070.7 1
7 5 195.3 402.8 1
6 10 212.8 427.4 1
6 1 621.8 909.1 1
2 6 7.7 285.1 1
4 5 132.0 587.8 1
7 3 611.7 1099.7 1
0 4 146.2 417.2 1
0 9 41.7 453.3 1
4 10 11.9 419.8 1
2 1 370.2 564.9 1
1 10 221.3 613.6 1
0 7 459.3 668.6 1
0 4 198.5 464.0 1
2 6 248.3 359.0 1
6 8 16.9 469.0 1
7 9 129.0 487.2 1
0 1 138.1 524.9 1
3 6 58.7 420.4 1
5 1 86.2 223.8 1
1 8 135.7 335.2 1
7 5 544.6 925.4 1
3 2 141.5 214.5 1
2 5 43.3 245.1 1
4 2 423.0 534.5 1
7 10 468.7 674.5 1
3 7 321.0 642.8 1
4 6 220.8 669.3 1
1 2 415.0 681.6 1
1 8 294.4 533.4 1
EOF
