NUM_STATIONS: 10
NUM_REQUESTS: 160
NUM_VEHICLES: 1
VEHICLE_CAPACITY: 2
DISTANCES
0 1 6.3
1 2 7.7
2 3 3.8
3 4 4.5
4 5 9.5
5 6 2.1
6 7 8.1
7 8 3.8
8 9 3.5
9 0 1.8
REQUEST_SECTION
8 5 433.4 1800.4 1
2 7 803.6 1039.6 1
0 6 1387.1 2349.3 1
4 2 1304.5 2026.8 1
6 1 685.9 1485.7 1
6 5 595.9 3246.4 1
4 5 2524.0 5267.4 1
1 7 1147.3 2253.2 1
9 1 1535.5 1675.1 1
8 4 352.5 2205.1 1
6 8 1606.8 3324.4 1
3 10 1609.4 2989.0 1
9 6 2284.8 5118.9 1
1 3 3269.5 4699.7 1
9 1 2420.4 3046.8 1
6 5 3863.2 6082.5 1
1 10 3309.2 4420.8 1
0 8 2805.3 5568.1 1
7 10 3801.1 5278.5 1
2 5 2318.6 3842.5 1
3 9 2308.9 5099.4 1
9 5 2029.4 3330.3 1
2 4 2269.2 4954.3 1
0 5 142.7 2514.5 1
6 5 3321.3 5134.9 1
1 3 813.5 886.4 1
7 5 3337.8 4526.5 1
0 4 790.6 2242.0 1
2 10 1742.6 4503.4 1
1 10 3950.4 4554.8 1
4 1 664.7 3272.9 1
5 8 45.2 891.1 1
8 5 2528.4 3865.6 1
4 10 1200.4 3078.2 1
6 3 633.2 3323.5 1
6 5 3069.4 3361.4 1
1 7 2152.9 2616.4 1
3 1 930.3 2135.6 1
0 3 2525.1 3817.7 1
3 2 1133.0 1675.7 1
7 4 3745.8 4463.8 1
6 4 3013.8 3093.7 1
3 8 3704.3 6674.3 1
7 2 1936.0 4452.9 1
8 3 73.9 1952.4 1
8 2 825.3 3575.1 1
2 3 1228.5 2328.4 1
0 1 3273.2 5512.8 1
5 8 1948.4 2204.3 1
2 7 77.4 1475.4 1
8 4 2136.8 2808.9 1
3 8 3960.8 6969.5 1
2 5 1809.9 2000.1 1
4 1 1418.9 4465.5 1
6 4 1581.7 1697.6 1
4 5 3022.8 4934.4 1
6 7 3157.3 6117.9 1
2 8 3959.9 4147.3 1
8 10 2304.6 4910.6 1
9 8 3471.7 6229.5 1
9 3 1486.7 2159.0 1
8 9 1140.5 2655.1 1
8 9 1955.3 3674.3 1
8 10 265.1 565.3 1
3 9 2491.1 5174.8 1
2 8 1610.4 1870.1 1
7 3 1338.4 4029.2 1
1 8 1440.6 1497.2 1
9 1 4020.6 6715.4 1
4 6 1617.9 4244.4 1
2 10 919.5 3634.1 1
0 3 760.7 995.4 1
0 5 3052.0 5929.6 1
5 3 2827.2 5843.4 1
9 3 1927.2 2640.8 1
9 4 3951.2 4021.3 1
3 2 3170.6 3277.0 1
5 4 2062.0 3041.3 1
7 1 3879.3 6784.0 1
0 7 2366.8 3257.0 1
5 8 2143.9 3808.7 1
9 1 1976.4 3681.8 1
3 4 2621.4 5333.5 1
4 9 251.2 3220.0 1
5 1 423.7 3479.2 1
5 2 1819.5 1872.5 1
2 1 1125.9 3534.2 1
8 2 1672.8 2904.2 1
0 8 1991.4 3400.4 1
3 1 960.5 1141.4 1
2 10 383.8 3365.9 1
0 8 2055.3 3304.3 1
6 9 3463.8 5086.4 1
3 8 2924.7 3267.5 1
4 2 3057.2 5101.3 1
7 4 635.2 1032.5 1
9 1 42.2 3014.5 1
7 8 3604.8 4639.1 1
4 7 1309.3 4145.3 1
8 5 1179.2 2732.7 1
8 7 140.1 3093.7 1
3 1 401.6 3205.8 1
6 3 1894.7 2545.8 1
5 9 963.2 2108.6 1
3 7 3768.9 6804.5 1
2 7 1874.2 4789.8 1
2 7 2759.6 4557.2 1
9 10 676.4 1229.7 1
0 8 1852.9 2869.8 1
7 8 1149.6 4260.6 1
4 3 2820.0 4416.4 1
6 7 2587.8 3635.4 1
1 6 553.8 1160.9 1
5 1 2927.6 3842.8 1
4 9 4082.5 5130.1 1
3 8 1055.5 1699.8 1
5 7 1188.8 2675.6 1
6 9 1995.1 3221.4 1
1 5 2026.5 2933.8 1
8 2 2130.1 4189.7 1
9 10 1075.8 1542.6 1
5 7 3084.7 5345.3 1
5 4 996.7 1740.5 1
7 6 2833.9 3975.7 1
5 9 3056.3 3744.9 1
9 7 410.4 2194.6 1
3 5 1521.7 4489.5 1
5 9 3620.0 5337.3 1
7 8 1027.8 2327.3 1
0 5 2629.5 4827.5 1
6 3 394.5 798.6 1
2 5 921.8 2647.6 1
9 8 2737.6 4031.2 1
1 10 1149.6 3372.7 1
4 6 3512.3 6037.7 1
4 9 632.2 3338.6 1
6 7 2.6 2205.5 1
8 1 194.8 2945.5 1
7 2 2477.0 4828.6 1
8 7 3508.5 6332.5 1
6 8 690.7 1143.6 1
1 6 2466.6 4822.8 1
0 3 706.6 1093.6 1
5 1 3338.0 4333.5 1
0 4 4045.1 7115.4 1
9 4 3481.3 4333.2 1
1 10 3306.0 6216.2 1
8 5 1947.4 4879.5 1
7 6 1019.0 3447.8 1
3 9 2751.1 4442.8 1
0 8 3366.2 4105.3 1
2 9 223.3 1754.7 1
9 8 3704.3 5614.7 1
1 9 3226.3 4203.5 1
1 8 1439.6 3413.9 1
0 5 1891.7 3951.1 1
4 6 1771.7 2375.4 1
7 5 3080.4 5958.3 1
9 6 1025.5 3368.0 1
8 5 1475.4 1722.2 1
EOF
