NUM_STATIONS: 10
NUM_REQUESTS: 40
NUM_VEHICLES: 3
VEHICLE_CAPACITY: 1
DISTANCES
0 1 3.4
1 2 6.2
2 3 7.9
3 4 7.1
4 5 5.2
5 6 1.5
6 7 5.2
7 8 1.2
8 9 5.0
9 0 2.1
REQUEST_SECTION
3 7 210.6 494.1 1
4 5 229.6 666.6 1
4 5 51.5 291.0 1
2 9 510.5 779.7 1
4 6 241.1 726.1 1
2 7 273.9 614.7 1
2 4 508.7 705.0 1
5 6 498.0 808.7 1
4 1 443.7 932.2 1
0 7 428.1 898.1 1
6 3 36.6 384.9 1
0 2 207.0 335.2 1
9 3 248.7 351.9 1
7 6 190.5 517.4 1
7 5 573.8 1052.8 1
3 7 21.0 411.7 1
4 2 393.1 671.9 1
0 9 236.7 635.5 1
2 3 489.4 899.0 1
2 9 546.8 973.3 1
0 4 193.2 491.6 1
2 10 529.9 677.9 1
2 6 240.8 478.3 1
8 4 464.4 841.9 1
3 7 258.2 428.1 1
0 1 295.9 601.3 1
7 1 354.2 763.0 1
8 4 414.5 469.0 1
0 3 507.7 674.1 1
9 7 456.6 533.6 1
0 4 75.9 356.0 1
7 2 401.3 710.6 1
8 6 53.3 252.6 1
4 10 176.0 620.1 1
9 6 272.2 363.3 1
1 5 251.6 464.3 1
4 2 135.6 500.8 1
3 5 39.7 179.6 1
9 7 441.3 526.6 1
5 7 148.0 474.8 1
EOF
