NUM_STATIONS: 10
NUM_REQUESTS: 160
NUM_VEHICLES: 1
VEHICLE_CAPACITY: 8
DISTANCES
0 1 3.6
1 2 7.3
2 3 7.4
3 4 1.6
4 5 9.1
5 6 1.1
6 7 5.1
7 8 5.3
8 9 9.0
9 0 2.6
REQUEST_SECTION
0 6 472.5 780.2 1
6 7 863.4 1598.2 1
7 6 913.5 1467.5 1
0 1 994.6 1729.6 1
4 3 2.7 121.5 1
6 10 480.7 1162.1 1
5 2 917.0 1227.1 1
1 3 517.8 794.7 1
0 6 1019.5 1398.5 1
6 1 1030.6 1749.6 1
4 5 295.0 497.4 1
6 2 528.1 1337.7 1
3 4 312.3 1067.4 1
3 4 616.5 1238.0 1
7 9 149.9 586.8 1
9 3 959.0 1741.8 1
9 7 426.5 1034.5 1
4 8 263.8 1007.4 1
3 7 962.7 1325.9 1
2 3 592.3 1143.6 1
0 7 77.9 249.4 1
1 5 248.6 335.8 1
8 2 914.1 1598.1 1
5 3 770.6 1065.6 1
5 9 380.4 1035.0 1
1 6 738.9 1087.1 1
1 6 609.8 1274.2 1
4 2 876.4 1658.0 1
5 3 750.3 877.2 1
4 7 475.6 733.6 1
6 5 617.8 1154.3 1
3 7 214.7 913.5 1
5 3 168.2 257.0 1
4 9 811.2 1422.5 1
2 6 182.0 654.9 1
8 4 26.4 775.7 1
0 3 662.2 1433.0 1
8 9 470.6 842.6 1
9 5 248.5 1083.7 1
5 7 404.9 800.2 1
1 5 467.8 524.4 1
6 8 896.5 1224.5 1
3 8 349.5 909.1 1
8 5 480.0 1060.9 1
3 10 909.0 1650.3 1
8 7 225.7 403.5 1
9 4 845.2 1582.8 1
6 2 823.1 1495.7 1
9 7 864.7 1105.7 1
0 8 987.8 1800.5 1
3 9 69.3 130.5 1
7 10 756.3 1350.4 1
7 3 774.9 1174.0 1
4 1 159.7 975.7 1
1 3 1014.5 1182.8 1
4 9 1018.8 1333.4 1
6 7 505.1 1033.9 1
3 9 263.2 771.6 1
1 5 375.1 874.3 1
9 7 291.5 903.6 1
4 8 477.2 835.0 1
7 10 726.0 938.4 1
2 9 721.2 1422.9 1
8 1 216.6 620.9 1
1 7 840.8 1165.5 1
8 5 876.3 1449.5 1
7 3 848.6 1237.3 1
3 5 91.9 153.1 1
0 5 774.5 1572.3 1
9 4 975.3 1209.1 1
5 8 895.7 1066.3 1
9 8 61.0 561.5 1
6 9 9.4 226.2 1
8 1 245.1 519.0 1
6 7 273.2 1098.4 1
6 1 251.0 673.0 1
3 5 483.2 1262.9 1
4 7 254.2 766.5 1
6 3 951.5 1556.8 1
4 5 42.2 346.8 1
0 1 806.4 1313.5 1
8 5 69.7 290.3 1
3 4 424.0 517.8 1
2 6 603.3 1224.6 1
9 4 268.1 962.9 1
6 8 950.0 1061.6 1
6 2 483.6 974.8 1
7 2 240.5 783.1 1
1 8 883.2 1408.3 1
9 5 712.8 824.7 1
6 2 447.6 1272.8 1
1 5 331.4 599.4 1
5 4 158.6 953.9 1
8 10 780.0 1542.1 1
3 6 967.7 1322.8 1
5 2 934.3 1644.9 1
6 3 719.8 1013.6 1
4 6 807.4 1208.9 1
5 7 652.9 1335.4 1
2 3 711.2 1245.8 1
4 9 202.6 710.6 1
4 1 763.3 1448.5 1
5 6 140.7 651.3 1
5 10 117.0 858.2 1
8 9 95.4 723.7 1
3 5 1.3 829.4 1
3 8 27.3 329.5 1
7 8 537.7 872.1 1
4 8 74.3 174.5 1
1 6 646.7 827.5 1
3 9 1018.1 1390.6 1
0 8 423.4 741.0 1
0 5 833.6 930.4 1
1 8 656.5 1169.2 1
3 6 27.5 281.8 1
7 1 960.2 1300.6 1
7 1 773.2 1551.5 1
4 1 604.0 760.9 1
1 2 1.2 124.1 1
8 5 373.7 912.9 1
6 4 136.5 744.5 1
3 6 137.7 547.7 1
2 8 4.3 361.7 1
6 1 908.2 1639.5 1
6 10 49.8 130.4 1
0 2 843.8 1502.5 1
0 1 76.9 886.1 1
3 9 254.5 354.3 1
2 8 648.6 1099.7 1
4 5 876.1 1145.5 1
1 5 993.5 1553.3 1
4 2 881.8 1386.4 1
1 3 378.1 979.0 1
1 3 171.4 355.2 1
6 1 1015.9 1537.3 1
8 9 681.1 770.9 1
7 6 654.4 1322.3 1
1 7 567.6 868.5 1
6 1 95.9 350.1 1
4 6 468.0 1179.7 1
3 9 198.8 875.8 1
2 9 825.4 1309.0 1
6 9 26.1 789.5 1
2 4 114.5 288.4 1
9 6 1005.5 1450.8 1
1 6 144.4 634.1 1
3 2 540.2 1268.0 1
4 1 40.3 675.4 1
8 9 846.4 1608.0 1
4 3 765.6 1155.1 1
7 5 770.3 1047.8 1
3 5 742.5 999.4 1
6 7 545.8 896.1 1
9 5 246.9 940.5 1
6 5 836.2 1391.4 1
3 8 366.0 605.0 1
4 9 929.0 1312.9 1
4 10 600.8 1215.4 1
6 8 427.8 1059.8 1
3 1 768.5 1351.3 1
EOF
