NUM_STATIONS: 10
NUM_REQUESTS: 20
NUM_VEHICLES: 1
VEHICLE_CAPACITY: 1
DISTANCES
0 1 5.2
1 2 3.6
2 3 9.0
3 4 5.2
4 5 4.6
5 6 6.8
6 7 9.5
7 8 9.5
8 9 7.9
9 0 8.3
REQUEST_SECTION
3 5 454.4 792.5 1
5 3 344.8 1266.4 1
0 4 454.6 672.5 1
0 7 241.2 926.0 1
0 5 673.4 1639.9 1
3 5 834.6 1062.1 1
2 7 778.2 1370.0 1
4 5 868.3 1553.3 1
7 10 906.9 1167.7 1
4 5 207.3 1243.3 1
9 5 4.8 867.0 1
5 8 537.8 1373.4 1
0 8 1071.8 1800.5 1
4 5 32.1 896.8 1
1 9 1086.8 1774.2 1
7 8 470.1 1279.9 1
1 3 1154.0 1308.8 1
1 8 61.2 988.8 1
6 3 718.4 1604.3 1
6 7 201.6 746.5 1
EOF
