NUM_STATIONS: 10
NUM_REQUESTS: 40
NUM_VEHICLES: 2
VEHICLE_CAPACITY: 2
DISTANCES
0 1 4.3
1 2 4.7
2 3 7.7
3 4 5.3
4 5 3.2
5 6 1.5
6 7 9.1
7 8 3.7
8 9 3.4
9 0 3.5
REQUEST_SECTION
2 7 309.9 585.5 1
8 10 188.4 541.9 1
4 9 74.8 158.0 1
1 7 327.2 639.7 1
9 5 29.1 110.4 1
8 6 271.9 540.5 1
2 6 258.2 402.1 1
6 5 29.9 134.1 1
4 9 10.3 364.8 1
6 9 355.4 730.9 1
1 5 359.3 470.0 1
3 8 352.3 611.4 1
9 10 393.6 690.2 1
4 5 455.7 576.0 1
5 6 11.9 358.1 1
3 9 297.2 559.2 1
5 7 338.1 653.0 1
0 5 236.9 371.8 1
5 10 435.8 563.0 1
0 2 246.7 617.4 1
0 4 382.3 577.6 1
1 7 282.4 354.3 1
0 3 89.8 197.7 1
9 3 11.3 93.3 1
3 6 218.0 496.8 1
9 7 172.9 313.8 1
4 7 140.3 261.0 1
2 5 189.0 488.9 1
2 5 237.8 307.8 1
0 4 339.3 415.4 1
0 9 230.4 563.4 1
7 1 331.0 477.7 1
7 2 354.1 551.4 1
1 9 257.2 319.5 1
2 7 347.7 528.3 1
9 8 416.7 680.2 1
7 6 269.1 332.8 1
4 2 415.8 554.1 1
1 6 426.9 734.2 1
4 1 64.5 121.2 1
EOF
