NUM_STATIONS: 10
NUM_REQUESTS: 20
NUM_VEHICLES: 3
VEHICLE_CAPACITY: 4
DISTANCES
0 1 8.3
1 2 2.5
2 3 8.9
3 4 6.4
4 5 8.5
5 6 5.9
6 7 7.6
7 8 9.1
8 9 7.1
9 0 6.5
REQUEST_SECTION
4 1 78.6 229.4 1
9 3 2.2 83.7 1
9 10 5.9 96.6 1
7 2 15.9 113.0 1
9 1 60.6 196.1 1
4 2 13.0 99.5 1
1 10 80.9 220.2 1
1 5 71.6 218.3 1
5 7 65.7 139.9 1
6 7 58.8 190.1 1
2 1 10.9 102.1 1
0 3 34.7 166.1 1
8 5 23.1 123.0 1
0 6 67.7 223.3 1
3 2 9.4 103.0 1
1 2 17.7 102.1 1
0 9 46.8 157.9 1
2 5 63.6 195.9 1
2 1 23.4 111.1 1
9 8 54.5 207.2 1
EOF
