NUM_STATIONS: 10
NUM_REQUESTS: 20
NUM_VEHICLES: 3
VEHICLE_CAPACITY: 1
DISTANCES
0 1 8.9
1 2 4.6
2 3 7.4
3 4 8.4
4 5 9.1
5 6 4.1
6 7 8.9
7 8 3.5
8 9 7.1
9 0 5.5
REQUEST_SECTION
2 3 54.4 242.9 1
4 1 115.3 371.7 1
1 10 331.1 412.3 1
5 4 194.0 368.8 1
6 5 278.1 562.4 1
0 8 161.1 275.9 1
2 9 161.6 435.3 1
9 1 146.5 259.7 1
2 3 333.9 552.7 1
5 9 7.3 235.0 1
6 4 45.6 284.1 1
5 1 190.6 378.6 1
8 4 235.5 482.1 1
8 1 274.9 366.9 1
9 2 272.1 472.0 1
5 8 92.8 306.3 1
3 5 43.9 262.5 1
8 1 71.1 195.0 1
4 9 70.7 237.8 1
6 4 293.7 439.5 1
EOF
