NUM_STATIONS: 10
NUM_REQUESTS: 80
NUM_VEHICLES: 2
VEHICLE_CAPACITY: 4
DISTANCES
0 1 9.9
1 2 5.8
2 3 2.8
3 4 4.2
4 5 8.2
5 6 9.6
6 7 7.3
7 8 4.0
8 9 8.9
9 0 4.1
REQUEST_SECTION
8 2 198.7 356.3 1
3 8 266.3 549.3 1
0 4 147.4 439.1 1
4 8 112.0 247.7 1
7 10 384.4 485.7 1
4 1 298.5 513.5 1
1 9 37.4 295.6 1
3 6 438.3 525.7 1
5 9 404.8 687.8 1
9 5 225.2 480.8 1
1 7 448.0 740.0 1
7 3 407.1 498.4 1
9 7 309.4 645.5 1
1 6 463.4 548.0 1
5 3 20.4 284.8 1
0 4 249.7 631.3 1
7 1 295.3 583.9 1
0 4 448.2 535.2 1
2 9 373.4 677.7 1
0 6 316.5 661.5 1
0 9 291.3 388.1 1
4 10 241.0 326.6 1
2 5 113.2 222.8 1
1 10 279.3 395.9 1
7 10 88.4 445.7 1
2 10 249.3 475.0 1
3 8 111.5 196.3 1
5 8 343.9 446.8 1
6 8 19.7 318.4 1
6 5 34.1 147.0 1
5 10 74.0 158.3 1
2 8 87.0 472.6 1
8 9 239.0 437.3 1
2 7 100.2 204.1 1
4 6 41.7 347.9 1
5 8 277.9 603.5 1
9 8 60.4 165.0 1
3 1 337.9 539.1 1
3 4 4.7 121.6 1
2 6 375.6 696.6 1
4 9 282.1 668.6 1
7 5 473.7 599.5 1
6 4 64.3 389.4 1
7 3 471.8 666.6 1
5 10 211.5 424.1 1
3 8 95.4 337.0 1
9 6 167.9 306.8 1
5 1 372.0 755.0 1
8 4 111.2 241.1 1
0 5 199.2 284.3 1
5 10 393.0 564.0 1
7 5 198.6 277.1 1
6 10 294.7 594.0 1
6 1 412.8 759.1 1
2 6 317.0 442.8 1
4 5 80.6 206.7 1
7 3 283.2 516.3 1
0 4 177.6 357.0 1
0 9 397.2 659.6 1
4 10 391.9 663.5 1
2 1 460.0 818.9 1
1 10 478.6 718.5 1
0 7 0.9 138.2 1
0 4 100.5 290.1 1
2 6 374.0 588.7 1
6 8 275.6 352.1 1
7 9 368.7 516.8 1
0 1 52.5 439.5 1
3 6 28.7 123.0 1
5 1 304.5 579.1 1
1 8 330.2 688.1 1
7 5 468.4 856.8 1
3 2 257.1 554.3 1
2 5 117.2 371.7 1
4 2 363.9 535.5 1
7 10 451.0 821.5 1
3 7 233.8 491.1 1
4 6 55.6 226.8 1
1 2 383.6 547.3 1
1 8 475.9 554.4 1
EOF
