NUM_STATIONS: 10
NUM_REQUESTS: 80
NUM_VEHICLES: 2
VEHICLE_CAPACITY: 1
DISTANCES
0 1 9.9
1 2 5.8
2 3 2.8
3 4 4.2
4 5 8.2
5 6 9.6
6 7 7.3
7 8 4.0
8 9 8.9
9 0 4.1
REQUEST_SECTION
8 2 1060.1 1181.1 1
3 8 685.4 1119.7 1
0 4 1133.0 2363.8 1
4 8 687.5 1015.0 1
7 10 449.9 829.3 1
4 1 1818.3 2058.8 1
1 9 1671.7 2699.9 1
3 6 624.0 1003.7 1
5 9 1868.5 2565.0 1
9 5 1948.5 2393.3 1
1 7 100.5 1398.0 1
7 3 1904.1 2622.0 1
9 7 558.1 1629.8 1
1 6 1024.6 2281.0 1
5 3 844.8 1488.3 1
0 4 642.2 1497.6 1
7 1 788.1 1291.0 1
0 4 822.5 1514.2 1
2 9 1876.1 2222.9 1
0 6 1620.8 2943.2 1
0 9 1519.9 2490.8 1
4 10 659.5 1207.1 1
2 5 962.9 1920.4 1
1 10 483.0 784.1 1
7 10 1804.9 2346.1 1
2 10 1147.4 1341.8 1
3 8 215.1 1216.9 1
5 8 1250.2 1418.6 1
6 8 578.3 850.6 1
6 5 393.4 669.4 1
5 10 1127.9 1524.9 1
2 8 951.6 1508.9 1
8 9 595.5 836.9 1
2 7 189.6 914.9 1
4 6 1818.6 2600.8 1
5 8 1782.2 3108.2 1
9 8 918.1 1198.1 1
3 1 752.7 1643.6 1
3 4 353.5 516.3 1
2 6 116.7 1259.0 1
4 9 1336.5 1560.0 1
7 5 1553.2 2029.7 1
6 4 266.9 1628.9 1
7 3 1104.4 1881.7 1
5 10 1190.7 2161.6 1
3 8 440.6 1731.7 1
9 6 733.2 1227.0 1
5 1 374.7 1089.3 1
8 4 382.0 1543.1 1
0 5 806.7 1524.7 1
5 10 624.2 1560.3 1
7 5 1067.3 1939.0 1
6 10 629.8 1786.8 1
6 1 1453.1 1739.4 1
2 6 862.1 1691.6 1
4 5 1872.5 3004.9 1
7 3 1124.3 2469.2 1
0 4 343.8 1107.3 1
0 9 1168.0 2046.8 1
4 10 906.0 999.5 1
2 1 269.8 1516.5 1
1 10 551.9 1209.9 1
0 7 953.3 2225.1 1
0 4 1776.4 2896.2 1
2 6 1569.7 2312.4 1
6 8 856.7 1587.7 1
7 9 453.5 1163.3 1
0 1 407.5 1428.0 1
3 6 265.5 1073.7 1
5 1 227.9 454.0 1
1 8 157.7 306.3 1
7 5 1337.2 1664.5 1
3 2 1402.9 2565.4 1
2 5 604.9 1011.1 1
4 2 480.9 1335.2 1
7 10 1129.1 1220.7 1
3 7 1110.7 2441.6 1
4 6 174.0 1281.3 1
1 2 1680.3 2353.3 1
1 8 1261.2 2054.6 1
EOF
