NUM_STATIONS: 10
NUM_REQUESTS: 20
NUM_VEHICLES: 2
VEHICLE_CAPACITY: 2
DISTANCES
0 1 8.3
1 2 2.5
2 3 8.9
3 4 6.4
4 5 8.5
5 6 5.9
6 7 7.6
7 8 9.1
8 9 7.1
9 0 6.5
REQUEST_SECTION
4 1 87.3 257.2 1
9 3 123.2 364.6 1
9 10 234.4 552.9 1
7 2 175.2 451.1 1
9 1 73.3 300.0 1
4 2 174.6 388.9 1
1 10 208.7 366.0 1
1 5 131.4 278.9 1
5 7 137.0 463.1 1
6 7 233.0 557.9 1
2 1 255.6 467.6 1
0 3 161.3 478.9 1
8 5 33.5 134.3 1
0 6 195.7 447.9 1
3 2 41.9 372.6 1
1 2 195.9 378.1 1
0 9 30.0 231.7 1
2 5 120.8 275.8 1
2 1 215.0 453.7 1
9 8 36.9 258.0 1
EOF
