NUM_STATIONS: 10
NUM_REQUESTS: 20
NUM_VEHICLES: 2
VEHICLE_CAPACITY: 4
DISTANCES
0 1 8.9
1 2 4.6
2 3 7.4
3 4 8.4
4 5 9.1
5 6 4.1
6 7 8.9
7 8 3.5
8 9 7.1
9 0 5.5
REQUEST_SECTION
2 3 22.7 102.9 1
4 1 26.2 95.5 1
1 10 56.7 173.2 1
5 4 45.7 175.9 1
6 5 19.5 135.9 1
0 8 105.0 214.2 1
2 9 95.9 181.4 1
9 1 71.5 178.6 1
2 3 3.8 121.7 1
5 9 55.9 197.4 1
6 4 42.4 123.7 1
5 1 10.0 129.1 1
8 4 30.6 179.4 1
8 1 70.3 156.7 1
9 2 29.1 152.5 1
5 8 8.1 83.7 1
3 5 99.8 198.9 1
8 1 1.9 88.9 1
4 9 86.1 153.6 1
6 4 82.4 197.3 1
EOF
