NUM_STATIONS: 10
NUM_REQUESTS: 20
NUM_VEHICLES: 1
VEHICLE_CAPACITY: 2
DISTANCES
0 1 8.3
1 2 2.5
2 3 8.9
3 4 6.4
4 5 8.5
5 6 5.9
6 7 7.6
7 8 9.1
8 9 7.1
9 0 6.5
REQUEST_SECTION
4 1 651.0 1231.7 1
9 3 275.5 605.8 1
9 10 301.1 498.9 1
7 2 311.2 848.3 1
9 1 28.9 531.4 1
4 2 92.6 451.3 1
1 10 640.3 956.3 1
1 5 29.0 368.5 1
5 7 107.4 520.7 1
6 7 500.4 1047.4 1
2 1 483.6 715.5 1
0 3 611.8 869.7 1
8 5 403.0 894.2 1
0 6 181.0 629.0 1
3 2 417.9 686.1 1
1 2 562.1 976.5 1
0 9 684.1 833.1 1
2 5 259.6 543.0 1
2 1 565.1 1099.0 1
9 8 31.6 236.1 1
EOF
