NUM_STATIONS: 10
NUM_REQUESTS: 20
NUM_VEHICLES: 2
VEHICLE_CAPACITY: 2
DISTANCES
0 1 6.6
1 2 8.7
2 3 5.9
3 4 9.0
4 5 3.2
5 6 7.2
6 7 4.7
7 8 8.2
8 9 3.5
9 0 6.8
REQUEST_SECTION
3 5 53.4 209.5 1
1 7 114.0 319.1 1
4 5 208.3 308.2 1
0 6 213.9 305.4 1
1 7 126.2 231.5 1
6 7 14.1 81.2 1
0 8 120.5 205.2 1
1 4 236.5 427.4 1
0 5 226.7 310.7 1
6 1 28.7 213.6 1
0 8 202.1 344.8 1
8 2 140.8 264.7 1
8 2 164.8 318.6 1
4 1 115.5 285.1 1
4 7 23.0 90.0 1
5 10 152.6 365.6 1
7 3 36.1 100.2 1
6 2 233.6 442.3 1
0 8 180.9 270.7 1
5 8 226.0 372.3 1
EOF
