NUM_STATIONS: 10
NUM_REQUESTS: 20
NUM_VEHICLES: 2
VEHICLE_CAPACITY: 2
DISTANCES
0 1 6.6
1 2 8.7
2 3 5.9
3 4 9.0
4 5 3.2
5 6 7.2
6 7 4.7
7 8 8.2
8 9 3.5
9 0 6.8
REQUEST_SECTION
3 5 26.4 265.4 1
1 7 22.5 130.6 1
4 5 315.2 383.0 1
0 6 160.0 267.9 1
1 7 212.5 349.8 1
6 7 189.9 300.1 1
0 8 70.5 259.8 1
1 4 124.9 230.1 1
0 5 12.8 127.8 1
6 1 201.7 329.0 1
0 8 28.2 281.2 1
8 2 206.5 332.9 1
8 2 47.4 336.4 1
4 1 245.5 425.4 1
4 7 252.4 517.7 1
5 10 96.9 161.7 1
7 3 111.6 259.8 1
6 2 186.8 391.7 1
0 8 222.3 483.9 1
5 8 49.6 186.1 1
EOF
