NUM_STATIONS: 10
NUM_REQUESTS: 80
NUM_VEHICLES: 2
VEHICLE_CAPACITY: 1
DISTANCES
0 1 9.9
1 2 5.8
2 3 2.8
3 4 4.2
4 5 8.2
5 6 9.6
6 7 7.3
7 8 4.0
8 9 8.9
9 0 4.1
REQUEST_SECTION
8 2 358.5 2041.0 1
3 8 1650.8 2302.0 1
0 4 1584.4 3581.8 1
4 8 1567.7 2293.7 1
7 10 502.1 771.8 1
4 1 1442.6 3154.9 1
1 9 723.2 1086.1 1
3 6 1136.1 2968.9 1
5 9 1498.1 1856.2 1
9 5 391.6 1774.6 1
1 7 441.1 1630.8 1
7 3 457.4 1487.7 1
9 7 827.0 2392.1 1
1 6 80.1 1490.9 1
5 3 1350.1 2020.6 1
0 4 1276.4 1950.3 1
7 1 1784.4 3683.3 1
0 4 339.3 1582.7 1
2 9 485.7 609.1 1
0 6 926.5 1931.9 1
0 9 1581.3 1905.8 1
4 10 1297.9 2927.4 1
2 5 1943.3 3312.8 1
1 10 346.3 1786.4 1
7 10 1126.9 1674.1 1
2 10 1775.0 3417.7 1
3 8 471.2 1853.3 1
5 8 645.8 1768.0 1
6 8 1412.6 1835.4 1
6 5 1816.0 2635.5 1
5 10 390.0 2184.3 1
2 8 1865.5 2564.3 1
8 9 139.1 265.5 1
2 7 1572.8 2142.0 1
4 6 1621.5 1758.9 1
5 8 30.4 1444.5 1
9 8 281.6 2076.2 1
3 1 428.8 1381.4 1
3 4 1554.7 3340.1 1
2 6 38.7 1561.8 1
4 9 1357.1 1998.5 1
7 5 264.9 893.6 1
6 4 1052.6 2987.0 1
7 3 1509.2 3229.6 1
5 10 680.7 1359.4 1
3 8 1172.8 3090.9 1
9 6 957.2 2890.5 1
5 1 463.7 555.8 1
8 4 712.3 1184.8 1
0 5 1310.9 2802.6 1
5 10 787.8 2283.4 1
7 5 998.0 2927.8 1
6 10 1055.4 2610.5 1
6 1 901.0 2668.5 1
2 6 1581.3 3454.7 1
4 5 1860.0 3386.7 1
7 3 443.8 959.3 1
0 4 621.9 760.0 1
0 9 1178.9 1685.0 1
4 10 811.7 1086.8 1
2 1 921.4 2718.1 1
1 10 246.6 1101.4 1
0 7 1451.4 1980.2 1
0 4 1184.5 1827.9 1
2 6 571.5 1099.7 1
6 8 1421.3 2265.8 1
7 9 175.9 2185.6 1
0 1 1136.8 2509.7 1
3 6 132.8 1790.9 1
5 1 942.8 1074.5 1
1 8 696.7 949.2 1
7 5 696.7 2384.1 1
3 2 113.9 1437.2 1
2 5 1820.5 3606.1 1
4 2 391.8 1299.8 1
7 10 1250.7 2125.7 1
3 7 100.6 722.1 1
4 6 1194.3 2585.2 1
1 2 820.7 2044.5 1
1 8 1380.8 2416.8 1
EOF
