NUM_STATIONS: 10
NUM_REQUESTS: 80
NUM_VEHICLES: 1
VEHICLE_CAPACITY: 8
DISTANCES
0 1 2.4
1 2 8.8
2 3 9.2
3 4 4.4
4 5 2.3
5 6 10.0
6 7 6.1
7 8 3.9
8 9 6.9
9 0 4.1
REQUEST_SECTION
4 2 43.0 224.3 1
1 6 20.6 305.4 1
9 8 34.5 172.3 1
7 1 70.1 221.6 1
1 5 77.5 339.5 1
5 9 14.9 151.2 1
1 5 230.6 394.0 1
5 6 6.3 103.0 1
2 8 198.9 323.7 1
6 1 370.6 475.9 1
5 3 98.7 434.4 1
2 7 318.6 623.9 1
5 9 290.2 536.0 1
0 2 35.8 146.5 1
1 8 236.2 392.7 1
7 10 116.2 218.0 1
1 3 53.5 389.4 1
5 3 368.7 600.7 1
2 5 355.2 416.9 1
4 8 247.8 559.6 1
2 4 123.1 436.6 1
4 2 320.1 485.1 1
7 10 422.8 727.4 1
5 6 38.2 230.2 1
5 9 179.1 476.2 1
7 6 395.4 708.6 1
1 5 110.4 422.5 1
1 2 187.2 253.4 1
9 1 169.2 366.0 1
3 7 127.3 280.8 1
7 2 42.9 300.7 1
1 7 51.2 124.3 1
3 8 276.5 347.0 1
1 5 402.3 674.9 1
1 8 48.6 248.6 1
3 9 215.0 472.5 1
1 10 68.6 148.1 1
7 2 169.7 393.5 1
3 6 81.2 354.7 1
8 7 318.9 581.8 1
1 2 320.0 654.7 1
0 7 185.5 531.2 1
0 3 323.3 514.4 1
0 4 430.6 508.4 1
6 5 89.0 433.0 1
5 8 267.5 539.7 1
1 10 37.0 126.5 1
5 6 290.1 381.6 1
4 7 393.8 488.1 1
8 9 93.9 337.4 1
5 8 393.5 497.4 1
6 7 354.8 522.3 1
0 8 90.2 243.1 1
1 9 57.6 327.9 1
0 5 378.7 502.1 1
0 4 280.4 344.3 1
4 9 92.3 298.2 1
3 1 429.3 491.5 1
7 2 168.9 478.9 1
5 8 75.3 399.4 1
2 10 232.5 336.0 1
7 9 139.0 440.7 1
8 5 198.5 544.3 1
5 6 435.6 587.6 1
8 2 101.1 317.3 1
5 2 410.9 729.2 1
5 1 282.6 598.1 1
8 7 82.4 203.4 1
3 7 377.4 604.7 1
4 7 164.0 471.4 1
6 4 102.7 419.4 1
9 7 132.1 253.5 1
9 3 288.9 431.3 1
9 5 192.4 433.2 1
9 10 182.7 434.8 1
8 10 233.7 340.5 1
9 6 359.9 678.1 1
3 9 419.8 542.0 1
2 9 303.0 397.1 1
2 4 431.0 580.6 1
EOF
