NUM_STATIONS: 10
NUM_REQUESTS: 40
NUM_VEHICLES: 2
VEHICLE_CAPACITY: 2
DISTANCES
0 1 4.3
1 2 4.7
2 3 7.7
3 4 5.3
4 5 3.2
5 6 1.5
6 7 9.1
7 8 3.7
8 9 3.4
9 0 3.5
REQUEST_SECTION
2 7 118.7 189.8 1
8 10 46.8 101.6 1
4 9 348.2 559.9 1
1 7 153.7 231.5 1
9 5 162.3 338.1 1
8 6 198.9 372.2 1
2 6 151.4 252.0 1
6 5 79.0 178.5 1
4 9 112.7 183.6 1
6 9 333.1 406.6 1
1 5 33.9 189.6 1
3 8 277.4 511.3 1
9 10 118.3 388.2 1
4 5 66.6 214.4 1
5 6 256.4 472.2 1
3 9 201.2 374.1 1
5 7 216.1 360.4 1
0 5 193.4 283.9 1
5 10 258.6 423.6 1
0 2 14.2 86.6 1
0 4 317.2 593.0 1
1 7 110.4 206.4 1
0 3 233.7 500.9 1
9 3 131.0 211.5 1
3 6 234.7 311.8 1
9 7 165.3 277.5 1
4 7 308.3 560.6 1
2 5 101.9 346.4 1
2 5 104.9 307.0 1
0 4 215.1 383.4 1
0 9 112.8 286.8 1
7 1 329.2 427.6 1
7 2 154.4 378.5 1
1 9 318.9 469.6 1
2 7 139.1 390.1 1
9 8 342.8 595.6 1
7 6 162.1 337.9 1
4 2 80.9 268.7 1
1 6 5.2 161.1 1
4 1 255.2 437.8 1
EOF
