NUM_STATIONS: 10
NUM_REQUESTS: 80
NUM_VEHICLES: 3
VEHICLE_CAPACITY: 2
DISTANCES
0 1 2.4
1 2 8.8
2 3 9.2
3 4 4.4
4 5 2.3
5 6 10.0
6 7 6.1
7 8 3.9
8 9 6.9
9 0 4.1
REQUEST_SECTION
4 2 402.1 675.0 1
1 6 232.8 322.5 1
9 8 179.6 440.1 1
7 1 334.4 663.4 1
1 5 525.1 891.9 1
5 9 236.5 594.6 1
1 5 213.9 321.7 1
5 6 484.4 704.5 1
2 8 57.1 368.9 1
6 1 574.8 670.6 1
5 3 340.6 680.1 1
2 7 487.5 683.6 1
5 9 220.4 532.8 1
0 2 38.0 398.8 1
1 8 181.0 495.9 1
7 10 211.9 558.2 1
1 3 233.3 597.6 1
5 3 465.8 891.4 1
2 5 193.8 287.4 1
4 8 227.3 408.4 1
2 4 538.8 927.6 1
4 2 324.6 478.4 1
7 10 286.7 396.9 1
5 6 362.5 716.0 1
5 9 289.6 511.6 1
7 6 571.9 863.9 1
1 5 246.0 560.8 1
1 2 79.5 439.0 1
9 1 140.2 374.9 1
3 7 122.8 413.6 1
7 2 238.6 571.5 1
1 7 85.5 441.3 1
3 8 458.9 714.3 1
1 5 115.5 360.0 1
1 8 223.5 477.5 1
3 9 525.5 645.6 1
1 10 194.0 480.4 1
7 2 104.9 464.9 1
3 6 17.9 129.8 1
8 7 412.7 604.6 1
1 2 465.9 765.8 1
0 7 146.8 425.8 1
0 3 17.3 400.7 1
0 4 39.1 191.3 1
6 5 89.2 364.4 1
5 8 45.0 240.4 1
1 10 243.4 646.1 1
5 6 550.3 800.2 1
4 7 473.0 564.6 1
8 9 417.5 691.7 1
5 8 46.7 165.8 1
6 7 103.7 270.6 1
0 8 125.1 563.8 1
1 9 345.0 658.9 1
0 5 207.9 367.9 1
0 4 568.9 921.1 1
4 9 280.0 371.2 1
3 1 326.1 753.3 1
7 2 459.5 655.0 1
5 8 340.8 450.3 1
2 10 129.4 536.0 1
7 9 72.2 483.9 1
8 5 568.9 831.0 1
5 6 22.3 213.9 1
8 2 269.5 639.3 1
5 2 444.5 584.2 1
5 1 332.1 719.6 1
8 7 36.4 244.7 1
3 7 403.5 815.8 1
4 7 230.9 420.1 1
6 4 221.4 292.6 1
9 7 55.8 211.2 1
9 3 25.6 294.3 1
9 5 555.1 947.2 1
9 10 360.0 694.4 1
8 10 250.2 496.5 1
9 6 341.0 518.9 1
3 9 54.1 228.3 1
2 9 152.3 347.0 1
2 4 280.0 490.6 1
EOF
