NUM_STATIONS: 10
NUM_REQUESTS: 160
NUM_VEHICLES: 2
VEHICLE_CAPACITY: 8
DISTANCES
0 1 6.3
1 2 1.5
2 3 7.8
3 4 9.8
4 5 9.9
5 6 6.9
6 7 1.6
7 8 5.2
8 9 2.2
9 0 6.8
REQUEST_SECTION
3 7 162.0 423.7 1
2 4 362.1 508.5 1
2 7 59.2 371.6 1
7 4 219.7 540.7 1
4 10 362.5 477.5 1
1 4 246.6 566.7 1
2 1 244.3 316.9 1
5 9 129.2 365.8 1
7 3 170.5 413.4 1
0 7 158.9 428.2 1
0 3 295.7 398.4 1
0 5 390.0 514.3 1
0 3 385.9 574.9 1
8 4 52.6 276.5 1
3 4 303.5 599.5 1
0 7 281.4 629.2 1
5 4 304.9 379.9 1
9 8 382.4 555.4 1
8 6 188.0 384.8 1
9 7 271.0 507.0 1
9 4 19.9 81.3 1
2 4 174.4 417.9 1
9 3 176.7 252.9 1
9 5 221.8 439.9 1
1 6 380.3 517.2 1
9 4 155.8 397.9 1
9 2 249.0 552.2 1
7 2 46.1 272.0 1
3 9 179.5 411.3 1
1 2 63.8 170.3 1
5 6 287.2 458.5 1
0 8 197.2 358.1 1
1 4 140.9 219.8 1
8 3 143.2 243.6 1
0 1 64.5 308.6 1
3 2 256.4 365.3 1
9 8 213.4 484.5 1
0 9 305.3 481.1 1
7 6 375.7 469.2 1
6 2 403.8 704.1 1
2 3 185.3 348.7 1
2 3 428.4 670.4 1
2 8 87.8 225.0 1
7 3 114.4 350.3 1
5 1 134.3 297.6 1
9 6 60.2 240.3 1
0 2 425.3 746.1 1
5 2 172.2 343.4 1
0 4 280.1 566.1 1
0 1 133.5 317.0 1
8 5 389.1 675.5 1
1 9 169.8 484.3 1
9 10 237.7 434.3 1
9 10 166.2 432.0 1
3 10 280.4 438.5 1
0 5 196.7 258.7 1
9 3 284.3 442.0 1
1 7 85.2 179.0 1
2 9 274.5 477.5 1
2 9 187.7 358.4 1
2 7 286.3 560.7 1
5 1 146.5 454.4 1
6 4 136.6 375.4 1
1 4 414.7 739.4 1
5 3 204.3 269.1 1
2 5 257.3 364.1 1
4 10 80.9 318.3 1
0 6 73.5 293.9 1
3 2 434.6 531.6 1
6 1 4.4 95.7 1
6 1 159.6 255.0 1
7 1 60.4 166.8 1
9 10 247.5 429.2 1
3 4 260.9 472.4 1
3 6 360.4 670.4 1
1 4 362.3 562.6 1
2 4 412.9 625.5 1
6 9 277.7 349.9 1
3 7 104.6 186.1 1
9 4 330.7 471.9 1
5 4 7.0 177.9 1
0 3 269.0 412.8 1
1 3 193.8 286.2 1
9 1 97.7 316.9 1
4 3 17.1 185.4 1
9 10 352.9 462.1 1
8 7 241.1 343.4 1
1 7 87.7 408.3 1
7 6 256.6 491.1 1
2 5 200.2 347.9 1
0 2 291.3 350.3 1
5 7 367.1 436.4 1
3 7 33.2 175.0 1
4 10 259.4 484.0 1
5 10 101.6 188.1 1
7 5 264.7 429.7 1
1 6 393.9 529.8 1
7 1 208.7 495.4 1
1 5 0.5 218.6 1
6 8 5.2 282.5 1
3 5 115.8 368.4 1
9 7 289.7 495.1 1
4 9 276.8 444.1 1
7 4 4.2 169.7 1
4 9 235.5 486.5 1
8 2 303.3 638.0 1
4 9 407.2 700.2 1
2 1 434.3 690.2 1
8 10 148.4 311.2 1
5 1 182.6 257.9 1
9 1 294.3 577.5 1
0 4 193.7 418.0 1
0 2 71.4 370.1 1
6 1 402.0 649.1 1
5 4 38.1 231.2 1
5 1 62.3 287.3 1
0 9 297.2 426.2 1
6 9 48.6 323.6 1
6 5 413.1 483.3 1
7 9 38.5 165.0 1
8 6 284.4 387.4 1
1 6 386.1 729.2 1
2 8 137.1 332.9 1
1 9 428.8 661.5 1
0 8 195.9 508.8 1
7 1 423.8 527.8 1
3 9 373.4 575.6 1
7 10 162.8 464.0 1
2 4 98.7 162.6 1
8 7 154.7 480.3 1
7 1 368.0 625.1 1
3 7 167.8 504.7 1
9 5 304.9 397.7 1
0 8 149.0 370.9 1
9 3 320.3 573.2 1
5 8 52.4 315.1 1
1 3 245.4 424.3 1
1 9 114.5 447.7 1
5 9 174.6 367.9 1
2 5 283.6 489.8 1
8 3 225.3 500.7 1
1 8 339.9 559.2 1
6 9 424.0 750.1 1
0 9 285.3 527.3 1
4 7 406.1 629.7 1
2 8 363.5 615.1 1
1 6 140.4 292.1 1
1 10 288.8 460.3 1
0 5 59.0 145.0 1
3 9 90.4 339.8 1
5 9 63.1 141.3 1
4 5 410.4 618.0 1
7 1 137.3 361.0 1
9 1 310.6 494.7 1
4 10 302.3 515.0 1
6 1 434.8 681.7 1
7 3 27.6 278.5 1
3 8 8.2 347.1 1
0 9 55.3 113.9 1
5 3 307.1 644.3 1
EOF
