NUM_STATIONS: 10
NUM_REQUESTS: 40
NUM_VEHICLES: 3
VEHICLE_CAPACITY: 4
DISTANCES
0 1 5.5
1 2 7.8
2 3 7.1
3 4 4.8
4 5 4.5
5 6 3.9
6 7 2.7
7 8 6.4
8 9 8.5
9 0 7.6
REQUEST_SECTION
8 7 6.1 74.0 1
8 6 12.2 153.0 1
7 5 56.4 197.0 1
5 10 14.8 105.1 1
6 9 70.1 176.1 1
3 4 108.0 228.2 1
4 2 14.9 117.4 1
5 3 143.0 261.3 1
5 10 113.7 214.5 1
2 9 62.4 201.3 1
2 8 30.6 158.5 1
0 7 82.5 180.7 1
4 5 110.2 205.8 1
3 9 20.1 128.1 1
5 7 42.7 132.7 1
8 4 56.9 139.0 1
9 8 67.4 144.0 1
2 10 34.8 167.3 1
4 7 86.2 159.6 1
4 10 14.7 113.3 1
7 2 44.4 179.4 1
3 5 71.6 187.7 1
1 9 24.2 152.1 1
9 8 7.3 87.7 1
5 1 39.9 144.2 1
5 3 29.0 137.3 1
5 8 31.7 114.0 1
5 6 0.3 144.4 1
0 1 45.6 183.2 1
5 2 70.5 199.3 1
5 3 72.2 175.5 1
1 10 141.1 293.3 1
2 4 117.5 193.3 1
8 3 97.1 245.7 1
5 7 124.5 268.0 1
1 10 20.6 137.0 1
5 1 26.3 173.7 1
2 6 115.9 249.9 1
7 5 135.3 269.7 1
8 7 3.5 78.4 1
EOF
