NUM_STATIONS: 10
NUM_REQUESTS: 80
NUM_VEHICLES: 1
VEHICLE_CAPACITY: 4
DISTANCES
0 1 8.0
1 2 8.3
2 3 3.5
3 4 6.0
4 5 1.1
5 6 2.5
6 7 5.2
7 8 7.5
8 9 5.8
9 0 8.4
REQUEST_SECTION
9 3 716.3 1316.9 1
9 7 464.7 554.2 1
9 1 1043.2 1752.9 1
2 6 886.8 1239.1 1
5 4 593.6 1371.8 1
6 5 487.1 650.5 1
3 2 1047.1 1817.1 1
6 2 778.8 999.6 1
0 9 667.7 767.3 1
3 8 93.9 292.6 1
1 2 734.1 1331.0 1
9 2 1023.0 1308.7 1
4 3 649.4 938.0 1
3 8 494.3 864.1 1
8 3 220.3 852.4 1
8 5 422.0 695.1 1
8 5 1110.0 1502.9 1
0 3 783.7 1426.0 1
7 10 36.1 527.3 1
2 10 658.6 954.5 1
7 9 651.6 1268.1 1
6 5 642.0 1259.1 1
4 8 619.6 722.5 1
6 10 612.7 730.3 1
3 4 1104.7 1870.7 1
9 5 919.0 1668.2 1
7 6 824.2 1356.0 1
9 7 961.2 1596.0 1
5 9 472.9 540.6 1
5 7 980.2 1693.6 1
6 1 1075.0 1331.9 1
7 4 1031.4 1847.5 1
2 8 666.3 1562.2 1
9 1 700.6 1534.3 1
4 1 1031.3 1462.2 1
5 6 300.9 542.9 1
0 9 727.5 1077.8 1
8 2 346.1 1006.5 1
6 3 770.6 1296.8 1
6 9 40.5 521.1 1
9 7 339.6 450.7 1
2 8 595.5 1206.3 1
6 8 987.1 1410.9 1
5 2 589.0 820.4 1
4 6 94.9 858.9 1
4 9 449.3 1207.4 1
4 9 1076.1 1572.7 1
9 8 1023.0 1317.5 1
6 4 777.4 1655.8 1
8 6 914.4 1061.7 1
4 3 741.8 1271.1 1
9 10 94.5 709.8 1
8 7 532.1 1373.3 1
7 1 941.2 1807.5 1
1 3 616.7 1474.7 1
6 3 690.3 1084.0 1
8 3 63.9 520.2 1
4 6 262.5 1074.7 1
6 9 770.4 1426.5 1
9 4 909.2 1320.3 1
7 8 89.0 542.0 1
6 3 120.0 629.2 1
7 5 484.7 614.6 1
9 3 1056.3 1872.5 1
1 9 53.7 351.5 1
8 1 750.9 1062.5 1
9 8 423.5 1130.8 1
9 7 637.2 919.1 1
6 7 374.9 1134.1 1
5 9 142.0 814.1 1
1 5 436.5 1119.2 1
8 6 1126.1 1889.6 1
2 1 314.4 554.4 1
1 7 812.9 1213.9 1
4 6 884.5 1571.9 1
0 3 987.6 1094.0 1
1 10 500.7 589.7 1
7 8 964.5 1490.7 1
9 6 723.9 1115.8 1
3 10 981.0 1376.7 1
EOF
