NUM_STATIONS: 10
NUM_REQUESTS: 40
NUM_VEHICLES: 3
VEHICLE_CAPACITY: 2
DISTANCES
0 1 5.8
1 2 5.9
2 3 5.5
3 4 4.6
4 5 6.6
5 6 8.5
6 7 2.2
7 8 4.0
8 9 2.7
9 0 5.9
REQUEST_SECTION
5 3 270.8 372.5 1
6 3 327.9 448.8 1
4 5 153.7 294.1 1
3 7 144.6 246.3 1
8 3 152.0 400.9 1
2 5 269.6 508.7 1
2 8 180.8 452.6 1
4 7 126.5 387.9 1
9 1 195.4 338.2 1
2 4 132.1 186.1 1
1 10 290.3 371.9 1
7 2 260.3 470.2 1
5 4 260.5 453.6 1
2 8 312.7 603.9 1
2 5 56.7 177.3 1
8 3 313.7 481.6 1
6 2 327.2 381.9 1
9 5 309.2 425.1 1
5 8 1.2 134.4 1
6 9 52.1 187.8 1
3 2 93.1 401.3 1
7 2 266.2 378.2 1
3 5 5.9 306.9 1
9 2 116.4 358.8 1
9 5 336.6 504.3 1
5 3 152.6 410.4 1
5 9 181.2 247.0 1
1 9 190.0 410.5 1
0 4 189.6 449.1 1
3 5 16.0 144.1 1
8 7 54.6 267.9 1
3 4 307.1 385.8 1
7 2 308.8 445.1 1
9 8 280.1 572.4 1
4 6 213.6 423.2 1
2 3 139.0 297.2 1
2 9 234.7 321.0 1
3 1 18.7 275.0 1
4 2 202.6 294.7 1
3 8 44.3 104.9 1
EOF
