NUM_STATIONS: 10
NUM_REQUESTS: 80
NUM_VEHICLES: 3
VEHICLE_CAPACITY: 8
DISTANCES
0 1 2.4
1 2 8.8
2 3 9.2
3 4 4.4
4 5 2.3
5 6 10.0
6 7 6.1
7 8 3.9
8 9 6.9
9 0 4.1
REQUEST_SECTION
4 2 43.4 147.1 1
1 6 38.3 99.1 1
9 8 164.3 345.7 1
7 1 154.2 266.2 1
1 5 18.9 214.6 1
5 9 126.4 221.8 1
1 5 67.7 218.7 1
5 6 137.7 230.8 1
2 8 44.2 187.7 1
6 1 169.0 293.3 1
5 3 63.0 202.9 1
2 7 133.4 214.0 1
5 9 125.9 288.0 1
0 2 131.1 246.4 1
1 8 140.4 331.3 1
7 10 80.6 190.4 1
1 3 140.7 336.4 1
5 3 17.4 128.1 1
2 5 113.5 294.6 1
4 8 120.0 191.2 1
2 4 86.9 165.1 1
4 2 9.3 73.6 1
7 10 77.3 176.9 1
5 6 65.6 238.4 1
5 9 167.4 241.2 1
7 6 44.5 104.3 1
1 5 114.9 240.6 1
1 2 61.7 249.7 1
9 1 121.1 321.7 1
3 7 2.7 187.4 1
7 2 28.9 99.0 1
1 7 102.7 203.2 1
3 8 128.9 210.2 1
1 5 108.9 312.3 1
1 8 66.3 137.2 1
3 9 157.8 271.9 1
1 10 193.8 387.5 1
7 2 4.7 198.4 1
3 6 116.0 187.6 1
8 7 126.4 298.4 1
1 2 126.8 284.1 1
0 7 169.5 280.9 1
0 3 94.7 211.9 1
0 4 11.4 158.9 1
6 5 137.5 304.0 1
5 8 70.0 242.9 1
1 10 162.5 321.7 1
5 6 117.1 244.0 1
4 7 93.7 279.2 1
8 9 18.8 183.0 1
5 8 187.9 284.6 1
6 7 107.5 308.5 1
0 8 160.6 269.7 1
1 9 147.4 298.6 1
0 5 11.4 211.8 1
0 4 28.3 230.0 1
4 9 108.0 265.8 1
3 1 180.1 296.2 1
7 2 122.3 294.2 1
5 8 189.2 301.3 1
2 10 193.0 394.6 1
7 9 7.4 129.6 1
8 5 32.6 217.6 1
5 6 101.6 231.5 1
8 2 127.2 319.6 1
5 2 89.3 221.4 1
5 1 165.1 292.6 1
8 7 154.6 250.9 1
3 7 7.7 113.0 1
4 7 138.8 201.8 1
6 4 81.8 178.8 1
9 7 18.8 196.6 1
9 3 109.1 225.2 1
9 5 155.2 233.7 1
9 10 32.8 148.1 1
8 10 177.7 362.5 1
9 6 117.3 261.0 1
3 9 125.1 222.7 1
2 9 8.9 87.7 1
2 4 185.8 331.2 1
EOF
