NUM_STATIONS: 10
NUM_REQUESTS: 80
NUM_VEHICLES: 3
VEHICLE_CAPACITY: 8
DISTANCES
0 1 5.3
1 2 5.1
2 3 4.1
3 4 5.8
4 5 8.8
5 6 4.0
6 7 7.4
7 8 2.6
8 9 6.4
9 0 5.7
REQUEST_SECTION
7 4 71.2 255.1 1
7 1 85.3 140.7 1
9 2 40.3 145.6 1
2 9 4.7 161.8 1
6 10 118.9 185.8 1
0 9 26.8 136.6 1
6 8 16.9 167.9 1
2 3 135.1 304.6 1
4 7 67.6 183.1 1
1 4 90.0 255.6 1
5 9 77.7 185.3 1
7 1 128.8 300.0 1
5 3 20.2 136.4 1
4 10 78.3 232.6 1
0 1 61.9 244.6 1
8 9 48.8 164.5 1
8 2 101.8 252.1 1
8 4 30.5 107.3 1
1 5 29.0 175.8 1
5 3 49.0 231.6 1
8 2 51.5 217.7 1
3 6 125.6 274.5 1
5 4 100.4 184.1 1
7 9 48.0 153.0 1
3 5 2.0 121.5 1
7 8 125.0 261.6 1
0 8 111.2 169.5 1
9 2 39.2 204.8 1
1 6 105.2 236.3 1
4 7 0.4 86.9 1
0 7 36.9 112.7 1
5 7 74.0 220.1 1
4 7 107.6 218.2 1
1 6 98.2 206.5 1
0 9 92.9 151.6 1
8 9 56.2 138.0 1
2 5 111.7 198.2 1
1 10 13.1 188.8 1
3 2 93.6 210.1 1
9 6 34.8 106.5 1
7 8 47.5 187.5 1
6 8 24.8 106.9 1
6 3 137.6 281.0 1
0 6 32.5 136.3 1
1 6 56.2 136.8 1
0 7 6.7 107.2 1
6 3 1.3 124.0 1
3 2 98.0 272.9 1
8 10 133.5 236.0 1
6 3 71.0 219.5 1
9 8 133.0 305.3 1
1 6 31.0 181.6 1
3 2 134.3 216.3 1
2 5 62.1 131.9 1
6 1 118.1 174.9 1
9 4 19.5 76.2 1
7 9 1.4 132.6 1
1 2 99.0 170.5 1
8 4 120.5 214.5 1
3 7 124.3 236.0 1
1 8 80.2 146.5 1
3 5 102.5 180.1 1
6 4 70.0 220.4 1
5 9 124.4 212.7 1
4 3 4.6 138.7 1
1 8 97.0 159.7 1
0 9 37.5 206.6 1
9 5 137.1 207.0 1
2 9 10.2 111.9 1
6 2 47.8 175.1 1
9 1 7.1 171.1 1
9 3 85.2 205.9 1
5 2 130.0 284.7 1
8 10 59.0 237.9 1
3 7 10.2 103.0 1
7 5 76.0 189.0 1
0 5 27.1 186.9 1
6 1 107.9 286.8 1
7 1 70.0 231.9 1
3 9 40.5 161.5 1
EOF
