NUM_STATIONS: 10
NUM_REQUESTS: 160
NUM_VEHICLES: 1
VEHICLE_CAPACITY: 4
DISTANCES
0 1 3.6
1 2 7.3
2 3 7.4
3 4 1.6
4 5 9.1
5 6 1.1
6 7 5.1
7 8 5.3
8 9 9.0
9 0 2.6
REQUEST_SECTION
0 6 1298.6 2095.8 1
6 7 1566.1 2197.4 1
7 6 744.1 1763.2 1
0 1 1920.8 2449.8 1
4 3 1935.0 2884.0 1
6 10 1638.4 1802.0 1
5 2 1106.0 1690.6 1
1 3 128.8 931.4 1
0 6 1948.0 2916.0 1
6 1 811.3 871.2 1
4 5 1275.0 1473.7 1
6 2 1841.8 2027.5 1
3 4 182.3 535.4 1
3 4 858.9 1413.6 1
7 9 1288.4 2061.7 1
9 3 2055.4 2314.4 1
9 7 1799.2 2559.2 1
4 8 283.8 930.9 1
3 7 1541.3 2264.5 1
2 3 1597.2 1856.0 1
0 7 150.8 929.0 1
1 5 566.6 794.3 1
8 2 474.9 954.4 1
5 3 960.6 1014.2 1
5 9 737.7 1507.6 1
1 6 128.8 898.7 1
1 6 890.3 1227.3 1
4 2 671.7 1310.8 1
5 3 1515.5 2560.8 1
4 7 1105.0 1504.2 1
6 5 1886.9 2933.4 1
3 7 1918.3 1976.0 1
5 3 646.2 1335.8 1
4 9 1737.4 1811.0 1
2 6 1516.2 2394.8 1
8 4 1167.7 1594.9 1
0 3 329.0 510.6 1
8 9 1579.7 2585.2 1
9 5 1790.1 2448.9 1
5 7 1772.8 2758.8 1
1 5 437.9 920.5 1
6 8 688.6 1336.4 1
3 8 1402.1 2495.1 1
8 5 748.6 903.6 1
3 10 783.5 1471.4 1
8 7 1166.4 1999.5 1
9 4 1257.7 2003.1 1
6 2 901.3 1246.5 1
9 7 1546.3 2061.0 1
0 8 603.4 1487.2 1
3 9 1900.9 2845.1 1
7 10 218.2 1089.4 1
7 3 1880.1 2185.2 1
4 1 416.6 1202.6 1
1 3 1203.0 2086.8 1
4 9 338.2 1267.1 1
6 7 867.2 1506.4 1
3 9 1904.9 2738.2 1
1 5 676.9 1377.6 1
9 7 645.9 735.4 1
4 8 827.2 1335.8 1
7 10 474.2 1354.4 1
2 9 1596.5 2616.7 1
8 1 991.6 1484.6 1
1 7 430.3 757.7 1
8 5 1034.2 1281.8 1
7 3 1378.4 2443.9 1
3 5 491.1 775.3 1
0 5 620.2 987.0 1
9 4 200.0 573.9 1
5 8 680.6 1237.0 1
9 8 767.8 1018.1 1
6 9 341.5 1232.2 1
8 1 121.2 921.1 1
6 7 305.9 477.0 1
6 1 1092.9 1748.3 1
3 5 893.5 1746.4 1
4 7 1661.0 2696.1 1
6 3 459.5 1029.7 1
4 5 60.0 879.8 1
0 1 90.1 473.5 1
8 5 2019.2 3006.6 1
3 4 266.0 1294.3 1
2 6 1703.1 2101.1 1
9 4 1318.2 2112.0 1
6 8 981.5 1980.4 1
6 2 1732.4 2542.7 1
7 2 964.9 1230.4 1
1 8 1946.8 2998.6 1
9 5 1155.7 1601.1 1
6 2 1423.0 1579.0 1
1 5 793.5 1715.2 1
5 4 817.8 955.8 1
8 10 106.1 232.0 1
3 6 1218.5 2090.6 1
5 2 224.6 725.4 1
6 3 1814.9 1870.7 1
4 6 1568.1 1645.2 1
5 7 514.4 773.3 1
2 3 1545.0 2300.4 1
4 9 966.5 1051.9 1
4 1 1832.5 1965.6 1
5 6 1228.4 1556.9 1
5 10 989.3 1090.0 1
8 9 993.0 1047.6 1
3 5 1482.3 1575.4 1
3 8 522.5 1470.1 1
7 8 608.0 1512.8 1
4 8 1023.0 1104.9 1
1 6 663.9 1206.0 1
3 9 515.1 1467.1 1
0 8 1577.8 2282.4 1
0 5 1208.5 2181.2 1
1 8 892.3 1035.3 1
3 6 1525.7 2486.7 1
7 1 1955.5 2756.9 1
7 1 1328.1 2414.5 1
4 1 844.1 1745.3 1
1 2 1854.5 2426.0 1
8 5 966.1 1841.2 1
6 4 1742.5 1873.7 1
3 6 776.7 1267.2 1
2 8 2005.5 2393.2 1
6 1 1461.8 1985.4 1
6 10 429.6 903.9 1
0 2 935.7 1851.4 1
0 1 806.2 1328.5 1
3 9 95.1 505.2 1
2 8 736.3 1479.0 1
4 5 223.0 277.1 1
1 5 153.5 950.3 1
4 2 755.9 1684.1 1
1 3 571.6 1103.5 1
1 3 1400.5 1979.8 1
6 1 1657.0 2206.0 1
8 9 1085.7 1559.3 1
7 6 681.2 1222.0 1
1 7 1916.9 2635.9 1
6 1 1451.5 1592.4 1
4 6 163.8 807.8 1
3 9 636.9 860.0 1
2 9 1724.4 2028.1 1
6 9 2000.4 3027.5 1
2 4 181.9 771.7 1
9 6 1360.5 1635.7 1
1 6 902.4 1052.0 1
3 2 1158.6 1364.0 1
4 1 15.6 400.2 1
8 9 1636.2 2184.1 1
4 3 1723.8 2774.1 1
7 5 315.8 1318.4 1
3 5 1603.9 2468.8 1
6 7 1156.8 1862.4 1
9 5 527.0 811.6 1
6 5 255.7 722.3 1
3 8 1952.4 2940.8 1
4 9 1741.4 2232.0 1
4 10 761.8 1040.3 1
6 8 1458.0 1872.2 1
3 1 35.4 1107.8 1
EOF
