NUM_STATIONS: 10
NUM_REQUESTS: 20
NUM_VEHICLES: 3
VEHICLE_CAPACITY: 8
DISTANCES
0 1 5.2
1 2 3.6
2 3 9.0
3 4 5.2
4 5 4.6
5 6 6.8
6 7 9.5
7 8 9.5
8 9 7.9
9 0 8.3
REQUEST_SECTION
3 5 42.5 149.7 1
5 3 54.7 132.3 1
0 4 48.6 153.4 1
0 7 23.8 121.7 1
0 5 32.6 106.8 1
3 5 35.2 119.3 1
2 7 4.3 107.1 1
4 5 25.7 104.8 1
7 10 44.5 116.0 1
4 5 18.1 90.8 1
9 5 0.9 83.8 1
5 8 12.8 89.6 1
0 8 36.1 139.4 1
4 5 3.4 99.1 1
1 9 28.0 128.0 1
7 8 45.4 153.0 1
1 3 27.9 131.0 1
1 8 46.3 153.7 1
6 3 10.1 88.3 1
6 7 18.4 127.3 1
EOF
