NUM_STATIONS: 10
NUM_REQUESTS: 160
NUM_VEHICLES: 2
VEHICLE_CAPACITY: 1
DISTANCES
0 1 6.3
1 2 1.5
2 3 7.8
3 4 9.8
4 5 9.9
5 6 6.9
6 7 1.6
7 8 5.2
8 9 2.2
9 0 6.8
REQUEST_SECTION
3 7 101.5 1230.9 1
2 4 2730.2 3921.8 1
2 7 911.0 1153.3 1
7 4 1151.0 2633.0 1
4 10 2455.5 4735.4 1
1 4 248.7 912.7 1
2 1 592.7 1317.0 1
5 9 234.6 2250.1 1
7 3 476.4 2797.4 1
0 7 189.0 911.3 1
0 3 3231.0 3874.2 1
0 5 839.8 2660.7 1
0 3 492.7 1716.7 1
8 4 1553.7 2530.2 1
3 4 422.2 2733.1 1
0 7 2094.6 4238.4 1
5 4 2624.3 3847.9 1
9 8 553.6 1663.4 1
8 6 1275.3 3588.1 1
9 7 1484.0 3488.2 1
9 4 34.3 1387.3 1
2 4 1281.2 1696.9 1
9 3 3163.3 4434.1 1
9 5 3130.2 3331.1 1
1 6 1243.7 2793.7 1
9 4 712.7 2980.1 1
9 2 2941.0 5234.3 1
7 2 402.3 2647.6 1
3 9 2404.6 2495.8 1
1 2 252.9 564.1 1
5 6 3377.1 3809.2 1
0 8 2472.0 4531.3 1
1 4 42.0 641.8 1
8 3 2049.5 4131.3 1
0 1 875.1 1153.6 1
3 2 386.9 1480.9 1
9 8 2489.1 3266.7 1
0 9 521.7 2373.6 1
7 6 3218.7 4577.3 1
6 2 1460.2 3670.2 1
2 3 1726.7 4039.5 1
2 3 432.5 617.9 1
2 8 758.1 822.6 1
7 3 3175.8 4704.4 1
5 1 3094.3 3287.0 1
9 6 2324.6 2899.4 1
0 2 2430.1 3588.2 1
5 2 599.1 2057.0 1
0 4 1479.5 1633.4 1
0 1 576.2 2302.6 1
8 5 853.1 2569.7 1
1 9 2926.1 3728.9 1
9 10 1458.0 3070.3 1
9 10 1037.6 2776.8 1
3 10 2255.5 3151.1 1
0 5 3472.5 4882.5 1
9 3 1314.5 3085.0 1
1 7 2551.2 2805.1 1
2 9 2883.6 3583.4 1
2 9 573.7 1752.2 1
2 7 128.3 2462.1 1
5 1 1534.8 2425.8 1
6 4 2395.8 2477.2 1
1 4 3255.2 4540.2 1
5 3 71.0 344.8 1
2 5 2219.8 4595.7 1
4 10 2026.1 2958.4 1
0 6 787.1 2881.5 1
3 2 436.4 2524.5 1
6 1 1218.2 2776.2 1
6 1 1443.8 1886.0 1
7 1 553.5 2237.0 1
9 10 810.1 2027.7 1
3 4 2113.5 3474.2 1
3 6 1268.7 3580.6 1
1 4 1959.2 3574.2 1
2 4 2931.2 5101.5 1
6 9 896.3 1352.1 1
3 7 800.2 1209.5 1
9 4 358.6 1756.9 1
5 4 807.5 1647.8 1
0 3 1426.1 3220.4 1
1 3 1403.6 3570.1 1
9 1 123.9 327.1 1
4 3 853.1 3101.3 1
9 10 1737.7 2278.4 1
8 7 1627.7 2839.0 1
1 7 2039.3 3223.4 1
7 6 2430.9 3871.9 1
2 5 3410.2 3555.5 1
0 2 1461.9 2807.5 1
5 7 3314.9 5484.8 1
3 7 1454.9 3267.7 1
4 10 2225.4 3083.6 1
5 10 1805.1 3165.9 1
7 5 3257.5 3825.3 1
1 6 3132.4 4358.3 1
7 1 1888.1 2026.6 1
1 5 2630.4 3660.1 1
6 8 672.1 1551.7 1
3 5 2069.8 3698.6 1
9 7 2073.2 2385.9 1
4 9 3324.7 3751.9 1
7 4 404.0 2023.0 1
4 9 2846.0 3245.7 1
8 2 2573.5 2855.4 1
4 9 1723.8 3584.0 1
2 1 1167.5 2254.9 1
8 10 989.7 1533.3 1
5 1 2660.5 4100.2 1
9 1 2283.9 2770.1 1
0 4 2957.6 4074.9 1
0 2 941.2 1237.1 1
6 1 2620.6 4899.8 1
5 4 2063.4 2811.2 1
5 1 2711.4 4535.1 1
0 9 1381.3 2960.3 1
6 9 505.6 757.1 1
6 5 3245.0 3853.5 1
7 9 2590.3 3876.8 1
8 6 139.3 324.9 1
1 6 1501.4 2377.5 1
2 8 3469.2 5075.3 1
1 9 3030.7 3195.9 1
0 8 1278.1 3056.6 1
7 1 1624.5 3238.0 1
3 9 2264.7 2895.2 1
7 10 1451.9 3413.4 1
2 4 3467.6 4516.6 1
8 7 1442.0 2998.4 1
7 1 2694.7 3252.0 1
3 7 103.3 2071.9 1
9 5 977.7 1597.0 1
0 8 1080.9 3208.5 1
9 3 1253.5 1538.2 1
5 8 2160.6 4199.6 1
1 3 770.4 833.5 1
1 9 894.8 2000.4 1
5 9 824.7 2131.3 1
2 5 3037.6 3151.0 1
8 3 3476.8 4940.3 1
1 8 825.0 1690.9 1
6 9 1448.9 2098.6 1
0 9 1277.3 2205.0 1
4 7 473.4 1808.7 1
2 8 1936.3 2601.7 1
1 6 228.5 576.3 1
1 10 1177.1 2657.6 1
0 5 982.3 2386.5 1
3 9 3167.8 3989.5 1
5 9 369.6 1328.8 1
4 5 183.0 2503.0 1
7 1 2170.3 3279.3 1
9 1 258.5 479.4 1
4 10 1514.8 3852.7 1
6 1 2827.7 3381.7 1
7 3 3194.7 5194.0 1
3 8 772.5 1848.8 1
0 9 2693.3 5066.6 1
5 3 2033.5 3750.9 1
EOF
