NUM_STATIONS: 10
NUM_REQUESTS: 20
NUM_VEHICLES: 3
VEHICLE_CAPACITY: 8
DISTANCES
0 1 8.3
1 2 2.5
2 3 8.9
3 4 6.4
4 5 8.5
5 6 5.9
6 7 7.6
7 8 9.1
8 9 7.1
9 0 6.5
REQUEST_SECTION
4 1 13.2 91.7 1
9 3 42.1 132.3 1
9 10 40.1 113.3 1
7 2 20.4 119.7 1
9 1 22.0 111.5 1
4 2 26.9 117.2 1
1 10 19.9 105.9 1
1 5 4.1 97.1 1
5 7 42.3 117.2 1
6 7 0.9 82.2 1
2 1 2.9 81.7 1
0 3 17.7 109.1 1
8 5 13.8 109.4 1
0 6 9.1 94.8 1
3 2 23.3 109.3 1
1 2 34.4 115.8 1
0 9 35.6 106.8 1
2 5 39.2 143.6 1
2 1 9.0 99.6 1
9 8 8.6 97.8 1
EOF
