NUM_STATIONS: 10
NUM_REQUESTS: 160
NUM_VEHICLES: 3
VEHICLE_CAPACITY: 4
DISTANCES
0 1 6.3
1 2 7.7
2 3 3.8
3 4 4.5
4 5 9.5
5 6 2.1
6 7 8.1
7 8 3.8
8 9 3.5
9 0 1.8
REQUEST_SECTION
8 5 90.0 355.2 1
2 7 251.0 342.3 1
0 6 236.5 511.8 1
4 2 82.8 315.5 1
6 1 419.1 511.4 1
6 5 67.4 344.7 1
4 5 495.2 561.1 1
1 7 127.7 408.2 1
9 1 407.6 509.1 1
8 4 353.9 574.7 1
6 8 302.3 619.4 1
3 10 155.2 363.1 1
9 6 169.9 442.6 1
1 3 259.9 358.0 1
9 1 109.0 465.5 1
6 5 114.8 258.8 1
1 10 17.9 251.2 1
0 8 333.6 386.8 1
7 10 322.2 645.6 1
2 5 194.7 317.6 1
3 9 503.6 697.5 1
9 5 346.4 470.9 1
2 4 102.0 272.7 1
0 5 210.7 496.4 1
6 5 482.9 539.8 1
1 3 244.4 628.2 1
7 5 307.1 547.3 1
0 4 78.3 354.9 1
2 10 347.2 445.9 1
1 10 142.4 410.5 1
4 1 378.1 727.5 1
5 8 349.1 560.3 1
8 5 215.5 378.0 1
4 10 381.1 546.9 1
6 3 389.0 501.1 1
6 5 258.7 416.1 1
1 7 231.3 316.1 1
3 1 118.5 269.9 1
0 3 100.5 252.5 1
3 2 432.5 600.8 1
7 4 412.9 748.4 1
6 4 66.3 362.9 1
3 8 118.4 244.0 1
7 2 40.6 228.4 1
8 3 57.7 204.3 1
8 2 188.0 358.9 1
2 3 52.7 414.7 1
0 1 141.3 310.3 1
5 8 271.7 551.1 1
2 7 11.4 268.9 1
8 4 315.0 625.8 1
3 8 452.9 517.9 1
2 5 439.0 656.9 1
4 1 26.2 205.0 1
6 4 404.8 671.7 1
4 5 273.2 645.6 1
6 7 368.9 708.4 1
2 8 83.3 280.7 1
8 10 324.0 567.9 1
9 8 483.4 648.4 1
9 3 465.4 680.3 1
8 9 409.5 616.0 1
8 9 12.0 94.5 1
8 10 0.3 105.8 1
3 9 429.4 612.8 1
2 8 134.1 429.5 1
7 3 376.9 487.5 1
1 8 460.9 684.4 1
9 1 65.7 143.8 1
4 6 472.9 638.6 1
2 10 306.6 622.0 1
0 3 249.9 539.1 1
0 5 155.0 360.4 1
5 3 320.0 442.1 1
9 3 379.2 447.3 1
9 4 332.5 391.8 1
3 2 325.9 481.5 1
5 4 69.8 302.5 1
7 1 2.2 105.6 1
0 7 451.2 527.7 1
5 8 54.1 261.7 1
9 1 399.1 783.5 1
3 4 229.4 516.8 1
4 9 492.7 790.4 1
5 1 235.5 460.0 1
5 2 91.5 300.7 1
2 1 6.8 327.8 1
8 2 385.2 684.1 1
0 8 229.4 352.2 1
3 1 51.2 296.0 1
2 10 138.1 453.5 1
0 8 61.1 431.9 1
6 9 69.3 283.3 1
3 8 234.1 479.9 1
4 2 168.6 387.7 1
7 4 503.7 609.6 1
9 1 186.3 243.8 1
7 8 216.8 304.1 1
4 7 436.5 575.0 1
8 5 263.8 525.2 1
8 7 174.5 422.9 1
3 1 338.1 542.3 1
6 3 105.4 295.3 1
5 9 207.1 276.6 1
3 7 173.0 507.2 1
2 7 354.2 551.8 1
2 7 364.1 588.9 1
9 10 158.5 364.4 1
0 8 269.5 617.9 1
7 8 197.3 577.2 1
4 3 34.2 141.9 1
6 7 204.3 390.1 1
1 6 478.6 651.3 1
5 1 289.5 415.6 1
4 9 429.5 635.3 1
3 8 16.1 72.0 1
5 7 273.0 407.6 1
6 9 388.0 572.0 1
1 5 69.5 121.4 1
8 2 280.4 538.0 1
9 10 220.8 335.5 1
5 7 25.4 116.2 1
5 4 177.3 457.1 1
7 6 108.7 450.1 1
5 9 112.7 342.6 1
9 7 35.8 262.9 1
3 5 31.4 381.9 1
5 9 125.7 402.4 1
7 8 216.9 582.1 1
0 5 59.8 399.7 1
6 3 38.5 272.1 1
2 5 7.4 279.1 1
9 8 44.3 305.5 1
1 10 197.7 518.0 1
4 6 275.6 535.7 1
4 9 165.3 292.1 1
6 7 240.7 394.3 1
8 1 174.0 347.0 1
7 2 117.8 283.7 1
8 7 432.8 593.2 1
6 8 459.9 723.0 1
1 6 97.1 295.4 1
0 3 480.8 531.9 1
5 1 346.5 653.0 1
0 4 361.9 521.5 1
9 4 261.9 627.9 1
1 10 2.9 192.1 1
8 5 1.0 107.0 1
7 6 165.8 545.1 1
3 9 505.7 748.1 1
0 8 478.2 847.8 1
2 9 458.4 728.5 1
9 8 244.5 416.9 1
1 9 138.6 289.3 1
1 8 103.5 236.0 1
0 5 136.5 511.9 1
4 6 273.9 499.5 1
7 5 489.5 651.4 1
9 6 60.1 297.9 1
8 5 450.4 622.3 1
EOF
