NUM_STATIONS: 10
NUM_REQUESTS: 20
NUM_VEHICLES: 3
VEHICLE_CAPACITY: 1
DISTANCES
0 1 8.9
1 2 4.6
2 3 7.4
3 4 8.4
4 5 9.1
5 6 4.1
6 7 8.9
7 8 3.5
8 9 7.1
9 0 5.5
REQUEST_SECTION
2 3 86.0 445.0 1
4 1 446.6 638.4 1
1 10 378.6 602.6 1
5 4 201.3 443.2 1
6 5 15.0 236.3 1
0 8 150.5 411.1 1
2 9 358.7 471.3 1
9 1 50.5 335.8 1
2 3 380.0 693.3 1
5 9 222.4 582.9 1
6 4 207.0 561.6 1
5 1 339.0 612.7 1
8 4 211.4 520.0 1
8 1 303.1 623.6 1
9 2 27.7 365.1 1
5 8 82.0 450.7 1
3 5 332.6 438.6 1
8 1 89.4 481.3 1
4 9 88.2 392.3 1
6 4 325.8 409.0 1
EOF
