NUM_STATIONS: 10
NUM_REQUESTS: 160
NUM_VEHICLES: 1
VEHICLE_CAPACITY: 2
DISTANCES
0 1 3.6
1 2 7.3
2 3 7.4
3 4 1.6
4 5 9.1
5 6 1.1
6 7 5.1
7 8 5.3
8 9 9.0
9 0 2.6
REQUEST_SECTION
0 6 3451.5 5098.8 1
6 7 3918.2 6039.8 1
7 6 9.2 614.2 1
0 1 2685.2 3416.0 1
4 3 1698.0 2896.3 1
6 10 599.2 1174.4 1
5 2 3691.7 5280.2 1
1 3 2518.3 3009.0 1
0 6 3418.7 3519.0 1
6 1 3599.0 5457.3 1
4 5 715.7 1195.0 1
6 2 89.7 2175.0 1
3 4 4001.7 5850.1 1
3 4 4117.2 5032.9 1
7 9 1303.2 2957.3 1
9 3 1434.9 1727.0 1
9 7 3430.6 4645.9 1
4 8 2298.0 2744.8 1
3 7 1035.2 1382.1 1
2 3 3147.5 3278.8 1
0 7 1399.0 3432.9 1
1 5 908.2 2478.4 1
8 2 3412.3 4496.7 1
5 3 3046.3 3910.0 1
5 9 1313.9 2051.5 1
1 6 3719.9 5786.4 1
1 6 1116.5 2996.5 1
4 2 3002.5 3117.9 1
5 3 2274.2 2757.6 1
4 7 1869.4 1981.1 1
6 5 3800.2 4446.9 1
3 7 3924.1 5325.2 1
5 3 4117.8 5607.2 1
4 9 2560.3 3969.0 1
2 6 3664.8 4489.2 1
8 4 1262.8 3306.3 1
0 3 447.6 1490.0 1
8 9 3921.9 4361.8 1
9 5 112.2 1698.6 1
5 7 1955.5 3173.8 1
1 5 1451.8 2538.2 1
6 8 3847.3 4515.2 1
3 8 4009.5 5908.4 1
8 5 66.8 1010.0 1
3 10 2882.3 3271.5 1
8 7 989.3 1484.2 1
9 4 653.1 2358.8 1
6 2 3138.8 5238.8 1
9 7 1557.1 2119.6 1
0 8 462.8 1900.9 1
3 9 1082.3 1319.2 1
7 10 515.9 2278.7 1
7 3 3022.8 3865.0 1
4 1 3339.7 4224.5 1
1 3 1907.8 3806.4 1
4 9 3286.3 3485.4 1
6 7 463.7 912.8 1
3 9 849.5 1641.4 1
1 5 30.8 498.0 1
9 7 1105.8 1917.8 1
4 8 137.7 303.4 1
7 10 2560.3 3523.4 1
2 9 3702.7 3841.6 1
8 1 3185.0 4120.2 1
1 7 1332.2 2369.1 1
8 5 2349.2 4346.9 1
7 3 2286.2 2533.3 1
3 5 340.3 1002.2 1
0 5 1933.6 2129.8 1
9 4 3446.6 4628.8 1
5 8 3453.9 3559.9 1
9 8 2845.5 3282.1 1
6 9 339.5 885.1 1
8 1 2181.3 2324.8 1
6 7 3994.7 4973.8 1
6 1 3527.3 5569.1 1
3 5 2075.3 2905.4 1
4 7 1523.1 2786.6 1
6 3 2964.3 3955.1 1
4 5 4116.6 4555.8 1
0 1 1839.1 3498.3 1
8 5 56.3 1273.8 1
3 4 2813.5 4612.5 1
2 6 299.9 2308.9 1
9 4 3711.3 3996.8 1
6 8 2385.7 2844.1 1
6 2 2672.7 4611.9 1
7 2 752.1 935.7 1
1 8 63.6 1394.9 1
9 5 790.3 2249.8 1
6 2 525.2 2453.5 1
1 5 687.3 1171.1 1
5 4 1176.7 2812.6 1
8 10 3404.7 5397.3 1
3 6 85.1 307.7 1
5 2 1936.1 2794.1 1
6 3 2650.0 4152.7 1
4 6 189.3 357.2 1
5 7 1468.6 2404.2 1
2 3 89.5 600.6 1
4 9 3517.6 4043.8 1
4 1 521.1 1301.6 1
5 6 753.7 2708.1 1
5 10 1438.9 3117.3 1
8 9 3978.2 4975.9 1
3 5 210.3 2263.5 1
3 8 2607.0 3696.2 1
7 8 2801.3 2958.6 1
4 8 3647.3 3718.7 1
1 6 3407.1 3822.1 1
3 9 4161.2 5602.3 1
0 8 1141.5 1291.1 1
0 5 331.2 2390.1 1
1 8 3210.5 3979.8 1
3 6 323.3 1668.6 1
7 1 3716.6 4852.0 1
7 1 1871.8 2533.7 1
4 1 439.4 1322.5 1
1 2 2153.6 2416.1 1
8 5 1104.3 1794.9 1
6 4 873.5 1027.0 1
3 6 2014.8 2101.9 1
2 8 1399.0 3190.1 1
6 1 3487.0 4190.2 1
6 10 139.1 364.7 1
0 2 3136.4 4053.9 1
0 1 2463.6 3724.6 1
3 9 2178.9 2437.7 1
2 8 989.5 1952.8 1
4 5 3440.1 5048.9 1
1 5 534.3 2350.0 1
4 2 2772.9 3061.1 1
1 3 470.2 1232.5 1
1 3 2766.5 3116.3 1
6 1 2050.2 2487.8 1
8 9 259.7 1417.5 1
7 6 1626.5 3452.4 1
1 7 1634.6 2481.3 1
6 1 3873.6 4244.6 1
4 6 674.4 2241.3 1
3 9 3391.8 3632.4 1
2 9 2238.4 2610.3 1
6 9 2258.8 4110.4 1
2 4 1442.9 2285.9 1
9 6 3543.6 3904.5 1
1 6 1601.9 3725.1 1
3 2 2343.5 2759.0 1
4 1 1527.5 1980.6 1
8 9 2184.8 3408.9 1
4 3 1985.5 3691.1 1
7 5 3070.6 4223.6 1
3 5 3729.9 4278.0 1
6 7 1561.9 2565.9 1
9 5 904.5 3007.1 1
6 5 3542.4 4353.7 1
3 8 789.1 2786.3 1
4 9 2227.8 2904.4 1
4 10 2580.4 3262.5 1
6 8 1534.5 2015.7 1
3 1 3823.3 5187.0 1
EOF
