NUM_STATIONS: 10
NUM_REQUESTS: 160
NUM_VEHICLES: 2
VEHICLE_CAPACITY: 4
DISTANCES
0 1 6.3
1 2 7.7
2 3 3.8
3 4 4.5
4 5 9.5
5 6 2.1
6 7 8.1
7 8 3.8
8 9 3.5
9 0 1.8
REQUEST_SECTION
8 5 742.9 1255.8 1
2 7 614.2 894.2 1
0 6 513.7 813.6 1
4 2 139.2 384.3 1
6 1 229.5 498.1 1
6 5 462.0 647.9 1
4 5 472.9 685.2 1
1 7 114.2 548.7 1
9 1 367.9 756.5 1
8 4 449.0 598.9 1
6 8 282.3 800.2 1
3 10 290.2 462.7 1
9 6 559.0 646.2 1
1 3 21.0 290.6 1
9 1 225.2 454.9 1
6 5 110.8 469.5 1
1 10 9.9 571.3 1
0 8 135.8 370.0 1
7 10 601.8 1033.8 1
2 5 132.0 374.1 1
3 9 476.9 1002.7 1
9 5 383.3 874.8 1
2 4 309.1 794.5 1
0 5 721.3 1254.3 1
6 5 681.3 916.2 1
1 3 28.6 188.7 1
7 5 109.9 276.4 1
0 4 87.3 285.9 1
2 10 9.3 217.7 1
1 10 683.3 1049.0 1
4 1 637.5 722.4 1
5 8 60.3 274.1 1
8 5 10.3 286.9 1
4 10 649.9 888.1 1
6 3 496.9 873.6 1
6 5 484.9 969.7 1
1 7 631.3 1106.8 1
3 1 80.7 457.2 1
0 3 586.4 814.8 1
3 2 598.7 752.6 1
7 4 375.9 595.0 1
6 4 107.6 612.0 1
3 8 92.7 364.1 1
7 2 506.6 771.7 1
8 3 386.2 729.8 1
8 2 536.1 1046.7 1
2 3 238.9 430.1 1
0 1 454.3 568.1 1
5 8 199.1 564.7 1
2 7 697.9 972.1 1
8 4 470.7 699.6 1
3 8 197.0 747.6 1
2 5 488.8 631.5 1
4 1 398.7 720.0 1
6 4 98.7 548.2 1
4 5 761.2 1218.8 1
6 7 545.8 868.2 1
2 8 196.5 444.2 1
8 10 35.7 364.9 1
9 8 176.5 357.1 1
9 3 444.9 1002.9 1
8 9 244.2 767.5 1
8 9 36.7 229.4 1
8 10 22.9 197.3 1
3 9 246.8 330.5 1
2 8 759.2 1291.0 1
7 3 627.4 1045.6 1
1 8 588.3 1067.7 1
9 1 60.8 203.4 1
4 6 291.3 795.1 1
2 10 535.4 985.2 1
0 3 716.2 1231.6 1
0 5 203.6 298.9 1
5 3 212.5 406.2 1
9 3 342.2 513.6 1
9 4 45.9 262.3 1
3 2 687.4 1172.9 1
5 4 113.7 543.2 1
7 1 105.1 173.9 1
0 7 582.2 1045.8 1
5 8 39.2 336.8 1
9 1 188.7 575.8 1
3 4 137.8 316.1 1
4 9 705.5 968.9 1
5 1 339.6 489.1 1
5 2 650.7 938.7 1
2 1 355.7 731.6 1
8 2 760.8 1131.9 1
0 8 108.1 297.1 1
3 1 479.4 812.0 1
2 10 482.3 957.5 1
0 8 322.1 407.8 1
6 9 299.6 650.3 1
3 8 91.6 554.5 1
4 2 350.8 484.4 1
7 4 144.5 635.4 1
9 1 443.1 865.0 1
7 8 279.5 723.7 1
4 7 302.4 400.9 1
8 5 385.1 742.5 1
8 7 236.1 663.7 1
3 1 479.1 745.1 1
6 3 148.2 347.4 1
5 9 450.3 981.5 1
3 7 468.4 781.8 1
2 7 196.8 548.2 1
2 7 524.0 734.9 1
9 10 470.8 945.0 1
0 8 214.1 671.8 1
7 8 531.7 1085.4 1
4 3 513.0 1038.8 1
6 7 573.8 802.4 1
1 6 243.7 705.6 1
5 1 434.2 928.2 1
4 9 722.9 805.0 1
3 8 253.0 400.4 1
5 7 407.6 707.8 1
6 9 716.3 933.2 1
1 5 333.9 559.8 1
8 2 129.6 563.3 1
9 10 177.2 435.6 1
5 7 502.0 646.5 1
5 4 368.3 583.3 1
7 6 747.0 1236.0 1
5 9 47.4 217.2 1
9 7 663.5 992.6 1
3 5 163.6 351.4 1
5 9 695.8 807.3 1
7 8 738.4 1240.8 1
0 5 462.4 997.0 1
6 3 67.8 435.4 1
2 5 193.8 696.5 1
9 8 195.7 386.7 1
1 10 412.3 538.9 1
4 6 401.0 477.2 1
4 9 167.4 656.8 1
6 7 639.6 1043.4 1
8 1 642.3 966.7 1
7 2 513.9 641.7 1
8 7 664.2 874.1 1
6 8 397.2 858.2 1
1 6 122.9 257.3 1
0 3 238.1 676.6 1
5 1 125.6 652.0 1
0 4 377.4 575.0 1
9 4 580.5 841.4 1
1 10 666.4 1173.9 1
8 5 115.4 318.7 1
7 6 688.4 781.6 1
3 9 555.0 743.8 1
0 8 435.6 651.4 1
2 9 190.9 741.7 1
9 8 413.5 602.0 1
1 9 271.8 450.8 1
1 8 526.8 961.5 1
0 5 525.4 704.8 1
4 6 545.1 888.5 1
7 5 484.0 1005.8 1
9 6 738.9 1118.8 1
8 5 33.4 314.7 1
EOF
