NUM_STATIONS: 10
NUM_REQUESTS: 40
NUM_VEHICLES: 1
VEHICLE_CAPACITY: 8
DISTANCES
0 1 5.5
1 2 7.8
2 3 7.1
3 4 4.8
4 5 4.5
5 6 3.9
6 7 2.7
7 8 6.4
8 9 8.5
9 0 7.6
REQUEST_SECTION
8 7 57.4 177.8 1
8 6 45.1 281.2 1
7 5 86.5 233.7 1
5 10 159.8 269.4 1
6 9 37.8 280.7 1
3 4 74.2 345.2 1
4 2 72.1 156.4 1
5 3 169.7 300.2 1
5 10 184.8 251.0 1
2 9 206.7 305.6 1
2 8 177.7 381.9 1
0 7 7.6 121.1 1
4 5 157.4 253.3 1
3 9 39.0 266.4 1
5 7 109.9 224.2 1
8 4 56.7 253.7 1
9 8 69.9 228.1 1
2 10 24.7 183.0 1
4 7 94.7 182.8 1
4 10 155.5 359.4 1
7 2 22.4 171.5 1
3 5 106.0 182.4 1
1 9 201.9 438.4 1
9 8 110.3 191.6 1
5 1 98.4 360.4 1
5 3 129.1 390.7 1
5 8 136.6 390.4 1
5 6 14.9 273.9 1
0 1 169.8 423.4 1
5 2 69.3 264.6 1
5 3 156.7 337.6 1
1 10 159.1 326.1 1
2 4 169.1 335.3 1
8 3 61.8 286.2 1
5 7 40.2 247.5 1
1 10 85.6 272.1 1
5 1 169.1 256.9 1
2 6 22.2 86.4 1
7 5 57.9 228.2 1
8 7 90.6 312.9 1
EOF
