NUM_STATIONS: 10
NUM_REQUESTS: 160
NUM_VEHICLES: 2
VEHICLE_CAPACITY: 4
DISTANCES
0 1 3.3
1 2 8.6
2 3 9.8
3 4 4.8
4 5 3.7
5 6 5.0
6 7 1.8
7 8 2.0
8 9 1.3
9 0 2.7
REQUEST_SECTION
9 3 217.6 591.4 1
8 4 63.2 655.2 1
4 8 162.7 528.8 1
6 3 38.8 189.8 1
8 2 400.4 646.9 1
7 2 657.5 827.8 1
8 1 612.9 1146.2 1
6 4 204.5 374.8 1
7 2 805.2 865.9 1
2 6 684.8 1343.0 1
3 7 708.2 998.9 1
8 4 100.3 457.0 1
0 8 696.3 1136.9 1
8 10 60.5 733.7 1
8 2 283.8 907.5 1
4 2 176.1 268.0 1
3 5 116.0 456.4 1
5 7 776.5 1439.1 1
3 7 94.7 622.9 1
7 4 812.4 1090.4 1
6 7 409.2 768.0 1
3 7 495.9 1115.3 1
5 2 682.1 886.0 1
4 7 678.4 1289.2 1
3 5 575.0 1248.4 1
1 3 811.1 934.7 1
9 10 490.1 644.2 1
3 6 333.7 799.4 1
3 7 573.7 1237.2 1
7 10 196.5 268.5 1
8 9 83.4 127.0 1
3 9 800.7 984.5 1
4 7 461.5 676.8 1
4 6 768.1 1079.5 1
6 10 478.4 1006.5 1
1 3 530.4 722.9 1
8 7 486.7 634.0 1
8 10 594.2 838.4 1
2 1 724.9 1071.4 1
5 1 182.6 707.7 1
2 4 437.9 903.7 1
5 10 668.7 1144.7 1
8 6 732.4 969.2 1
5 2 661.7 763.8 1
6 2 811.3 1119.4 1
5 4 5.1 374.4 1
0 9 778.5 967.5 1
3 4 405.1 669.7 1
0 2 659.9 871.7 1
9 7 254.8 750.2 1
8 3 267.9 578.8 1
1 4 483.3 845.9 1
3 1 687.3 979.4 1
2 7 158.9 507.3 1
3 10 23.3 191.8 1
2 4 388.8 554.3 1
5 8 455.3 558.0 1
8 1 380.6 695.1 1
2 3 402.9 856.5 1
6 8 782.7 887.9 1
8 10 834.8 1019.6 1
6 8 739.8 929.4 1
2 6 380.3 938.4 1
6 7 353.5 989.9 1
7 2 571.7 733.7 1
0 7 122.3 789.1 1
3 5 156.6 560.1 1
4 5 489.7 562.0 1
5 2 664.4 1113.9 1
5 4 778.2 865.9 1
5 3 454.7 556.2 1
3 10 641.0 1167.6 1
6 7 286.9 796.8 1
2 9 738.9 1325.1 1
1 8 208.3 867.4 1
0 1 635.9 766.0 1
2 9 524.8 605.4 1
9 5 42.0 546.9 1
6 5 351.4 940.7 1
3 7 538.0 955.8 1
7 1 512.4 671.3 1
3 2 212.8 269.5 1
2 7 8.5 639.0 1
1 8 609.2 1241.6 1
1 10 525.9 1062.9 1
9 8 428.0 752.1 1
7 8 498.3 1015.3 1
2 7 523.7 658.7 1
6 1 47.6 353.0 1
7 3 635.8 727.0 1
8 2 25.9 673.7 1
2 6 401.2 976.0 1
8 6 216.9 260.1 1
1 3 503.2 643.5 1
9 5 468.7 771.5 1
0 3 235.8 347.6 1
5 10 396.0 952.4 1
7 3 181.1 425.6 1
5 10 570.4 684.4 1
6 2 286.1 529.4 1
6 8 834.8 925.5 1
8 5 321.6 735.9 1
0 2 372.6 814.4 1
9 5 718.6 904.6 1
8 3 306.9 601.4 1
4 9 488.9 1108.1 1
4 9 615.8 769.9 1
1 6 499.5 1152.3 1
9 4 701.4 1082.9 1
9 6 246.4 515.0 1
0 2 535.8 836.8 1
6 8 676.8 998.8 1
6 2 591.5 1276.3 1
2 6 351.1 1013.3 1
6 3 47.3 532.0 1
7 3 61.5 477.8 1
3 9 40.3 232.2 1
6 10 629.2 765.6 1
3 2 322.7 449.6 1
9 1 435.7 484.7 1
6 9 377.0 636.3 1
4 9 528.2 1056.9 1
3 9 196.6 332.9 1
8 5 736.2 1056.6 1
4 5 655.0 1035.4 1
0 4 632.3 1189.9 1
5 8 383.4 866.7 1
9 10 763.5 1231.3 1
0 2 210.3 345.7 1
1 3 3.0 523.9 1
4 2 95.9 198.1 1
4 3 717.4 912.2 1
0 1 471.2 727.5 1
9 3 477.0 809.2 1
5 6 620.7 1025.9 1
4 9 838.4 1316.2 1
5 2 24.7 267.1 1
0 6 796.7 1322.6 1
1 9 438.2 646.4 1
9 3 301.1 577.7 1
4 10 65.2 293.8 1
2 7 265.6 719.8 1
5 1 724.9 772.3 1
3 10 495.3 564.2 1
3 6 531.1 575.7 1
2 4 798.4 894.1 1
0 4 687.2 1163.9 1
0 8 708.0 1356.7 1
3 5 630.2 1232.7 1
0 3 516.7 855.1 1
3 8 709.0 832.1 1
4 9 762.0 1162.4 1
3 10 328.1 875.7 1
6 3 293.7 747.9 1
7 3 468.7 1034.3 1
6 10 337.6 1015.7 1
9 7 230.8 605.8 1
0 6 132.2 601.4 1
6 5 587.9 645.0 1
7 4 112.4 784.2 1
EOF
