NUM_STATIONS: 10
NUM_REQUESTS: 20
NUM_VEHICLES: 1
VEHICLE_CAPACITY: 2
DISTANCES
0 1 5.2
1 2 3.6
2 3 9.0
3 4 5.2
4 5 4.6
5 6 6.8
6 7 9.5
7 8 9.5
8 9 7.9
9 0 8.3
REQUEST_SECTION
3 5 64.9 308.6 1
5 3 186.6 382.3 1
0 4 204.2 323.1 1
0 7 225.3 343.8 1
0 5 326.0 412.9 1
3 5 286.7 393.0 1
2 7 617.4 982.3 1
4 5 605.2 716.0 1
7 10 591.1 828.5 1
4 5 579.2 777.6 1
9 5 341.6 733.7 1
5 8 501.2 588.0 1
0 8 273.5 512.2 1
4 5 683.1 835.9 1
1 9 369.7 463.6 1
7 8 610.8 917.7 1
1 3 412.7 609.8 1
1 8 411.6 684.4 1
6 3 135.7 314.8 1
6 7 304.3 411.5 1
EOF
