NUM_STATIONS: 10
NUM_REQUESTS: 160
NUM_VEHICLES: 1
VEHICLE_CAPACITY: 1
DISTANCES
0 1 7.9
1 2 8.7
2 3 5.6
3 4 8.4
4 5 6.3
5 6 1.2
6 7 4.8
7 8 8.8
8 9 1.4
9 0 2.6
REQUEST_SECTION
0 1 8662.0 12462.8 1
7 1 2958.3 4779.9 1
6 4 5265.5 6787.2 1
1 3 1760.0 4921.1 1
3 4 2850.0 4168.9 1
6 5 7213.5 10544.0 1
7 4 6148.9 8033.3 1
2 1 5788.9 9218.5 1
6 2 3382.7 7530.4 1
1 2 7654.3 10132.0 1
1 6 8410.9 12735.3 1
5 4 345.5 3177.2 1
4 2 2606.5 6261.9 1
8 6 7348.4 8226.5 1
6 7 724.0 2265.6 1
7 1 5584.6 7732.7 1
6 5 5902.1 9322.0 1
0 8 4088.2 8246.8 1
9 7 6753.2 7923.2 1
7 3 2203.8 6155.1 1
5 6 4556.7 6528.5 1
1 10 4774.4 5158.3 1
9 4 633.9 1633.2 1
0 1 8792.9 12361.2 1
3 5 3238.8 3852.0 1
8 7 5251.6 8927.1 1
3 8 1871.6 4515.8 1
0 1 8733.3 9393.8 1
7 2 4016.1 4664.9 1
4 6 6919.7 9466.9 1
1 9 1964.6 3218.0 1
1 7 3030.1 3245.9 1
7 10 397.8 3801.4 1
4 6 7714.9 7897.0 1
7 5 8039.8 8332.3 1
8 1 1848.2 4802.6 1
2 8 8157.6 12268.0 1
3 10 3119.9 7120.8 1
7 8 7366.4 9734.8 1
7 10 8248.7 11226.8 1
3 7 8113.2 10071.4 1
9 10 6117.0 6305.5 1
5 2 4304.8 7142.4 1
7 1 3041.2 4619.6 1
1 10 5923.6 9932.1 1
9 10 5852.6 8179.3 1
3 4 4879.9 8914.0 1
9 10 2069.9 3612.5 1
5 6 3843.6 4540.5 1
1 4 7650.5 7939.1 1
1 3 2467.4 3543.6 1
8 2 7634.1 11880.3 1
2 7 342.8 2410.9 1
8 1 2817.3 3888.0 1
3 6 255.5 1921.2 1
6 7 5595.5 6210.7 1
4 9 8666.4 9684.6 1
3 5 1973.1 3063.0 1
5 6 8076.8 12172.9 1
9 5 8180.2 8716.8 1
4 10 5188.2 6917.6 1
0 4 7083.7 8468.0 1
9 10 4692.5 5026.2 1
1 7 8739.8 11386.8 1
8 6 3696.1 5553.0 1
2 8 2442.4 5755.1 1
5 1 8173.1 12347.6 1
9 1 35.6 2604.6 1
8 4 5971.5 10218.9 1
6 4 256.6 2838.4 1
3 5 4752.0 6700.4 1
7 1 2550.2 6483.6 1
0 7 6980.6 7221.5 1
5 9 7109.6 11000.0 1
1 9 3604.2 7682.9 1
4 1 4763.2 5747.4 1
9 3 1176.7 1510.4 1
8 5 454.9 3153.1 1
6 10 3589.2 4947.9 1
7 1 2607.8 6695.1 1
3 10 7749.2 8513.3 1
6 8 4291.4 5275.7 1
5 8 5683.1 9935.0 1
9 8 4381.5 5544.1 1
7 4 7832.7 9749.9 1
0 4 5477.7 8980.8 1
2 9 8695.5 8978.8 1
0 7 1109.0 3247.0 1
0 4 7646.6 10417.0 1
1 6 4890.0 8345.0 1
0 6 6099.1 9468.8 1
0 5 428.2 1922.4 1
7 1 4678.0 7260.5 1
1 3 7290.0 9433.2 1
3 8 1807.9 5217.6 1
7 2 8097.7 9644.0 1
6 2 8474.3 9385.1 1
8 9 3387.1 3604.4 1
0 3 319.4 3674.8 1
2 7 1702.9 4552.2 1
6 1 139.6 554.8 1
8 9 6511.5 7126.0 1
6 4 6890.3 8010.9 1
0 4 3546.5 5393.1 1
7 3 8847.0 12378.9 1
6 4 1246.4 2162.4 1
3 8 2077.6 3098.9 1
9 7 3091.6 3313.5 1
3 1 2243.5 5261.2 1
2 8 157.5 2019.5 1
3 2 6550.5 7805.9 1
1 10 5335.1 8996.9 1
8 5 850.0 2878.4 1
1 8 3571.2 4392.7 1
1 10 4368.7 6368.4 1
8 10 55.5 1172.9 1
6 8 6357.3 7676.1 1
3 6 5041.0 6462.7 1
8 9 1106.0 4026.5 1
2 7 3500.2 3844.5 1
0 7 2356.4 4961.2 1
6 2 6845.7 10520.9 1
3 1 2851.3 6320.1 1
5 8 3117.2 6937.6 1
4 6 761.5 2097.5 1
5 3 938.7 2289.2 1
6 1 5238.8 6743.7 1
2 9 1469.5 2292.3 1
1 10 193.2 279.8 1
0 5 4506.4 8923.4 1
1 5 1421.3 5046.4 1
7 6 7773.2 10183.9 1
1 6 7883.1 10326.7 1
5 10 7484.8 9353.4 1
4 10 77.3 2687.8 1
7 8 3802.2 7215.2 1
5 7 287.9 1053.1 1
5 8 1430.3 4544.7 1
3 8 8866.9 11108.3 1
6 8 63.4 757.0 1
7 1 713.7 3101.5 1
9 6 589.9 2505.9 1
1 10 1174.5 1494.6 1
1 5 3930.4 4762.1 1
1 9 6496.9 7164.3 1
4 6 1676.2 2738.8 1
7 6 8779.6 10003.3 1
6 9 6722.7 10562.9 1
7 2 6451.4 8753.1 1
5 7 7167.0 11335.0 1
7 10 1673.3 6174.5 1
3 8 7562.6 10606.3 1
1 3 8345.6 12288.9 1
2 8 5140.6 6482.0 1
4 2 789.0 1499.2 1
5 8 2682.4 3798.5 1
4 2 5088.1 7892.8 1
4 2 3718.7 5937.4 1
9 8 4624.4 5869.5 1
0 9 2594.0 4751.0 1
EOF
