NUM_STATIONS: 10
NUM_REQUESTS: 20
NUM_VEHICLES: 2
VEHICLE_CAPACITY: 2
DISTANCES
0 1 5.2
1 2 3.6
2 3 9.0
3 4 5.2
4 5 4.6
5 6 6.8
6 7 9.5
7 8 9.5
8 9 7.9
9 0 8.3
REQUEST_SECTION
3 5 63.8 202.6 1
5 3 110.3 225.6 1
0 4 226.3 349.2 1
0 7 312.7 535.8 1
0 5 287.5 408.9 1
3 5 178.5 396.1 1
2 7 267.9 349.7 1
4 5 324.8 520.9 1
7 10 231.9 472.6 1
4 5 292.6 483.9 1
9 5 264.1 400.9 1
5 8 156.9 370.8 1
0 8 84.2 164.9 1
4 5 280.6 401.8 1
1 9 51.8 242.7 1
7 8 6.5 215.7 1
1 3 266.5 466.4 1
1 8 82.1 289.3 1
6 3 208.9 396.9 1
6 7 216.1 396.4 1
EOF
