NUM_STATIONS: 10
NUM_REQUESTS: 20
NUM_VEHICLES: 1
VEHICLE_CAPACITY: 8
DISTANCES
0 1 10.0
1 2 3.1
2 3 7.4
3 4 2.1
4 5 5.5
5 6 6.0
6 7 3.5
7 8 7.1
8 9 7.6
9 0 5.4
REQUEST_SECTION
4 9 88.0 234.8 1
8 3 8.7 173.8 1
4 3 5.9 108.9 1
5 2 38.6 191.6 1
7 5 58.6 181.9 1
3 6 58.9 224.6 1
9 4 38.8 100.8 1
5 4 46.0 132.3 1
7 6 47.0 141.3 1
5 4 50.1 199.5 1
6 8 13.0 117.7 1
3 1 39.9 160.4 1
3 10 52.9 201.6 1
8 9 100.7 224.5 1
8 3 9.6 119.3 1
3 2 17.0 82.9 1
0 3 52.0 134.6 1
1 3 28.3 119.3 1
7 5 31.6 181.7 1
8 7 54.7 155.4 1
EOF
