NUM_STATIONS: 10
NUM_REQUESTS: 20
NUM_VEHICLES: 1
VEHICLE_CAPACITY: 1
DISTANCES
0 1 10.0
1 2 3.1
2 3 7.4
3 4 2.1
4 5 5.5
5 6 6.0
6 7 3.5
7 8 7.1
8 9 7.6
9 0 5.4
REQUEST_SECTION
4 9 1062.8 1350.7 1
8 3 515.5 699.3 1
4 3 635.5 1230.1 1
5 2 250.5 850.7 1
7 5 1078.9 1262.0 1
3 6 947.0 1225.3 1
9 4 1042.6 1257.3 1
5 4 245.8 424.1 1
7 6 407.7 614.0 1
5 4 969.0 1489.5 1
6 8 615.4 1116.1 1
3 1 483.0 1109.3 1
3 10 561.2 965.4 1
8 9 288.5 502.6 1
8 3 1100.2 1272.4 1
3 2 608.2 682.9 1
0 3 567.0 853.5 1
1 3 822.1 1156.4 1
7 5 134.9 560.9 1
8 7 582.0 1171.9 1
EOF
