NUM_STATIONS: 10
NUM_REQUESTS: 160
NUM_VEHICLES: 2
VEHICLE_CAPACITY: 8
DISTANCES
0 1 3.6
1 2 7.3
2 3 7.4
3 4 1.6
4 5 9.1
5 6 1.1
6 7 5.1
7 8 5.3
8 9 9.0
9 0 2.6
REQUEST_SECTION
0 6 150.3 264.2 1
6 7 213.4 443.9 1
7 6 235.9 492.8 1
0 1 41.1 348.4 1
4 3 20.7 242.5 1
6 10 73.4 302.0 1
5 2 62.5 271.5 1
1 3 350.0 605.9 1
0 6 198.5 410.2 1
6 1 238.7 470.3 1
4 5 282.5 556.3 1
6 2 72.9 200.8 1
3 4 114.6 385.6 1
3 4 222.1 460.8 1
7 9 192.1 332.7 1
9 3 107.8 282.6 1
9 7 10.7 316.3 1
4 8 265.2 396.6 1
3 7 251.1 330.4 1
2 3 160.8 349.7 1
0 7 88.9 160.4 1
1 5 352.8 428.6 1
8 2 277.3 385.4 1
5 3 138.8 255.0 1
5 9 103.1 357.0 1
1 6 61.5 364.3 1
1 6 42.2 151.4 1
4 2 22.6 333.6 1
5 3 175.1 487.1 1
4 7 25.8 293.4 1
6 5 307.9 415.2 1
3 7 180.0 304.2 1
5 3 92.0 237.9 1
4 9 315.7 379.7 1
2 6 384.2 573.4 1
8 4 161.3 474.7 1
0 3 219.8 318.4 1
8 9 40.1 212.4 1
9 5 47.8 111.0 1
5 7 287.3 415.0 1
1 5 115.1 188.8 1
6 8 136.0 199.2 1
3 8 333.9 423.9 1
8 5 149.6 456.9 1
3 10 321.2 446.3 1
8 7 325.1 427.4 1
9 4 64.3 187.8 1
6 2 297.3 530.4 1
9 7 292.8 457.0 1
0 8 40.6 260.2 1
3 9 265.9 349.4 1
7 10 50.9 257.8 1
7 3 290.6 381.8 1
4 1 186.5 497.4 1
1 3 12.6 181.9 1
4 9 71.5 306.8 1
6 7 188.4 278.4 1
3 9 242.0 521.7 1
1 5 157.4 348.3 1
9 7 272.4 556.5 1
4 8 289.1 592.5 1
7 10 118.9 360.8 1
2 9 56.9 165.8 1
8 1 133.9 306.6 1
1 7 229.9 376.7 1
8 5 108.1 219.1 1
7 3 225.2 440.5 1
3 5 242.0 397.6 1
0 5 288.7 428.4 1
9 4 91.0 220.3 1
5 8 332.0 503.1 1
9 8 347.9 446.1 1
6 9 386.8 627.3 1
8 1 367.7 624.8 1
6 7 386.8 684.1 1
6 1 221.4 344.4 1
3 5 317.4 490.8 1
4 7 182.5 429.2 1
6 3 11.3 166.2 1
4 5 160.6 273.1 1
0 1 22.6 204.4 1
8 5 218.6 360.2 1
3 4 113.2 276.7 1
2 6 375.1 534.5 1
9 4 311.9 426.1 1
6 8 45.1 200.4 1
6 2 296.8 542.4 1
7 2 25.0 160.0 1
1 8 100.7 342.2 1
9 5 317.6 508.2 1
6 2 242.3 446.8 1
1 5 231.3 435.3 1
5 4 363.0 511.2 1
8 10 323.6 629.0 1
3 6 351.3 614.7 1
5 2 76.1 273.8 1
6 3 292.4 429.7 1
4 6 280.7 578.8 1
5 7 87.4 288.5 1
2 3 103.0 297.1 1
4 9 176.1 362.6 1
4 1 156.5 395.4 1
5 6 287.9 506.8 1
5 10 376.1 593.2 1
8 9 6.5 118.8 1
3 5 104.5 224.3 1
3 8 34.6 175.3 1
7 8 157.1 255.4 1
4 8 100.9 259.8 1
1 6 165.7 356.2 1
3 9 238.9 323.4 1
0 8 375.5 662.9 1
0 5 202.7 385.9 1
1 8 19.1 170.0 1
3 6 219.5 469.7 1
7 1 267.1 477.6 1
7 1 199.6 508.0 1
4 1 349.0 423.9 1
1 2 208.7 297.0 1
8 5 334.2 525.5 1
6 4 107.2 281.0 1
3 6 341.3 532.3 1
2 8 380.4 624.9 1
6 1 258.2 395.0 1
6 10 100.6 278.2 1
0 2 325.2 628.5 1
0 1 318.7 543.0 1
3 9 390.1 606.3 1
2 8 203.5 472.6 1
4 5 151.1 311.6 1
1 5 103.3 246.2 1
4 2 152.6 287.8 1
1 3 26.8 237.6 1
1 3 362.9 611.3 1
6 1 268.6 553.1 1
8 9 20.6 162.2 1
7 6 123.7 389.1 1
1 7 281.3 414.9 1
6 1 242.8 545.6 1
4 6 22.0 125.0 1
3 9 257.5 474.7 1
2 9 58.0 163.9 1
6 9 365.2 518.7 1
2 4 247.5 303.2 1
9 6 70.9 195.0 1
1 6 33.9 143.3 1
3 2 31.1 175.3 1
4 1 233.2 365.0 1
8 9 196.5 384.8 1
4 3 146.5 290.2 1
7 5 199.3 301.7 1
3 5 353.3 480.5 1
6 7 279.3 546.5 1
9 5 169.9 475.9 1
6 5 67.1 341.6 1
3 8 124.4 403.3 1
4 9 185.6 255.2 1
4 10 5.0 216.7 1
6 8 67.1 365.6 1
3 1 87.4 201.7 1
EOF
