NUM_STATIONS: 10
NUM_REQUESTS: 40
NUM_VEHICLES: 2
VEHICLE_CAPACITY: 2
DISTANCES
0 1 5.5
1 2 7.8
2 3 7.1
3 4 4.8
4 5 4.5
5 6 3.9
6 7 2.7
7 8 6.4
8 9 8.5
9 0 7.6
REQUEST_SECTION
8 7 162.9 504.0 1
8 6 172.9 439.9 1
7 5 324.8 622.4 1
5 10 127.8 390.6 1
6 9 284.8 574.0 1
3 4 169.3 250.5 1
4 2 197.1 481.2 1
5 3 295.1 460.0 1
5 10 273.3 557.5 1
2 9 120.2 251.0 1
2 8 174.2 434.6 1
0 7 104.6 411.7 1
4 5 57.2 348.3 1
3 9 103.2 232.0 1
5 7 381.6 637.4 1
8 4 361.4 499.2 1
9 8 431.4 768.3 1
2 10 190.5 319.2 1
4 7 126.5 341.9 1
4 10 324.4 508.1 1
7 2 250.5 515.3 1
3 5 237.5 306.0 1
1 9 391.2 677.0 1
9 8 379.2 598.6 1
5 1 268.3 525.7 1
5 3 166.3 248.6 1
5 8 230.3 341.7 1
5 6 370.9 629.2 1
0 1 1.9 79.6 1
5 2 303.8 420.8 1
5 3 253.9 324.6 1
1 10 190.1 449.6 1
2 4 363.3 614.4 1
8 3 16.6 335.7 1
5 7 12.9 73.6 1
1 10 412.3 725.7 1
5 1 193.4 402.1 1
2 6 357.1 493.8 1
7 5 273.4 494.1 1
8 7 357.4 486.6 1
EOF
