NUM_STATIONS: 10
NUM_REQUESTS: 80
NUM_VEHICLES: 2
VEHICLE_CAPACITY: 8
DISTANCES
0 1 2.4
1 2 8.8
2 3 9.2
3 4 4.4
4 5 2.3
5 6 10.0
6 7 6.1
7 8 3.9
8 9 6.9
9 0 4.1
REQUEST_SECTION
4 2 37.4 231.4 1
1 6 237.2 442.3 1
9 8 263.3 525.4 1
7 1 215.6 476.9 1
1 5 43.0 277.4 1
5 9 115.0 377.6 1
1 5 255.0 406.3 1
5 6 282.7 416.0 1
2 8 269.3 419.9 1
6 1 199.0 409.0 1
5 3 179.7 340.2 1
2 7 29.2 96.1 1
5 9 15.0 81.4 1
0 2 286.1 351.9 1
1 8 264.4 456.4 1
7 10 229.7 305.6 1
1 3 53.3 140.0 1
5 3 139.3 309.0 1
2 5 214.4 473.2 1
4 8 232.4 370.3 1
2 4 29.3 293.7 1
4 2 202.3 432.0 1
7 10 118.4 311.5 1
5 6 1.2 183.0 1
5 9 256.1 523.5 1
7 6 24.1 273.3 1
1 5 226.7 371.1 1
1 2 157.4 368.5 1
9 1 57.5 329.4 1
3 7 209.4 274.2 1
7 2 185.2 308.7 1
1 7 22.7 150.1 1
3 8 218.2 466.0 1
1 5 42.9 153.7 1
1 8 49.0 168.4 1
3 9 59.9 187.1 1
1 10 235.7 488.7 1
7 2 94.9 232.7 1
3 6 170.5 304.8 1
8 7 279.6 422.9 1
1 2 262.0 470.8 1
0 7 208.5 459.2 1
0 3 250.5 387.2 1
0 4 136.6 214.1 1
6 5 173.2 421.6 1
5 8 142.2 260.0 1
1 10 171.1 321.9 1
5 6 207.9 377.2 1
4 7 129.1 240.8 1
8 9 247.9 310.7 1
5 8 283.1 547.2 1
6 7 126.2 319.3 1
0 8 7.0 208.8 1
1 9 149.2 261.1 1
0 5 275.5 392.7 1
0 4 39.6 138.9 1
4 9 34.0 196.2 1
3 1 74.9 340.9 1
7 2 117.4 392.1 1
5 8 72.2 210.0 1
2 10 2.2 207.9 1
7 9 191.3 448.5 1
8 5 163.5 405.9 1
5 6 111.5 357.0 1
8 2 264.7 447.4 1
5 2 263.1 357.7 1
5 1 133.3 244.2 1
8 7 214.2 438.5 1
3 7 151.4 243.6 1
4 7 222.0 314.6 1
6 4 161.1 315.7 1
9 7 175.1 449.3 1
9 3 200.8 277.2 1
9 5 191.1 353.7 1
9 10 138.9 268.7 1
8 10 6.0 140.3 1
9 6 66.4 181.2 1
3 9 254.2 368.0 1
2 9 258.2 495.5 1
2 4 159.3 266.0 1
EOF
