NUM_STATIONS: 10
NUM_REQUESTS: 160
NUM_VEHICLES: 1
VEHICLE_CAPACITY: 2
DISTANCES
0 1 6.3
1 2 1.5
2 3 7.8
3 4 9.8
4 5 9.9
5 6 6.9
6 7 1.6
7 8 5.2
8 9 2.2
9 0 6.8
REQUEST_SECTION
3 7 2033.2 3562.7 1
2 4 1785.6 2178.1 1
2 7 2943.0 3386.6 1
7 4 2728.9 4168.0 1
4 10 4002.9 5630.8 1
1 4 1131.2 1693.5 1
2 1 1110.5 1704.4 1
5 9 2518.0 3623.2 1
7 3 3659.7 6967.6 1
0 7 2254.4 5553.5 1
0 3 2776.7 3401.7 1
0 5 2520.9 3836.3 1
0 3 4580.8 6380.0 1
8 4 1847.2 2133.0 1
3 4 2137.3 2693.6 1
0 7 3766.4 4514.1 1
5 4 3442.6 6512.5 1
9 8 638.3 1304.4 1
8 6 3031.6 4802.5 1
9 7 2409.1 3188.6 1
9 4 627.2 4072.4 1
2 4 1380.8 2141.6 1
9 3 830.6 3344.7 1
9 5 3091.4 6362.9 1
1 6 4448.0 5434.9 1
9 4 457.8 3414.0 1
9 2 4356.2 5147.0 1
7 2 2716.8 4540.8 1
3 9 1141.8 1491.3 1
1 2 954.7 1169.9 1
5 6 363.5 1540.8 1
0 8 330.9 1648.3 1
1 4 2027.9 2691.5 1
8 3 783.0 3581.2 1
0 1 4470.2 5652.9 1
3 2 621.1 3697.4 1
9 8 737.6 1998.1 1
0 9 2272.3 5030.1 1
7 6 3591.6 6004.7 1
6 2 1750.5 2663.6 1
2 3 2965.8 3836.6 1
2 3 1454.1 2984.3 1
2 8 3387.9 4671.7 1
7 3 17.3 1990.6 1
5 1 3428.4 4165.5 1
9 6 3456.0 6604.8 1
0 2 4350.5 5404.6 1
5 2 2057.3 4820.0 1
0 4 2849.2 4051.2 1
0 1 3662.5 4595.0 1
8 5 3996.3 7405.2 1
1 9 2814.6 3234.3 1
9 10 1.7 2212.1 1
9 10 4269.3 7169.1 1
3 10 1960.8 2439.6 1
0 5 3546.0 4487.7 1
9 3 574.4 1342.0 1
1 7 1247.1 3168.7 1
2 9 3354.0 5455.7 1
2 9 234.6 3715.3 1
2 7 1089.1 3844.3 1
5 1 2054.9 4061.0 1
6 4 1807.1 2670.9 1
1 4 2754.9 5232.1 1
5 3 3568.5 3940.3 1
2 5 4482.2 7727.8 1
4 10 2553.6 2787.5 1
0 6 1239.7 1913.1 1
3 2 614.6 2841.0 1
6 1 1598.3 2721.1 1
6 1 1995.1 3354.0 1
7 1 329.0 2004.7 1
9 10 520.3 1725.7 1
3 4 3527.0 3704.7 1
3 6 2660.3 3399.7 1
1 4 623.0 3574.2 1
2 4 4223.9 6178.6 1
6 9 1783.6 2042.5 1
3 7 3213.8 5476.9 1
9 4 1600.2 4784.8 1
5 4 3733.6 3794.5 1
0 3 1493.9 2111.4 1
1 3 651.0 2477.2 1
9 1 2796.2 5903.8 1
4 3 2015.5 5456.3 1
9 10 814.9 1768.0 1
8 7 33.3 270.8 1
1 7 3242.3 6524.5 1
7 6 3293.8 5244.2 1
2 5 1106.4 4004.1 1
0 2 3918.6 6552.6 1
5 7 3803.5 6123.0 1
3 7 1611.1 1698.5 1
4 10 1437.7 2925.4 1
5 10 50.3 975.5 1
7 5 3135.8 5631.6 1
1 6 136.8 1532.0 1
7 1 636.3 2078.5 1
1 5 3003.6 4931.9 1
6 8 1185.0 3064.4 1
3 5 887.4 1149.7 1
9 7 2237.2 4781.8 1
4 9 1261.8 1501.2 1
7 4 946.1 1762.2 1
4 9 1988.7 3995.9 1
8 2 3767.9 6633.2 1
4 9 22.9 299.5 1
2 1 3839.5 5729.0 1
8 10 2480.4 4104.8 1
5 1 2858.6 5278.2 1
9 1 1927.1 2391.7 1
0 4 3347.0 6699.5 1
0 2 738.4 1996.8 1
6 1 1611.5 1910.2 1
5 4 4608.4 6832.2 1
5 1 114.7 3553.0 1
0 9 440.8 703.3 1
6 9 4588.2 7266.9 1
6 5 1149.0 3136.7 1
7 9 1391.8 3016.1 1
8 6 866.6 3966.9 1
1 6 1132.7 4549.0 1
2 8 1997.8 3059.8 1
1 9 160.8 493.3 1
0 8 4022.3 7335.6 1
7 1 1650.6 5022.3 1
3 9 4095.0 6088.7 1
7 10 3585.5 3687.6 1
2 4 1460.1 4194.5 1
8 7 2525.8 4843.3 1
7 1 27.6 1921.6 1
3 7 4019.8 6179.0 1
9 5 1129.8 4418.9 1
0 8 354.0 2080.8 1
9 3 4011.3 4133.2 1
5 8 3973.3 4952.4 1
1 3 1433.6 4145.2 1
1 9 4434.2 5467.3 1
5 9 1866.8 4787.7 1
2 5 2205.9 3856.5 1
8 3 672.3 1812.2 1
1 8 1105.5 2394.2 1
6 9 1369.7 2011.7 1
0 9 1287.3 4152.9 1
4 7 109.4 1293.3 1
2 8 4531.7 6826.6 1
1 6 1953.7 3053.6 1
1 10 4134.8 5362.9 1
0 5 653.1 2119.7 1
3 9 3632.2 3801.4 1
5 9 4446.8 5151.4 1
4 5 4167.9 7132.1 1
7 1 2439.6 3482.1 1
9 1 102.4 2852.4 1
4 10 501.4 1783.1 1
6 1 1572.0 2824.3 1
7 3 2675.0 3447.2 1
3 8 2919.9 3105.9 1
0 9 2056.3 5017.4 1
5 3 3895.8 6622.8 1
EOF
