NUM_STATIONS: 10
NUM_REQUESTS: 20
NUM_VEHICLES: 3
VEHICLE_CAPACITY: 4
DISTANCES
0 1 10.0
1 2 3.1
2 3 7.4
3 4 2.1
4 5 5.5
5 6 6.0
6 7 3.5
7 8 7.1
8 9 7.6
9 0 5.4
REQUEST_SECTION
4 9 72.5 157.7 1
8 3 46.9 165.5 1
4 3 29.9 99.5 1
5 2 74.1 138.9 1
7 5 24.4 93.1 1
3 6 49.8 125.7 1
9 4 2.5 122.1 1
5 4 13.9 121.6 1
7 6 6.1 112.5 1
5 4 84.4 145.3 1
6 8 9.7 72.9 1
3 1 72.9 149.5 1
3 10 49.7 158.3 1
8 9 2.9 104.8 1
8 3 0.4 92.8 1
3 2 40.6 167.7 1
0 3 33.5 120.8 1
1 3 33.4 109.9 1
7 5 55.8 130.2 1
8 7 56.8 161.7 1
EOF
