NUM_STATIONS: 10
NUM_REQUESTS: 160
NUM_VEHICLES: 2
VEHICLE_CAPACITY: 2
DISTANCES
0 1 6.3
1 2 1.5
2 3 7.8
3 4 9.8
4 5 9.9
5 6 6.9
6 7 1.6
7 8 5.2
8 9 2.2
9 0 6.8
REQUEST_SECTION
3 7 612.1 936.6 1
2 4 585.2 883.0 1
2 7 996.4 1689.5 1
7 4 468.6 1237.6 1
4 10 1291.0 2273.2 1
1 4 1314.3 1578.3 1
2 1 2101.4 2816.2 1
5 9 2238.4 2746.7 1
7 3 1120.1 2265.4 1
0 7 832.2 1170.0 1
0 3 342.6 725.0 1
0 5 671.8 1497.4 1
0 3 2283.3 2654.1 1
8 4 1044.2 2154.8 1
3 4 1644.2 2611.5 1
0 7 1456.0 2519.3 1
5 4 939.7 1955.8 1
9 8 1268.7 2085.8 1
8 6 833.2 1058.5 1
9 7 1495.6 2034.3 1
9 4 649.5 1513.3 1
2 4 712.2 1618.2 1
9 3 1593.2 2351.5 1
9 5 1394.9 2101.8 1
1 6 1722.1 2699.7 1
9 4 74.1 225.6 1
9 2 734.6 1852.6 1
7 2 826.1 1331.0 1
3 9 1297.6 2235.1 1
1 2 2280.5 2795.1 1
5 6 1767.1 2743.3 1
0 8 2309.3 3434.0 1
1 4 1841.3 3025.6 1
8 3 744.9 1129.5 1
0 1 2070.8 2711.9 1
3 2 198.2 686.7 1
9 8 201.4 1067.0 1
0 9 1569.4 2299.6 1
7 6 85.7 802.2 1
6 2 1285.5 1917.2 1
2 3 1325.6 1795.2 1
2 3 781.0 1732.8 1
2 8 1630.2 2377.2 1
7 3 444.3 591.8 1
5 1 936.2 2059.3 1
9 6 151.3 832.4 1
0 2 2142.2 2470.4 1
5 2 1814.2 2514.1 1
0 4 2147.9 2699.9 1
0 1 1258.2 1823.6 1
8 5 539.5 902.0 1
1 9 1984.5 2903.3 1
9 10 1044.2 1835.9 1
9 10 999.1 1874.8 1
3 10 607.4 1585.7 1
0 5 156.7 1038.8 1
9 3 1553.7 2511.6 1
1 7 156.9 417.6 1
2 9 2232.1 2987.6 1
2 9 474.5 1416.6 1
2 7 1607.6 2212.5 1
5 1 1814.3 2261.0 1
6 4 1047.5 1783.4 1
1 4 1879.6 2576.4 1
5 3 1633.7 2542.2 1
2 5 1934.3 2574.5 1
4 10 1135.2 1593.5 1
0 6 1021.3 1447.4 1
3 2 576.6 769.2 1
6 1 2279.0 2476.2 1
6 1 1327.6 2426.3 1
7 1 1258.9 1612.6 1
9 10 331.1 1535.2 1
3 4 1570.1 1848.1 1
3 6 1525.5 2160.2 1
1 4 2227.1 3440.4 1
2 4 21.6 1148.7 1
6 9 2025.7 3030.7 1
3 7 1185.0 1941.9 1
9 4 135.5 454.4 1
5 4 1015.1 1323.8 1
0 3 1101.3 2187.7 1
1 3 1574.2 2737.5 1
9 1 1121.4 1665.1 1
4 3 1781.7 2467.4 1
9 10 927.0 1993.6 1
8 7 198.2 1157.2 1
1 7 1243.1 2122.2 1
7 6 1166.7 2043.1 1
2 5 629.2 1548.1 1
0 2 598.9 801.5 1
5 7 413.0 1475.3 1
3 7 793.0 1492.0 1
4 10 1706.4 1810.8 1
5 10 397.9 833.7 1
7 5 1536.6 2083.4 1
1 6 1951.9 3146.5 1
7 1 930.8 1027.6 1
1 5 1675.5 2393.4 1
6 8 1818.3 2919.2 1
3 5 1623.3 1776.6 1
9 7 945.8 1036.3 1
4 9 1915.5 2682.4 1
7 4 1764.3 2030.3 1
4 9 1549.8 2099.6 1
8 2 1427.6 2402.3 1
4 9 323.2 1086.9 1
2 1 1709.5 2915.7 1
8 10 196.5 753.8 1
5 1 979.1 1150.6 1
9 1 952.9 1096.2 1
0 4 2117.3 2774.0 1
0 2 84.1 1197.6 1
6 1 476.0 1018.2 1
5 4 1040.9 2211.1 1
5 1 687.8 910.3 1
0 9 328.3 1193.8 1
6 9 899.3 1773.0 1
6 5 1675.5 2731.6 1
7 9 198.6 617.9 1
8 6 2233.6 2778.6 1
1 6 298.9 732.0 1
2 8 1351.5 1819.3 1
1 9 1552.7 2211.5 1
0 8 91.2 615.4 1
7 1 1489.9 1677.6 1
3 9 258.0 834.8 1
7 10 595.7 1136.8 1
2 4 1277.6 2116.8 1
8 7 313.2 1001.0 1
7 1 1375.2 1628.2 1
3 7 309.3 440.3 1
9 5 1387.8 1584.7 1
0 8 874.0 969.1 1
9 3 1418.8 1785.4 1
5 8 1246.9 1626.6 1
1 3 272.3 1201.6 1
1 9 2061.9 2540.6 1
5 9 1798.9 1910.9 1
2 5 382.7 592.7 1
8 3 958.0 1126.4 1
1 8 1766.3 2097.6 1
6 9 144.9 583.8 1
0 9 693.4 1402.7 1
4 7 737.3 1629.9 1
2 8 220.9 1376.9 1
1 6 1845.2 2511.9 1
1 10 1304.5 1488.7 1
0 5 2272.9 3343.2 1
3 9 159.1 430.9 1
5 9 547.5 1592.8 1
4 5 690.0 1654.4 1
7 1 625.2 980.8 1
9 1 1454.9 2626.5 1
4 10 1883.5 2702.7 1
6 1 1323.3 1429.3 1
7 3 1900.1 3025.3 1
3 8 1858.5 2675.3 1
0 9 2227.9 3307.4 1
5 3 1853.6 2979.8 1
EOF
