NUM_STATIONS: 10
NUM_REQUESTS: 20
NUM_VEHICLES: 1
VEHICLE_CAPACITY: 8
DISTANCES
0 1 10.0
1 2 3.1
2 3 7.4
3 4 2.1
4 5 5.5
5 6 6.0
6 7 3.5
7 8 7.1
8 9 7.6
9 0 5.4
REQUEST_SECTION
4 9 68.1 184.9 1
8 3 77.1 163.4 1
4 3 55.0 139.6 1
5 2 65.1 172.7 1
7 5 95.2 157.9 1
3 6 39.1 97.1 1
9 4 76.4 181.0 1
5 4 41.3 159.3 1
7 6 107.5 170.7 1
5 4 36.4 165.3 1
6 8 38.6 165.5 1
3 1 56.7 163.8 1
3 10 27.4 156.4 1
8 9 19.6 130.9 1
8 3 16.7 113.1 1
3 2 37.6 104.2 1
0 3 49.4 110.8 1
1 3 27.9 146.9 1
7 5 42.5 132.3 1
8 7 92.1 195.6 1
EOF
