NUM_STATIONS: 10
NUM_REQUESTS: 160
NUM_VEHICLES: 3
VEHICLE_CAPACITY: 2
DISTANCES
0 1 6.3
1 2 1.5
2 3 7.8
3 4 9.8
4 5 9.9
5 6 6.9
6 7 1.6
7 8 5.2
8 9 2.2
9 0 6.8
REQUEST_SECTION
3 7 638.6 1587.2 1
2 4 695.9 1779.7 1
2 7 738.5 1366.3 1
7 4 191.0 879.5 1
4 10 1268.0 1813.1 1
1 4 1118.2 2142.1 1
2 1 1483.6 1749.7 1
5 9 493.9 776.4 1
7 3 152.1 293.6 1
0 7 1197.0 1533.1 1
0 3 481.5 1281.1 1
0 5 1044.7 1176.6 1
0 3 370.5 1234.0 1
8 4 1341.9 2309.5 1
3 4 126.0 743.7 1
0 7 918.7 1246.1 1
5 4 236.5 437.6 1
9 8 1229.3 1508.4 1
8 6 1239.1 2450.7 1
9 7 902.5 1057.8 1
9 4 1474.7 1772.7 1
2 4 678.3 1354.3 1
9 3 127.8 1159.7 1
9 5 212.3 1052.2 1
1 6 1345.8 1488.1 1
9 4 1494.7 2314.5 1
9 2 532.0 1628.3 1
7 2 367.8 675.7 1
3 9 1210.6 1876.1 1
1 2 997.7 1906.4 1
5 6 238.2 536.2 1
0 8 750.2 1612.9 1
1 4 589.0 1293.2 1
8 3 438.5 1580.1 1
0 1 319.9 462.1 1
3 2 1315.8 2073.5 1
9 8 1469.2 1537.6 1
0 9 462.3 787.5 1
7 6 1421.0 1765.9 1
6 2 88.1 1088.2 1
2 3 1206.3 1640.8 1
2 3 630.2 1060.9 1
2 8 1006.2 1384.8 1
7 3 899.1 1594.8 1
5 1 312.8 894.6 1
9 6 1456.1 2306.3 1
0 2 860.3 2023.4 1
5 2 438.5 1100.2 1
0 4 385.2 1441.3 1
0 1 1221.8 2143.2 1
8 5 84.4 1183.8 1
1 9 1023.3 1245.1 1
9 10 1451.4 2308.2 1
9 10 1494.8 1771.7 1
3 10 1435.5 1806.4 1
0 5 1128.0 2236.9 1
9 3 284.0 353.8 1
1 7 1235.7 1734.2 1
2 9 67.1 815.9 1
2 9 805.0 1874.8 1
2 7 511.7 837.8 1
5 1 1155.4 2270.3 1
6 4 1086.0 1986.6 1
1 4 337.7 715.9 1
5 3 489.6 1251.8 1
2 5 1304.3 1690.0 1
4 10 944.0 2071.0 1
0 6 1406.4 1777.3 1
3 2 702.3 1792.1 1
6 1 1174.6 2046.7 1
6 1 739.6 860.5 1
7 1 1485.9 2454.3 1
9 10 1304.9 1472.0 1
3 4 770.2 838.3 1
3 6 374.5 1528.8 1
1 4 40.4 701.6 1
2 4 629.4 1147.8 1
6 9 1096.0 1998.3 1
3 7 1411.5 2416.8 1
9 4 1043.5 1166.1 1
5 4 848.2 1082.2 1
0 3 973.2 1311.7 1
1 3 70.6 1146.9 1
9 1 993.8 1157.9 1
4 3 679.1 779.1 1
9 10 1009.9 1177.9 1
8 7 1304.0 1396.6 1
1 7 1104.9 2101.9 1
7 6 1435.0 1865.7 1
2 5 802.6 1344.1 1
0 2 1348.4 2217.6 1
5 7 349.3 826.9 1
3 7 116.2 480.9 1
4 10 199.7 807.6 1
5 10 640.5 1618.1 1
7 5 298.9 920.4 1
1 6 488.4 1277.9 1
7 1 1531.5 1990.8 1
1 5 679.9 1644.5 1
6 8 103.2 440.3 1
3 5 372.6 820.4 1
9 7 429.8 1329.0 1
4 9 312.7 1422.9 1
7 4 169.7 1238.8 1
4 9 15.8 327.2 1
8 2 822.4 1858.7 1
4 9 716.9 1370.9 1
2 1 623.1 1605.7 1
8 10 598.3 1736.0 1
5 1 1497.6 2161.5 1
9 1 525.9 1170.6 1
0 4 730.2 1627.5 1
0 2 613.3 1785.8 1
6 1 655.7 1119.5 1
5 4 1200.9 2336.2 1
5 1 841.1 1922.8 1
0 9 949.7 1908.0 1
6 9 1426.3 2621.2 1
6 5 993.3 1836.3 1
7 9 653.9 1169.3 1
8 6 111.9 278.3 1
1 6 1334.7 2041.0 1
2 8 704.3 1139.7 1
1 9 1541.9 2477.8 1
0 8 1235.9 1611.5 1
7 1 1300.5 1678.7 1
3 9 1128.5 1288.2 1
7 10 564.0 1152.8 1
2 4 1507.2 2540.3 1
8 7 132.0 236.4 1
7 1 1464.7 2563.0 1
3 7 914.4 1799.7 1
9 5 1111.5 1314.2 1
0 8 817.7 1199.0 1
9 3 239.9 1007.7 1
5 8 131.4 574.6 1
1 3 774.8 874.0 1
1 9 765.5 1827.8 1
5 9 295.7 762.2 1
2 5 933.7 1807.3 1
8 3 270.7 1434.8 1
1 8 28.8 284.1 1
6 9 817.1 1979.7 1
0 9 1363.0 2474.4 1
4 7 988.8 1916.7 1
2 8 1214.9 1544.6 1
1 6 1157.4 1846.9 1
1 10 1366.0 2538.8 1
0 5 187.4 1327.6 1
3 9 1079.1 1220.6 1
5 9 989.9 1357.0 1
4 5 1059.2 1314.9 1
7 1 137.4 1257.1 1
9 1 103.4 273.5 1
4 10 1425.5 1591.5 1
6 1 1509.2 2297.2 1
7 3 1214.4 1747.9 1
3 8 665.5 1501.5 1
0 9 909.4 1887.8 1
5 3 290.1 1306.5 1
EOF
