NUM_STATIONS: 10
NUM_REQUESTS: 80
NUM_VEHICLES: 3
VEHICLE_CAPACITY: 2
DISTANCES
0 1 9.9
1 2 5.8
2 3 2.8
3 4 4.2
4 5 8.2
5 6 9.6
6 7 7.3
7 8 4.0
8 9 8.9
9 0 4.1
REQUEST_SECTION
8 2 477.7 875.8 1
3 8 836.5 1312.1 1
0 4 366.3 785.6 1
4 8 362.2 440.0 1
7 10 132.3 557.2 1
4 1 338.6 498.3 1
1 9 723.8 925.6 1
3 6 420.8 846.9 1
5 9 558.5 998.0 1
9 5 79.5 453.8 1
1 7 470.4 815.4 1
7 3 26.2 485.3 1
9 7 293.4 732.3 1
1 6 270.0 350.8 1
5 3 644.5 796.8 1
0 4 787.9 1103.3 1
7 1 512.4 926.8 1
0 4 830.1 1293.3 1
2 9 749.1 1167.5 1
0 6 243.5 475.7 1
0 9 606.8 1095.5 1
4 10 566.8 665.3 1
2 5 14.2 250.1 1
1 10 618.7 1017.3 1
7 10 799.8 1257.3 1
2 10 790.8 1149.2 1
3 8 499.3 637.0 1
5 8 371.5 583.9 1
6 8 538.9 1006.7 1
6 5 380.2 634.6 1
5 10 776.6 1088.2 1
2 8 570.5 977.5 1
8 9 461.9 696.3 1
2 7 480.4 695.8 1
4 6 116.0 501.8 1
5 8 120.7 372.3 1
9 8 139.9 400.1 1
3 1 649.8 722.9 1
3 4 180.8 531.4 1
2 6 625.7 844.0 1
4 9 260.2 554.5 1
7 5 311.7 660.8 1
6 4 767.3 1219.8 1
7 3 97.2 255.4 1
5 10 585.3 812.9 1
3 8 313.7 662.6 1
9 6 850.7 1341.8 1
5 1 633.0 976.6 1
8 4 619.9 1012.0 1
0 5 265.5 688.2 1
5 10 604.8 859.5 1
7 5 610.6 795.7 1
6 10 385.7 783.8 1
6 1 314.8 482.9 1
2 6 65.8 291.2 1
4 5 848.9 1098.2 1
7 3 438.2 847.1 1
0 4 433.1 800.1 1
0 9 502.3 892.4 1
4 10 483.5 700.6 1
2 1 259.6 345.9 1
1 10 677.2 1105.7 1
0 7 697.0 884.5 1
0 4 746.4 890.2 1
2 6 224.7 630.7 1
6 8 690.6 1126.1 1
7 9 265.9 725.1 1
0 1 191.5 449.5 1
3 6 209.9 323.5 1
5 1 181.8 609.7 1
1 8 487.3 961.0 1
7 5 423.1 588.1 1
3 2 43.9 289.9 1
2 5 374.6 766.3 1
4 2 42.0 460.4 1
7 10 672.0 1157.5 1
3 7 65.3 328.4 1
4 6 372.0 456.2 1
1 2 389.3 653.9 1
1 8 275.7 710.9 1
EOF
