NUM_STATIONS: 10
NUM_REQUESTS: 160
NUM_VEHICLES: 1
VEHICLE_CAPACITY: 4
DISTANCES
0 1 6.3
1 2 7.7
2 3 3.8
3 4 4.5
4 5 9.5
5 6 2.1
6 7 8.1
7 8 3.8
8 9 3.5
9 0 1.8
REQUEST_SECTION
8 5 1433.6 2407.1 1
2 7 955.6 2328.4 1
0 6 262.6 616.8 1
4 2 486.5 1053.3 1
6 1 2020.7 3395.8 1
6 5 410.9 1105.0 1
4 5 490.5 1101.1 1
1 7 1400.2 2635.0 1
9 1 934.5 2196.3 1
8 4 923.9 1770.1 1
6 8 1140.5 1243.5 1
3 10 799.5 2038.0 1
9 6 672.5 1985.7 1
1 3 1124.8 1472.2 1
9 1 1894.7 3241.6 1
6 5 1837.8 2337.0 1
1 10 25.7 1577.2 1
0 8 1506.2 2879.5 1
7 10 1333.1 1674.8 1
2 5 299.2 696.7 1
3 9 1392.4 1592.0 1
9 5 826.3 1831.7 1
2 4 1311.6 2531.4 1
0 5 1546.8 2406.1 1
6 5 2012.9 3164.9 1
1 3 934.1 1215.5 1
7 5 1387.7 2614.4 1
0 4 974.6 2438.3 1
2 10 1793.5 2757.9 1
1 10 1641.2 2062.2 1
4 1 1667.0 2826.1 1
5 8 1465.7 1908.6 1
8 5 1177.4 2479.4 1
4 10 1973.6 3513.4 1
6 3 1823.3 3269.7 1
6 5 480.2 1246.3 1
1 7 1311.6 2217.2 1
3 1 1679.6 2468.6 1
0 3 371.8 1093.6 1
3 2 1898.8 2234.5 1
7 4 386.4 1153.0 1
6 4 950.3 1589.7 1
3 8 324.1 1798.5 1
7 2 1579.0 3094.4 1
8 3 438.8 1507.8 1
8 2 395.6 1675.5 1
2 3 806.1 2152.4 1
0 1 1750.9 1929.6 1
5 8 118.1 741.0 1
2 7 1275.9 1372.1 1
8 4 1181.5 1880.3 1
3 8 1167.7 1381.4 1
2 5 2000.2 2314.3 1
4 1 1904.7 3199.9 1
6 4 1346.0 1764.1 1
4 5 1844.7 3267.3 1
6 7 1780.1 3168.9 1
2 8 432.5 887.7 1
8 10 237.1 913.1 1
9 8 1761.9 2390.1 1
9 3 179.6 278.9 1
8 9 1968.3 2625.9 1
8 9 722.2 1371.8 1
8 10 72.0 1465.8 1
3 9 818.1 969.9 1
2 8 1457.0 1939.2 1
7 3 450.9 1179.1 1
1 8 521.7 721.8 1
9 1 170.8 250.3 1
4 6 1519.9 2854.2 1
2 10 1337.9 2421.5 1
0 3 836.6 1978.4 1
0 5 242.7 1721.8 1
5 3 1967.2 2384.2 1
9 3 926.1 2123.7 1
9 4 736.3 1692.1 1
3 2 1078.4 2438.7 1
5 4 1815.9 3319.2 1
7 1 337.0 683.7 1
0 7 2038.2 3076.1 1
5 8 1696.6 2461.9 1
9 1 1562.6 2197.1 1
3 4 228.0 803.0 1
4 9 849.8 1360.0 1
5 1 1277.2 1841.1 1
5 2 1628.4 1966.8 1
2 1 1087.6 2523.3 1
8 2 432.2 1397.4 1
0 8 605.8 1873.6 1
3 1 1058.9 1362.8 1
2 10 1743.2 2028.3 1
0 8 1862.3 3308.3 1
6 9 1730.0 2470.0 1
3 8 562.9 1826.2 1
4 2 167.4 1356.0 1
7 4 1072.4 1583.5 1
9 1 1747.2 2264.0 1
7 8 1722.6 2365.9 1
4 7 663.2 947.4 1
8 5 439.5 1225.3 1
8 7 1138.6 1976.3 1
3 1 334.5 1758.6 1
6 3 888.8 2085.3 1
5 9 211.4 901.0 1
3 7 108.4 1333.6 1
2 7 421.7 938.6 1
2 7 1594.6 2377.6 1
9 10 397.0 1299.7 1
0 8 1303.4 1794.4 1
7 8 1960.3 3028.6 1
4 3 283.7 621.2 1
6 7 869.5 1939.5 1
1 6 538.0 1299.5 1
5 1 1110.3 2331.0 1
4 9 1459.7 2365.9 1
3 8 1726.0 2250.4 1
5 7 232.2 442.5 1
6 9 910.6 1584.5 1
1 5 588.2 1681.5 1
8 2 1859.5 3359.2 1
9 10 647.2 1176.1 1
5 7 1812.7 2360.8 1
5 4 981.1 1396.9 1
7 6 1869.8 2918.9 1
5 9 1583.6 3157.2 1
9 7 635.1 1775.4 1
3 5 309.7 863.6 1
5 9 1105.1 1869.9 1
7 8 252.4 1815.0 1
0 5 2024.8 2663.2 1
6 3 1874.3 3307.6 1
2 5 1082.9 1694.9 1
9 8 1650.8 2943.9 1
1 10 1588.7 2506.3 1
4 6 1628.2 2955.0 1
4 9 1000.3 2374.7 1
6 7 609.6 737.1 1
8 1 1948.4 2459.9 1
7 2 1998.7 2974.0 1
8 7 1665.5 2067.5 1
6 8 846.5 1440.2 1
1 6 465.9 1257.6 1
0 3 1464.0 2474.0 1
5 1 1518.5 2083.6 1
0 4 1606.9 1766.8 1
9 4 1725.2 2578.2 1
1 10 717.2 1048.9 1
8 5 1072.9 1332.1 1
7 6 894.9 1706.3 1
3 9 1685.4 2698.4 1
0 8 920.5 2491.9 1
2 9 1488.6 2699.6 1
9 8 999.2 2207.8 1
1 9 671.9 1815.0 1
1 8 171.8 836.2 1
0 5 1357.8 1755.2 1
4 6 2025.4 2546.9 1
7 5 290.7 1778.8 1
9 6 435.3 786.8 1
8 5 1912.8 3209.3 1
EOF
