NUM_STATIONS: 10
NUM_REQUESTS: 20
NUM_VEHICLES: 2
VEHICLE_CAPACITY: 8
DISTANCES
0 1 8.3
1 2 2.5
2 3 8.9
3 4 6.4
4 5 8.5
5 6 5.9
6 7 7.6
7 8 9.1
8 9 7.1
9 0 6.5
REQUEST_SECTION
4 1 87.5 159.2 1
9 3 55.6 129.1 1
9 10 49.6 163.8 1
7 2 10.6 138.7 1
9 1 50.8 123.5 1
4 2 12.8 94.3 1
1 10 8.6 120.5 1
1 5 61.7 142.0 1
5 7 37.3 126.5 1
6 7 47.1 123.9 1
2 1 50.2 176.3 1
0 3 87.8 224.5 1
8 5 0.9 74.7 1
0 6 67.0 166.6 1
3 2 56.5 182.6 1
1 2 69.7 198.8 1
0 9 44.8 127.4 1
2 5 21.8 95.5 1
2 1 32.8 143.4 1
9 8 59.9 161.6 1
EOF
