NUM_STATIONS: 10
NUM_REQUESTS: 160
NUM_VEHICLES: 3
VEHICLE_CAPACITY: 4
DISTANCES
0 1 3.3
1 2 8.6
2 3 9.8
3 4 4.8
4 5 3.7
5 6 5.0
6 7 1.8
7 8 2.0
8 9 1.3
9 0 2.7
REQUEST_SECTION
9 3 319.7 478.1 1
8 4 156.6 459.0 1
4 8 341.9 577.3 1
6 3 258.0 328.1 1
8 2 193.2 345.6 1
7 2 247.1 448.1 1
8 1 368.2 413.9 1
6 4 225.3 288.1 1
7 2 293.7 342.6 1
2 6 81.8 262.8 1
3 7 305.0 534.2 1
8 4 261.3 572.5 1
0 8 97.1 249.6 1
8 10 351.6 510.9 1
8 2 248.1 544.9 1
4 2 53.2 242.0 1
3 5 351.1 608.9 1
5 7 29.8 128.7 1
3 7 351.8 600.4 1
7 4 350.8 470.0 1
6 7 341.0 606.5 1
3 7 19.2 154.4 1
5 2 262.0 543.2 1
4 7 4.5 83.8 1
3 5 346.4 468.0 1
1 3 2.9 313.0 1
9 10 315.3 416.7 1
3 6 335.0 613.3 1
3 7 298.3 517.8 1
7 10 58.6 255.8 1
8 9 223.1 354.7 1
3 9 138.7 440.7 1
4 7 201.9 470.5 1
4 6 184.8 319.8 1
6 10 377.2 702.2 1
1 3 163.8 312.6 1
8 7 185.8 239.1 1
8 10 309.5 377.6 1
2 1 213.2 513.1 1
5 1 362.8 665.5 1
2 4 175.2 260.5 1
5 10 351.9 631.4 1
8 6 51.2 275.4 1
5 2 195.6 466.5 1
6 2 47.7 199.1 1
5 4 338.0 641.7 1
0 9 422.1 587.7 1
3 4 269.8 424.9 1
0 2 270.5 592.0 1
9 7 141.2 442.5 1
8 3 162.9 353.1 1
1 4 181.5 298.8 1
3 1 22.4 161.3 1
2 7 132.8 176.5 1
3 10 130.5 200.8 1
2 4 263.2 573.0 1
5 8 78.3 349.5 1
8 1 173.6 246.9 1
2 3 120.4 430.2 1
6 8 388.0 514.8 1
8 10 182.2 240.6 1
6 8 371.9 560.2 1
2 6 118.4 329.5 1
6 7 111.7 315.3 1
7 2 326.7 418.8 1
0 7 181.4 285.7 1
3 5 322.9 437.3 1
4 5 152.8 465.7 1
5 2 373.0 493.2 1
5 4 122.5 415.9 1
5 3 363.9 469.4 1
3 10 73.2 366.2 1
6 7 153.1 423.2 1
2 9 131.7 279.6 1
1 8 287.5 331.5 1
0 1 292.9 592.2 1
2 9 53.4 220.5 1
9 5 104.7 423.6 1
6 5 310.7 365.1 1
3 7 306.2 397.7 1
7 1 367.7 595.9 1
3 2 66.0 160.3 1
2 7 200.8 255.8 1
1 8 375.1 587.3 1
1 10 275.0 556.3 1
9 8 390.5 484.7 1
7 8 420.5 741.4 1
2 7 280.9 484.8 1
6 1 296.5 371.0 1
7 3 367.9 659.1 1
8 2 330.7 557.9 1
2 6 268.1 412.8 1
8 6 96.6 345.6 1
1 3 243.5 452.4 1
9 5 299.0 609.8 1
0 3 331.3 409.3 1
5 10 189.8 256.5 1
7 3 318.0 470.7 1
5 10 9.3 237.8 1
6 2 410.0 602.7 1
6 8 277.3 443.8 1
8 5 98.6 150.7 1
0 2 249.0 568.6 1
9 5 210.3 534.4 1
8 3 204.8 282.5 1
4 9 74.1 266.8 1
4 9 41.4 247.8 1
1 6 363.4 568.7 1
9 4 118.4 309.8 1
9 6 117.4 247.3 1
0 2 252.7 394.8 1
6 8 213.4 395.0 1
6 2 245.3 446.9 1
2 6 82.6 145.3 1
6 3 402.9 656.5 1
7 3 367.4 473.0 1
3 9 300.2 592.2 1
6 10 27.4 131.7 1
3 2 239.6 488.5 1
9 1 162.1 285.6 1
6 9 229.5 448.2 1
4 9 61.3 361.3 1
3 9 80.7 238.4 1
8 5 320.8 532.9 1
4 5 152.7 436.0 1
0 4 246.1 501.3 1
5 8 354.4 464.7 1
9 10 99.4 279.2 1
0 2 357.3 559.0 1
1 3 123.7 203.9 1
4 2 336.9 630.2 1
4 3 49.8 182.0 1
0 1 63.4 211.6 1
9 3 7.8 97.3 1
5 6 367.8 597.0 1
4 9 129.3 387.7 1
5 2 93.7 360.3 1
0 6 190.1 296.8 1
1 9 266.9 497.5 1
9 3 3.1 228.9 1
4 10 32.8 105.9 1
2 7 199.6 289.0 1
5 1 372.4 552.0 1
3 10 256.5 436.9 1
3 6 148.5 470.8 1
2 4 255.4 333.0 1
0 4 64.3 262.4 1
0 8 236.0 448.9 1
3 5 369.9 568.0 1
0 3 204.9 524.7 1
3 8 194.2 263.0 1
4 9 225.4 513.1 1
3 10 175.7 282.5 1
6 3 228.0 377.3 1
7 3 3.5 265.7 1
6 10 249.3 315.7 1
9 7 247.5 329.3 1
0 6 310.4 490.7 1
6 5 88.1 375.9 1
7 4 216.1 266.4 1
EOF
