NUM_STATIONS: 10
NUM_REQUESTS: 40
NUM_VEHICLES: 1
VEHICLE_CAPACITY: 1
DISTANCES
0 1 5.8
1 2 5.9
2 3 5.5
3 4 4.6
4 5 6.6
5 6 8.5
6 7 2.2
7 8 4.0
8 9 2.7
9 0 5.9
REQUEST_SECTION
5 3 45.8 406.7 1
6 3 2053.8 2678.4 1
4 5 521.6 904.8 1
3 7 164.5 1755.1 1
8 3 1938.7 3382.1 1
2 5 1197.3 2042.8 1
2 8 626.9 829.8 1
4 7 1861.5 2481.9 1
9 1 1119.6 1474.2 1
2 4 1045.1 2402.2 1
1 10 592.4 1148.0 1
7 2 812.0 1243.0 1
5 4 431.4 798.5 1
2 8 1496.5 2556.5 1
2 5 1852.2 2082.4 1
8 3 2062.7 2125.6 1
6 2 1395.4 1566.2 1
9 5 1405.8 2806.2 1
5 8 1084.3 2245.9 1
6 9 1433.4 2344.7 1
3 2 1539.2 2974.9 1
7 2 1399.2 2979.6 1
3 5 1099.9 2078.1 1
9 2 863.4 959.7 1
9 5 249.4 542.0 1
5 3 751.1 1689.3 1
5 9 1326.2 1792.5 1
1 9 1283.0 1584.3 1
0 4 749.5 2232.5 1
3 5 717.8 1463.4 1
8 7 946.1 2101.5 1
3 4 1944.0 2375.4 1
7 2 2002.5 2930.3 1
9 8 1930.6 2705.9 1
4 6 231.0 1001.2 1
2 3 7.2 1196.4 1
2 9 1206.2 1470.5 1
3 1 2046.0 3532.8 1
4 2 63.6 566.3 1
3 8 722.6 1492.7 1
EOF
