NUM_STATIONS: 10
NUM_REQUESTS: 160
NUM_VEHICLES: 2
VEHICLE_CAPACITY: 4
DISTANCES
0 1 6.3
1 2 1.5
2 3 7.8
3 4 9.8
4 5 9.9
5 6 6.9
6 7 1.6
7 8 5.2
8 9 2.2
9 0 6.8
REQUEST_SECTION
3 7 1010.8 1080.1 1
2 4 879.6 1030.2 1
2 7 609.3 1306.4 1
7 4 742.1 832.5 1
4 10 1007.2 1688.6 1
1 4 480.4 797.2 1
2 1 120.8 748.8 1
5 9 655.7 903.2 1
7 3 459.7 602.8 1
0 7 979.8 1789.8 1
0 3 98.2 948.7 1
0 5 570.4 1065.7 1
0 3 1062.6 1745.9 1
8 4 628.4 1384.3 1
3 4 71.7 973.7 1
0 7 292.4 940.1 1
5 4 246.8 989.8 1
9 8 209.0 427.9 1
8 6 604.8 884.7 1
9 7 1092.8 1470.3 1
9 4 793.4 1116.5 1
2 4 212.6 676.0 1
9 3 1086.1 1884.0 1
9 5 925.1 1328.6 1
1 6 286.5 634.7 1
9 4 1060.9 1904.4 1
9 2 568.8 916.2 1
7 2 812.6 1115.9 1
3 9 1017.1 1416.4 1
1 2 572.0 724.4 1
5 6 494.2 1187.2 1
0 8 355.7 1144.7 1
1 4 885.6 1792.3 1
8 3 275.1 966.5 1
0 1 18.7 600.1 1
3 2 928.0 1795.6 1
9 8 115.1 344.8 1
0 9 845.3 1110.3 1
7 6 188.5 461.3 1
6 2 313.7 647.0 1
2 3 566.8 1114.6 1
2 3 585.7 1403.7 1
2 8 716.5 806.6 1
7 3 835.2 1462.7 1
5 1 1139.5 1946.1 1
9 6 436.1 1083.5 1
0 2 966.6 1782.1 1
5 2 799.4 1385.3 1
0 4 856.1 1072.7 1
0 1 423.2 1071.3 1
8 5 501.3 1218.3 1
1 9 594.7 721.6 1
9 10 355.0 473.6 1
9 10 318.6 541.0 1
3 10 356.1 870.2 1
0 5 229.1 797.6 1
9 3 625.4 1363.3 1
1 7 1021.1 1282.8 1
2 9 396.4 1018.2 1
2 9 1075.9 1776.4 1
2 7 147.4 804.4 1
5 1 862.1 1006.8 1
6 4 881.7 1123.9 1
1 4 221.2 1021.8 1
5 3 879.4 1628.3 1
2 5 760.0 826.2 1
4 10 112.8 1030.0 1
0 6 621.4 1286.8 1
3 2 1046.6 1433.3 1
6 1 815.3 1678.9 1
6 1 927.5 1544.3 1
7 1 1100.0 1462.0 1
9 10 258.7 982.8 1
3 4 1113.9 1584.9 1
3 6 515.2 635.2 1
1 4 993.4 1210.9 1
2 4 710.8 963.1 1
6 9 932.7 1859.0 1
3 7 684.0 1485.4 1
9 4 880.7 1798.4 1
5 4 987.3 1896.0 1
0 3 993.5 1684.1 1
1 3 285.8 1073.1 1
9 1 557.3 791.0 1
4 3 1034.3 1404.8 1
9 10 638.3 771.1 1
8 7 1132.5 1923.5 1
1 7 55.2 355.0 1
7 6 894.7 1016.4 1
2 5 372.6 531.3 1
0 2 710.8 1198.3 1
5 7 227.7 433.8 1
3 7 169.3 743.7 1
4 10 491.7 571.5 1
5 10 709.2 924.1 1
7 5 577.6 1461.4 1
1 6 523.0 1174.3 1
7 1 432.8 1245.4 1
1 5 23.5 200.3 1
6 8 132.9 658.7 1
3 5 794.2 880.8 1
9 7 12.2 365.3 1
4 9 91.9 713.4 1
7 4 206.7 766.4 1
4 9 951.8 1047.7 1
8 2 227.6 902.9 1
4 9 511.9 903.1 1
2 1 920.5 1336.5 1
8 10 975.3 1649.5 1
5 1 144.5 956.7 1
9 1 23.9 824.3 1
0 4 774.0 1011.7 1
0 2 461.3 1072.9 1
6 1 308.7 799.6 1
5 4 540.8 1461.7 1
5 1 420.7 637.6 1
0 9 113.8 344.7 1
6 9 1083.4 1476.9 1
6 5 299.0 1106.8 1
7 9 206.2 1117.7 1
8 6 480.1 1231.9 1
1 6 550.0 1337.8 1
2 8 499.0 982.2 1
1 9 753.8 942.5 1
0 8 251.0 533.5 1
7 1 97.6 363.1 1
3 9 1066.9 1836.1 1
7 10 792.6 1513.5 1
2 4 1088.0 1452.0 1
8 7 293.0 974.8 1
7 1 623.3 1371.4 1
3 7 353.3 538.5 1
9 5 411.9 851.1 1
0 8 958.1 1848.9 1
9 3 657.3 1211.0 1
5 8 47.3 764.6 1
1 3 1.2 264.0 1
1 9 812.1 972.9 1
5 9 1143.9 1933.8 1
2 5 1071.9 1270.1 1
8 3 231.1 911.3 1
1 8 158.7 989.2 1
6 9 366.6 684.3 1
0 9 137.3 323.3 1
4 7 839.6 1002.6 1
2 8 818.7 1447.2 1
1 6 108.1 350.6 1
1 10 205.2 1106.2 1
0 5 97.9 254.7 1
3 9 985.2 1753.5 1
5 9 1121.7 1300.0 1
4 5 1065.1 1736.6 1
7 1 508.0 601.8 1
9 1 87.1 313.7 1
4 10 488.6 1201.2 1
6 1 1079.4 1790.4 1
7 3 141.0 488.1 1
3 8 896.9 1470.9 1
0 9 144.1 901.7 1
5 3 814.1 1243.1 1
EOF
