NUM_STATIONS: 10
NUM_REQUESTS: 80
NUM_VEHICLES: 2
VEHICLE_CAPACITY: 1
DISTANCES
0 1 8.0
1 2 8.3
2 3 3.5
3 4 6.0
4 5 1.1
5 6 2.5
6 7 5.2
7 8 7.5
8 9 5.8
9 0 8.4
REQUEST_SECTION
9 3 1232.2 1542.0 1
9 7 312.6 1897.4 1
9 1 1046.4 1644.5 1
2 6 1327.3 2842.4 1
5 4 298.5 706.3 1
6 5 1452.4 1820.4 1
3 2 551.9 919.4 1
6 2 591.9 1259.2 1
0 9 204.4 1946.9 1
3 8 1349.0 2955.7 1
1 2 104.6 887.5 1
9 2 837.9 1843.7 1
4 3 1275.0 2956.6 1
3 8 1040.0 1835.1 1
8 3 499.3 942.9 1
8 5 1625.6 2497.2 1
8 5 517.7 1512.8 1
0 3 861.6 1674.7 1
7 10 22.0 637.9 1
2 10 642.0 1698.4 1
7 9 476.6 1434.9 1
6 5 693.2 1745.7 1
4 8 29.2 356.2 1
6 10 1657.2 2874.4 1
3 4 1394.9 2903.2 1
9 5 412.5 1532.8 1
7 6 596.7 1563.9 1
9 7 717.8 1446.0 1
5 9 349.9 809.0 1
5 7 562.9 1091.9 1
6 1 1450.4 1567.0 1
7 4 1287.4 1876.2 1
2 8 741.4 1274.5 1
9 1 1541.0 2673.8 1
4 1 1418.7 3059.0 1
5 6 862.2 2179.8 1
0 9 17.0 563.4 1
8 2 1305.3 1783.9 1
6 3 1475.9 2962.1 1
6 9 1463.6 1675.3 1
9 7 1273.0 2446.5 1
2 8 58.1 1484.6 1
6 8 1236.3 2820.1 1
5 2 56.6 1552.7 1
4 6 1402.9 3028.4 1
4 9 66.8 918.5 1
4 9 730.5 1865.3 1
9 8 1155.6 1638.1 1
6 4 1430.0 2196.4 1
8 6 626.1 2004.9 1
4 3 702.5 1495.4 1
9 10 904.0 1806.6 1
8 7 149.8 1125.1 1
7 1 1683.1 2188.6 1
1 3 1427.5 2566.1 1
6 3 102.4 1282.8 1
8 3 1504.7 2738.7 1
4 6 911.7 1981.6 1
6 9 51.2 571.5 1
9 4 543.6 898.4 1
7 8 196.7 1607.9 1
6 3 1141.5 1938.1 1
7 5 1662.9 2375.1 1
9 3 1559.2 3237.8 1
1 9 1317.6 2161.4 1
8 1 1093.7 2588.9 1
9 8 153.4 261.0 1
9 7 158.7 528.5 1
6 7 1312.9 2667.0 1
5 9 1541.3 2262.2 1
1 5 1543.4 3033.2 1
8 6 1521.0 2676.6 1
2 1 1273.4 2454.9 1
1 7 1539.3 2933.9 1
4 6 193.0 769.7 1
0 3 962.4 2338.0 1
1 10 154.1 267.4 1
7 8 1626.8 2132.6 1
9 6 862.2 1837.8 1
3 10 1612.1 2108.7 1
EOF
