NUM_STATIONS: 10
NUM_REQUESTS: 40
NUM_VEHICLES: 1
VEHICLE_CAPACITY: 2
DISTANCES
0 1 3.4
1 2 6.2
2 3 7.9
3 4 7.1
4 5 5.2
5 6 1.5
6 7 5.2
7 8 1.2
8 9 5.0
9 0 2.1
REQUEST_SECTION
3 7 191.2 606.0 1
4 5 504.8 765.6 1
4 5 525.9 961.6 1
2 9 476.3 580.2 1
4 6 556.0 643.5 1
2 7 662.9 905.5 1
2 4 369.8 729.6 1
5 6 418.7 809.5 1
4 1 643.2 1098.8 1
0 7 497.7 954.0 1
6 3 449.5 664.9 1
0 2 280.2 387.8 1
9 3 636.2 986.8 1
7 6 156.7 255.2 1
7 5 631.1 798.3 1
3 7 454.7 676.8 1
4 2 354.4 636.5 1
0 9 31.8 200.6 1
2 3 465.2 637.9 1
2 9 4.6 400.9 1
0 4 544.9 846.7 1
2 10 311.5 652.4 1
2 6 520.3 965.2 1
8 4 614.4 1084.5 1
3 7 233.2 616.4 1
0 1 616.2 755.2 1
7 1 446.7 853.1 1
8 4 567.0 1001.6 1
0 3 195.4 379.9 1
9 7 389.1 781.2 1
0 4 477.8 636.0 1
7 2 206.9 445.5 1
8 6 476.6 911.5 1
4 10 40.8 90.8 1
9 6 331.9 771.9 1
1 5 108.6 429.4 1
4 2 5.5 132.7 1
3 5 166.0 599.4 1
9 7 211.4 396.5 1
5 7 670.4 857.2 1
EOF
