NUM_STATIONS: 10
NUM_REQUESTS: 40
NUM_VEHICLES: 1
VEHICLE_CAPACITY: 8
DISTANCES
0 1 2.8
1 2 2.9
2 3 8.4
3 4 7.3
4 5 6.1
5 6 1.6
6 7 8.4
7 8 7.7
8 9 3.2
9 0 1.5
REQUEST_SECTION
4 8 144.9 329.6 1
3 10 115.8 219.8 1
6 4 180.4 238.8 1
1 6 91.9 246.7 1
0 4 40.4 260.0 1
5 3 115.1 237.5 1
6 9 27.5 237.1 1
1 10 121.1 248.0 1
1 9 94.4 165.4 1
0 6 185.6 358.3 1
6 9 0.2 184.5 1
5 6 101.7 328.1 1
9 3 32.0 184.5 1
6 2 133.2 261.7 1
9 3 174.6 277.0 1
0 2 125.0 261.4 1
9 5 185.0 387.7 1
7 4 35.9 227.1 1
1 5 134.5 223.8 1
5 4 7.2 208.6 1
8 5 140.2 302.3 1
7 6 43.6 227.4 1
4 1 154.2 244.9 1
4 10 35.4 160.3 1
7 5 28.3 260.8 1
1 10 13.2 96.7 1
3 5 162.9 339.4 1
2 5 53.6 268.2 1
6 8 153.3 271.6 1
4 7 102.5 212.2 1
9 1 40.6 254.6 1
6 3 68.5 195.7 1
8 9 85.8 152.2 1
6 3 78.8 260.5 1
5 2 123.6 343.6 1
8 5 130.1 290.2 1
7 9 20.8 176.1 1
5 4 146.0 199.5 1
0 2 52.1 132.6 1
2 4 49.5 279.3 1
EOF
