NUM_STATIONS: 10
NUM_REQUESTS: 80
NUM_VEHICLES: 3
VEHICLE_CAPACITY: 1
DISTANCES
0 1 8.0
1 2 8.3
2 3 3.5
3 4 6.0
4 5 1.1
5 6 2.5
6 7 5.2
7 8 7.5
8 9 5.8
9 0 8.4
REQUEST_SECTION
9 3 819.0 883.4 1
9 7 697.3 840.4 1
9 1 1412.9 1609.4 1
2 6 919.3 1251.8 1
5 4 1406.4 1786.2 1
6 5 1093.6 1790.2 1
3 2 1281.7 2057.8 1
6 2 198.1 415.3 1
0 9 671.3 1433.2 1
3 8 758.7 1066.1 1
1 2 1201.6 1592.3 1
9 2 267.1 391.3 1
4 3 255.9 708.4 1
3 8 22.7 325.5 1
8 3 303.6 521.3 1
8 5 829.7 943.7 1
8 5 602.4 1189.6 1
0 3 810.5 1273.4 1
7 10 430.4 895.9 1
2 10 828.1 1559.8 1
7 9 184.1 274.3 1
6 5 1225.3 1609.8 1
4 8 954.2 1589.5 1
6 10 1383.6 1482.1 1
3 4 934.2 1236.2 1
9 5 835.8 1400.5 1
7 6 1293.9 1545.4 1
9 7 1412.4 1901.2 1
5 9 340.2 651.0 1
5 7 143.0 339.3 1
6 1 616.7 678.3 1
7 4 941.3 1292.2 1
2 8 253.7 518.6 1
9 1 233.5 926.1 1
4 1 730.9 1432.4 1
5 6 104.9 424.5 1
0 9 862.4 1511.1 1
8 2 1118.4 1784.9 1
6 3 152.1 479.5 1
6 9 1333.8 2017.7 1
9 7 860.5 1385.1 1
2 8 260.3 654.1 1
6 8 378.2 607.1 1
5 2 1214.9 1290.1 1
4 6 811.7 1563.5 1
4 9 303.0 1039.0 1
4 9 330.2 725.7 1
9 8 568.3 1203.7 1
6 4 690.3 853.3 1
8 6 461.8 741.0 1
4 3 1500.3 1559.7 1
9 10 1190.0 1321.0 1
8 7 614.1 1088.1 1
7 1 120.3 575.9 1
1 3 1266.3 1476.6 1
6 3 1280.0 1594.2 1
8 3 264.2 658.1 1
4 6 1114.6 1729.7 1
6 9 1420.2 1989.8 1
9 4 72.7 800.8 1
7 8 1496.3 2218.5 1
6 3 1188.4 1518.4 1
7 5 355.5 1147.0 1
9 3 1153.4 1647.1 1
1 9 622.8 772.4 1
8 1 1159.8 1825.1 1
9 8 469.1 1098.1 1
9 7 936.7 1503.1 1
6 7 415.3 958.8 1
5 9 254.9 914.9 1
1 5 724.2 1296.1 1
8 6 1373.8 1826.1 1
2 1 1260.0 1942.0 1
1 7 645.0 933.2 1
4 6 1422.6 2121.4 1
0 3 308.8 962.0 1
1 10 12.7 237.8 1
7 8 150.9 284.4 1
9 6 148.7 899.3 1
3 10 54.2 375.0 1
EOF
