NUM_STATIONS: 10
NUM_REQUESTS: 20
NUM_VEHICLES: 2
VEHICLE_CAPACITY: 8
DISTANCES
0 1 10.0
1 2 3.1
2 3 7.4
3 4 2.1
4 5 5.5
5 6 6.0
6 7 3.5
7 8 7.1
8 9 7.6
9 0 5.4
REQUEST_SECTION
4 9 66.9 162.4 1
8 3 64.5 175.9 1
4 3 38.9 104.2 1
5 2 57.4 136.6 1
7 5 41.4 129.1 1
3 6 16.3 97.0 1
9 4 36.3 135.0 1
5 4 37.2 108.1 1
7 6 63.8 144.6 1
5 4 7.2 97.4 1
6 8 56.6 164.4 1
3 1 50.6 131.8 1
3 10 41.5 101.9 1
8 9 48.6 157.6 1
8 3 26.2 131.8 1
3 2 5.3 91.3 1
0 3 59.1 139.2 1
1 3 33.8 115.0 1
7 5 52.0 110.8 1
8 7 1.2 97.3 1
EOF
