NUM_STATIONS: 10
NUM_REQUESTS: 80
NUM_VEHICLES: 2
VEHICLE_CAPACITY: 2
DISTANCES
0 1 2.4
1 2 8.8
2 3 9.2
3 4 4.4
4 5 2.3
5 6 10.0
6 7 6.1
7 8 3.9
8 9 6.9
9 0 4.1
REQUEST_SECTION
4 2 569.5 1067.9 1
1 6 563.2 872.1 1
9 8 49.8 526.4 1
7 1 128.2 193.3 1
1 5 264.8 485.6 1
5 9 667.4 1114.9 1
1 5 498.8 806.1 1
5 6 382.2 647.8 1
2 8 171.1 272.4 1
6 1 176.7 338.4 1
5 3 633.4 976.9 1
2 7 851.9 1295.8 1
5 9 191.7 281.9 1
0 2 408.9 853.3 1
1 8 596.8 979.8 1
7 10 324.8 616.3 1
1 3 52.7 617.3 1
5 3 433.4 893.2 1
2 5 582.0 778.8 1
4 8 869.3 1441.8 1
2 4 438.3 497.1 1
4 2 305.5 686.8 1
7 10 275.5 335.0 1
5 6 218.2 543.3 1
5 9 744.1 1082.0 1
7 6 47.4 568.6 1
1 5 156.6 634.7 1
1 2 837.5 1082.9 1
9 1 430.8 632.6 1
3 7 483.2 725.7 1
7 2 287.2 827.5 1
1 7 782.1 1399.7 1
3 8 486.2 608.2 1
1 5 693.0 835.0 1
1 8 83.3 200.1 1
3 9 365.8 555.2 1
1 10 633.5 896.9 1
7 2 810.8 1337.4 1
3 6 813.5 912.4 1
8 7 215.4 278.8 1
1 2 139.4 752.9 1
0 7 569.7 820.9 1
0 3 353.6 446.8 1
0 4 305.8 697.7 1
6 5 475.9 787.8 1
5 8 572.5 1147.6 1
1 10 265.6 815.5 1
5 6 849.8 1192.5 1
4 7 238.4 490.6 1
8 9 182.7 257.3 1
5 8 770.1 1372.5 1
6 7 679.1 852.5 1
0 8 643.6 873.9 1
1 9 758.2 1147.5 1
0 5 191.7 533.3 1
0 4 97.0 276.4 1
4 9 665.4 1193.6 1
3 1 270.6 387.0 1
7 2 618.9 1164.5 1
5 8 350.2 937.2 1
2 10 133.6 504.4 1
7 9 246.7 368.1 1
8 5 587.6 1033.4 1
5 6 592.0 657.5 1
8 2 322.7 560.3 1
5 2 605.8 1092.1 1
5 1 87.4 598.4 1
8 7 189.5 608.6 1
3 7 289.1 753.3 1
4 7 712.8 860.7 1
6 4 442.2 800.6 1
9 7 268.0 858.2 1
9 3 295.4 504.7 1
9 5 540.0 930.7 1
9 10 810.2 1330.0 1
8 10 128.3 462.6 1
9 6 110.5 384.5 1
3 9 193.6 753.0 1
2 9 27.4 526.1 1
2 4 754.4 939.4 1
EOF
