NUM_STATIONS: 10
NUM_REQUESTS: 160
NUM_VEHICLES: 2
VEHICLE_CAPACITY: 1
DISTANCES
0 1 3.6
1 2 7.3
2 3 7.4
3 4 1.6
4 5 9.1
5 6 1.1
6 7 5.1
7 8 5.3
8 9 9.0
9 0 2.6
REQUEST_SECTION
0 6 554.9 2705.4 1
6 7 2151.2 2282.8 1
7 6 2601.5 3061.9 1
0 1 626.4 2693.2 1
4 3 1930.0 4371.6 1
6 10 597.8 3739.6 1
5 2 2122.0 3047.6 1
1 3 4177.5 4517.9 1
0 6 2029.6 3595.4 1
6 1 3653.1 4664.8 1
4 5 1810.7 3619.8 1
6 2 3391.1 4036.1 1
3 4 346.4 2150.4 1
3 4 1818.5 2094.1 1
7 9 1422.2 3284.4 1
9 3 2101.7 2202.0 1
9 7 2144.4 4397.6 1
4 8 943.3 2499.0 1
3 7 1883.2 2609.9 1
2 3 3196.2 4681.9 1
0 7 1028.4 1435.7 1
1 5 3357.7 4597.1 1
8 2 2761.5 4257.0 1
5 3 2553.7 4337.3 1
5 9 3856.2 5827.3 1
1 6 2071.9 3463.9 1
1 6 255.8 2942.4 1
4 2 236.1 1740.2 1
5 3 1807.4 3076.7 1
4 7 593.1 3402.7 1
6 5 2437.6 4026.8 1
3 7 3836.9 4123.6 1
5 3 523.7 1777.3 1
4 9 3988.9 7157.6 1
2 6 3195.2 5899.7 1
8 4 3078.0 3812.3 1
0 3 587.4 1556.9 1
8 9 2110.1 2383.5 1
9 5 2702.4 5758.0 1
5 7 3479.2 5142.0 1
1 5 3614.6 4279.7 1
6 8 3521.4 3920.9 1
3 8 3318.9 4732.3 1
8 5 2000.3 4720.6 1
3 10 2142.6 4729.9 1
8 7 3041.0 3409.5 1
9 4 1829.8 1903.6 1
6 2 846.1 2402.2 1
9 7 3498.2 4690.9 1
0 8 4170.3 7119.7 1
3 9 3119.9 5440.2 1
7 10 881.5 3243.5 1
7 3 4001.7 4412.5 1
4 1 225.4 3079.7 1
1 3 912.2 3351.5 1
4 9 3936.9 5214.8 1
6 7 1334.1 2835.9 1
3 9 1995.0 4918.4 1
1 5 851.9 3639.0 1
9 7 3085.6 5076.2 1
4 8 3244.2 5529.6 1
7 10 3188.2 4093.1 1
2 9 2291.2 3743.2 1
8 1 2723.6 4648.2 1
1 7 3321.6 4786.2 1
8 5 773.8 925.3 1
7 3 1507.3 2203.7 1
3 5 1529.1 3879.8 1
0 5 3296.2 5072.5 1
9 4 3295.9 3616.3 1
5 8 3808.1 5483.4 1
9 8 1040.1 2674.2 1
6 9 2402.9 4955.3 1
8 1 2071.8 4652.9 1
6 7 2702.8 3819.8 1
6 1 2206.3 5198.2 1
3 5 3998.1 4515.4 1
4 7 1464.3 2563.6 1
6 3 1417.2 3925.5 1
4 5 2466.4 4717.0 1
0 1 1787.8 3741.8 1
8 5 3671.9 5247.6 1
3 4 1474.8 2487.5 1
2 6 1709.5 4370.9 1
9 4 36.0 2364.6 1
6 8 2407.0 3374.4 1
6 2 164.0 1878.0 1
7 2 397.3 703.7 1
1 8 838.8 3216.7 1
9 5 2188.9 2726.1 1
6 2 1075.9 3256.9 1
1 5 2389.9 5222.8 1
5 4 284.5 1348.3 1
8 10 521.1 2564.0 1
3 6 70.6 2156.1 1
5 2 1566.1 4664.4 1
6 3 1867.0 4902.0 1
4 6 4047.8 6798.5 1
5 7 1042.2 3277.2 1
2 3 2424.3 4249.1 1
4 9 1145.0 4101.7 1
4 1 3412.1 5230.7 1
5 6 2931.7 5359.1 1
5 10 3565.8 4414.5 1
8 9 199.9 3366.1 1
3 5 3004.7 5372.1 1
3 8 3989.5 5258.3 1
7 8 2612.1 4077.9 1
4 8 1706.2 3628.4 1
1 6 1049.8 4014.2 1
3 9 2381.4 3466.5 1
0 8 1645.1 3246.7 1
0 5 3523.5 5959.1 1
1 8 3671.0 4150.3 1
3 6 1497.5 3747.5 1
7 1 623.9 1837.7 1
7 1 2176.2 4079.5 1
4 1 1840.2 3012.1 1
1 2 3237.1 5846.6 1
8 5 3869.0 4116.5 1
6 4 1038.8 2360.7 1
3 6 3217.3 5592.4 1
2 8 1818.1 3819.8 1
6 1 1979.8 3664.5 1
6 10 2313.7 3894.1 1
0 2 1781.2 3011.7 1
0 1 3200.7 5667.3 1
3 9 274.7 1147.8 1
2 8 3715.4 5226.0 1
4 5 2350.6 4599.2 1
1 5 3213.1 4217.0 1
4 2 1753.0 3660.6 1
1 3 4041.7 5078.9 1
1 3 3806.2 5541.9 1
6 1 3838.3 6950.8 1
8 9 3125.3 4594.1 1
7 6 901.7 4051.5 1
1 7 3746.7 6157.9 1
6 1 750.3 1400.1 1
4 6 3912.1 6765.4 1
3 9 1515.6 3668.0 1
2 9 3668.1 5423.2 1
6 9 646.7 2485.2 1
2 4 3520.4 4115.7 1
9 6 577.7 2682.4 1
1 6 2117.4 3254.1 1
3 2 1464.6 1965.0 1
4 1 3023.7 4577.8 1
8 9 465.1 3183.3 1
4 3 918.2 2137.8 1
7 5 2396.1 2970.0 1
3 5 3283.9 4195.2 1
6 7 2693.8 5591.6 1
9 5 3552.6 6016.7 1
6 5 1877.7 3692.0 1
3 8 3595.2 4499.8 1
4 9 4079.3 7185.5 1
4 10 1520.3 2836.8 1
6 8 286.9 3427.5 1
3 1 850.4 1006.6 1
EOF
