NUM_STATIONS: 10
NUM_REQUESTS: 40
NUM_VEHICLES: 2
VEHICLE_CAPACITY: 2
DISTANCES
0 1 2.8
1 2 2.9
2 3 8.4
3 4 7.3
4 5 6.1
5 6 1.6
6 7 8.4
7 8 7.7
8 9 3.2
9 0 1.5
REQUEST_SECTION
4 8 283.2 579.5 1
3 10 200.2 448.4 1
6 4 184.6 528.9 1
1 6 187.3 476.4 1
0 4 305.2 486.7 1
5 3 401.0 452.9 1
6 9 253.3 619.8 1
1 10 148.6 203.7 1
1 9 370.8 483.9 1
0 6 398.6 611.0 1
6 9 355.4 606.9 1
5 6 470.3 884.4 1
9 3 483.5 819.4 1
6 2 197.1 574.7 1
9 3 280.8 655.2 1
0 2 43.9 408.1 1
9 5 198.7 479.5 1
7 4 376.5 443.7 1
1 5 146.8 566.7 1
5 4 334.8 594.0 1
8 5 439.6 524.8 1
7 6 0.6 391.1 1
4 1 3.4 274.8 1
4 10 331.7 424.3 1
7 5 392.9 496.2 1
1 10 68.3 460.4 1
3 5 496.5 882.9 1
2 5 28.9 287.4 1
6 8 445.8 722.8 1
4 7 50.3 409.5 1
9 1 106.3 269.0 1
6 3 482.3 786.0 1
8 9 202.3 316.7 1
6 3 468.5 597.6 1
5 2 420.0 695.6 1
8 5 440.3 595.3 1
7 9 51.0 446.7 1
5 4 56.3 303.0 1
0 2 6.5 397.0 1
2 4 13.3 98.8 1
EOF
