NUM_STATIONS: 10
NUM_REQUESTS: 20
NUM_VEHICLES: 2
VEHICLE_CAPACITY: 1
DISTANCES
0 1 6.6
1 2 8.7
2 3 5.9
3 4 9.0
4 5 3.2
5 6 7.2
6 7 4.7
7 8 8.2
8 9 3.5
9 0 6.8
REQUEST_SECTION
3 5 375.4 848.1 1
1 7 170.3 416.6 1
4 5 103.4 631.1 1
0 6 223.9 578.3 1
1 7 28.1 218.4 1
6 7 458.0 751.2 1
0 8 17.7 421.8 1
1 4 466.7 935.6 1
0 5 91.2 603.2 1
6 1 430.6 635.6 1
0 8 47.1 434.4 1
8 2 289.7 574.0 1
8 2 279.1 720.1 1
4 1 20.7 281.3 1
4 7 82.4 619.8 1
5 10 315.7 629.5 1
7 3 49.8 577.4 1
6 2 324.7 744.8 1
0 8 73.2 152.7 1
5 8 379.1 761.3 1
EOF
