NUM_STATIONS: 10
NUM_REQUESTS: 80
NUM_VEHICLES: 3
VEHICLE_CAPACITY: 4
DISTANCES
0 1 7.9
1 2 8.1
2 3 2.5
3 4 7.9
4 5 2.3
5 6 7.4
6 7 8.2
7 8 1.4
8 9 7.4
9 0 3.5
REQUEST_SECTION
9 4 179.7 317.8 1
8 6 37.4 231.7 1
1 2 122.7 284.0 1
8 4 228.0 434.0 1
2 7 99.6 232.3 1
1 8 199.1 258.4 1
5 7 60.6 200.2 1
1 9 38.7 258.6 1
1 4 249.4 444.9 1
4 6 114.2 245.4 1
0 8 249.7 349.3 1
7 6 189.5 381.2 1
7 6 153.3 290.2 1
4 10 121.8 319.2 1
8 2 115.7 223.5 1
1 4 166.8 239.2 1
2 8 72.5 178.9 1
0 3 197.6 334.4 1
8 6 121.7 278.5 1
8 1 104.6 246.5 1
9 8 237.4 481.6 1
6 3 113.9 278.0 1
2 4 100.4 211.7 1
3 10 186.1 321.0 1
5 6 257.4 424.2 1
5 6 58.5 216.1 1
2 9 23.4 264.0 1
6 8 220.3 306.9 1
9 10 120.3 290.4 1
5 8 18.1 156.7 1
0 5 99.6 180.1 1
2 4 243.7 315.7 1
3 9 236.4 435.8 1
0 3 185.3 396.6 1
5 6 202.2 346.5 1
5 10 168.3 324.2 1
4 8 248.9 405.8 1
9 4 130.0 277.6 1
1 9 37.7 115.8 1
0 9 171.1 350.5 1
6 3 278.9 515.4 1
0 1 124.7 252.1 1
8 1 56.4 286.2 1
3 9 130.4 263.8 1
4 2 88.5 238.3 1
5 10 103.7 286.4 1
9 2 279.0 508.1 1
2 5 85.6 267.0 1
3 4 114.2 186.1 1
3 1 211.8 442.3 1
3 2 147.9 374.5 1
4 3 26.6 164.7 1
1 4 135.4 239.0 1
2 7 116.7 246.7 1
1 9 250.0 335.3 1
0 6 142.2 245.6 1
5 2 96.5 229.7 1
8 2 193.1 332.0 1
8 4 260.3 363.0 1
2 4 114.8 292.6 1
6 8 257.8 357.6 1
2 9 58.1 134.1 1
2 8 170.5 231.2 1
1 8 4.4 205.1 1
9 7 110.8 202.0 1
6 2 109.0 310.3 1
2 8 281.2 464.0 1
0 4 179.1 257.3 1
7 10 12.8 100.8 1
2 4 128.7 365.9 1
6 1 240.7 472.2 1
5 2 9.4 143.5 1
6 8 172.6 281.7 1
7 5 46.9 154.4 1
8 10 238.0 373.6 1
5 2 129.8 295.5 1
9 7 95.2 286.8 1
7 6 28.8 164.6 1
4 9 112.0 188.7 1
3 10 73.5 291.9 1
EOF
