NUM_STATIONS: 10
NUM_REQUESTS: 80
NUM_VEHICLES: 1
VEHICLE_CAPACITY: 1
DISTANCES
0 1 9.9
1 2 5.8
2 3 2.8
3 4 4.2
4 5 8.2
5 6 9.6
6 7 7.3
7 8 4.0
8 9 8.9
9 0 4.1
REQUEST_SECTION
8 2 3638.3 4281.1 1
3 8 3398.4 4432.1 1
0 4 79.0 3520.8 1
4 8 2901.5 5546.3 1
7 10 1378.9 2020.0 1
4 1 188.3 1511.3 1
1 9 2339.8 5830.0 1
3 6 3779.2 6341.8 1
5 9 504.7 3125.1 1
9 5 397.5 1180.9 1
1 7 2673.7 4281.1 1
7 3 2888.8 4610.1 1
9 7 1096.0 2274.1 1
1 6 638.4 2740.6 1
5 3 3753.7 4202.2 1
0 4 3121.7 4876.4 1
7 1 2407.8 4078.7 1
0 4 2761.4 3296.2 1
2 9 1801.0 4822.1 1
0 6 952.0 1600.7 1
0 9 1483.6 2468.6 1
4 10 1385.2 3211.3 1
2 5 2983.7 5452.2 1
1 10 1495.1 3630.7 1
7 10 53.4 1977.2 1
2 10 3096.4 6684.9 1
3 8 1324.0 2898.5 1
5 8 2870.3 3109.8 1
6 8 224.7 2973.0 1
6 5 3260.8 5765.3 1
5 10 3866.4 7387.8 1
2 8 540.5 1880.2 1
8 9 660.4 1507.0 1
2 7 2299.5 2366.0 1
4 6 1763.9 2949.6 1
5 8 3832.6 5725.9 1
9 8 1040.1 3777.2 1
3 1 2963.9 5921.4 1
3 4 318.6 4269.8 1
2 6 2272.3 5950.2 1
4 9 3111.1 4538.0 1
7 5 301.0 2782.0 1
6 4 2735.8 3430.5 1
7 3 2568.2 2854.3 1
5 10 532.2 3514.9 1
3 8 3290.8 6491.5 1
9 6 2160.7 5325.6 1
5 1 3718.0 4854.1 1
8 4 388.0 1352.9 1
0 5 2398.1 5743.0 1
5 10 1487.4 3634.1 1
7 5 3782.7 7132.0 1
6 10 2314.6 2388.6 1
6 1 3878.5 4912.4 1
2 6 2472.2 2593.0 1
4 5 3252.9 4398.9 1
7 3 1498.7 4753.4 1
0 4 2202.3 5145.9 1
0 9 3130.4 6613.8 1
4 10 1104.4 2676.7 1
2 1 3857.8 5092.7 1
1 10 3641.0 3965.4 1
0 7 3414.8 5025.4 1
0 4 3036.0 6723.2 1
2 6 2729.6 6210.1 1
6 8 3564.5 5591.5 1
7 9 3587.7 6516.0 1
0 1 2908.3 6479.8 1
3 6 2822.2 4246.8 1
5 1 3205.0 6904.2 1
1 8 3077.4 6335.3 1
7 5 3650.0 5423.0 1
3 2 1775.5 2172.0 1
2 5 3521.6 5818.7 1
4 2 3722.9 7094.5 1
7 10 3569.0 5064.7 1
3 7 3392.7 6707.3 1
4 6 3448.6 4786.0 1
1 2 1809.7 3508.6 1
1 8 2640.7 4067.9 1
EOF
