NUM_STATIONS: 10
NUM_REQUESTS: 40
NUM_VEHICLES: 1
VEHICLE_CAPACITY: 1
DISTANCES
0 1 5.8
1 2 5.9
2 3 5.5
3 4 4.6
4 5 6.6
5 6 8.5
6 7 2.2
7 8 4.0
8 9 2.7
9 0 5.9
REQUEST_SECTION
5 3 94.3 930.0 1
6 3 333.6 905.9 1
4 5 177.0 1162.0 1
3 7 539.4 961.6 1
8 3 176.9 475.6 1
2 5 1488.9 2239.3 1
2 8 1337.6 2174.7 1
4 7 1228.9 1793.3 1
9 1 1236.3 1432.0 1
2 4 1297.0 2346.5 1
1 10 1422.1 1981.5 1
7 2 868.0 1644.1 1
5 4 1549.0 1670.6 1
2 8 46.6 764.1 1
2 5 15.3 996.2 1
8 3 540.5 848.4 1
6 2 693.7 1088.5 1
9 5 1377.0 2207.4 1
5 8 342.4 459.5 1
6 9 916.0 1632.6 1
3 2 235.0 858.3 1
7 2 1217.7 1614.6 1
3 5 291.6 1204.2 1
9 2 1524.5 2277.9 1
9 5 892.7 1124.0 1
5 3 965.0 1272.1 1
5 9 1068.1 1819.3 1
1 9 589.7 689.9 1
0 4 960.8 1943.1 1
3 5 592.4 1331.7 1
8 7 944.1 1029.4 1
3 4 305.8 556.6 1
7 2 1345.4 1909.7 1
9 8 694.4 1409.3 1
4 6 462.0 1320.1 1
2 3 751.7 1399.7 1
2 9 1430.5 1909.0 1
3 1 485.6 733.9 1
4 2 1224.6 1297.9 1
3 8 1048.3 1702.5 1
EOF
