NUM_STATIONS: 10
NUM_REQUESTS: 40
NUM_VEHICLES: 2
VEHICLE_CAPACITY: 8
DISTANCES
0 1 3.4
1 2 6.2
2 3 7.9
3 4 7.1
4 5 5.2
5 6 1.5
6 7 5.2
7 8 1.2
8 9 5.0
9 0 2.1
REQUEST_SECTION
3 7 12.8 102.2 1
4 5 64.4 147.7 1
4 5 22.6 93.8 1
2 9 49.0 148.1 1
4 6 39.7 139.2 1
2 7 76.0 170.1 1
2 4 74.3 173.9 1
5 6 13.2 81.4 1
4 1 18.0 105.8 1
0 7 61.1 112.8 1
6 3 15.6 93.1 1
0 2 11.1 69.4 1
9 3 18.1 76.0 1
7 6 24.3 96.3 1
7 5 18.7 78.8 1
3 7 8.2 107.2 1
4 2 82.9 158.4 1
0 9 78.7 139.5 1
2 3 81.9 147.4 1
2 9 23.5 87.9 1
0 4 1.1 51.4 1
2 10 2.8 100.1 1
2 6 60.9 130.1 1
8 4 68.1 143.1 1
3 7 14.5 70.1 1
0 1 64.3 135.9 1
7 1 44.7 134.7 1
8 4 10.5 106.6 1
0 3 25.1 93.4 1
9 7 10.6 93.5 1
0 4 71.7 158.7 1
7 2 39.5 113.9 1
8 6 71.1 150.6 1
4 10 81.8 172.4 1
9 6 23.7 83.8 1
1 5 47.3 100.9 1
4 2 58.8 130.4 1
3 5 22.0 68.9 1
9 7 34.2 106.0 1
5 7 29.6 74.7 1
EOF
