NUM_STATIONS: 10
NUM_REQUESTS: 20
NUM_VEHICLES: 2
VEHICLE_CAPACITY: 8
DISTANCES
0 1 8.9
1 2 4.6
2 3 7.4
3 4 8.4
4 5 9.1
5 6 4.1
6 7 8.9
7 8 3.5
8 9 7.1
9 0 5.5
REQUEST_SECTION
2 3 67.5 169.8 1
4 1 70.9 152.1 1
1 10 32.0 136.3 1
5 4 31.7 123.5 1
6 5 30.7 132.9 1
0 8 43.0 117.4 1
2 9 70.1 142.3 1
9 1 35.1 127.4 1
2 3 62.3 130.3 1
5 9 28.6 113.9 1
6 4 80.2 176.3 1
5 1 7.6 115.0 1
8 4 81.6 152.7 1
8 1 69.4 177.4 1
9 2 10.5 101.0 1
5 8 9.6 104.8 1
3 5 47.1 154.9 1
8 1 73.7 141.9 1
4 9 59.6 144.1 1
6 4 11.7 102.6 1
EOF
