NUM_STATIONS: 10
NUM_REQUESTS: 20
NUM_VEHICLES: 2
VEHICLE_CAPACITY: 1
DISTANCES
0 1 8.3
1 2 2.5
2 3 8.9
3 4 6.4
4 5 8.5
5 6 5.9
6 7 7.6
7 8 9.1
8 9 7.1
9 0 6.5
REQUEST_SECTION
4 1 439.7 1028.3 1
9 3 243.5 611.1 1
9 10 431.8 979.3 1
7 2 434.5 782.1 1
9 1 532.0 789.1 1
4 2 520.3 796.1 1
1 10 336.0 527.9 1
1 5 696.2 1269.3 1
5 7 22.7 287.3 1
6 7 404.6 961.3 1
2 1 525.1 1093.9 1
0 3 48.8 534.9 1
8 5 27.3 335.7 1
0 6 60.3 605.3 1
3 2 603.3 1035.9 1
1 2 702.7 990.4 1
0 9 263.4 642.3 1
2 5 689.0 914.1 1
2 1 491.1 770.0 1
9 8 115.8 709.7 1
EOF
