NUM_STATIONS: 10
NUM_REQUESTS: 80
NUM_VEHICLES: 1
VEHICLE_CAPACITY: 4
DISTANCES
0 1 2.4
1 2 8.8
2 3 9.2
3 4 4.4
4 5 2.3
5 6 10.0
6 7 6.1
7 8 3.9
8 9 6.9
9 0 4.1
REQUEST_SECTION
4 2 228.9 483.0 1
1 6 412.5 876.2 1
9 8 990.1 1186.7 1
7 1 989.5 1186.9 1
1 5 295.0 694.4 1
5 9 242.2 730.1 1
1 5 801.9 1166.2 1
5 6 583.9 1199.6 1
2 8 475.2 642.6 1
6 1 227.2 541.5 1
5 3 570.3 1048.9 1
2 7 193.0 282.5 1
5 9 369.8 720.6 1
0 2 270.3 352.4 1
1 8 665.3 1169.8 1
7 10 394.6 502.9 1
1 3 170.2 516.9 1
5 3 66.5 381.0 1
2 5 1041.6 1563.2 1
4 8 643.0 1072.6 1
2 4 717.6 1112.7 1
4 2 798.1 1338.3 1
7 10 206.5 732.7 1
5 6 455.0 663.2 1
5 9 217.9 326.5 1
7 6 1158.4 1762.1 1
1 5 150.5 748.2 1
1 2 741.6 811.9 1
9 1 407.7 682.1 1
3 7 501.0 1096.4 1
7 2 953.5 1217.6 1
1 7 631.4 1111.2 1
3 8 70.2 436.2 1
1 5 970.7 1533.9 1
1 8 189.4 747.7 1
3 9 256.4 725.1 1
1 10 329.0 819.9 1
7 2 474.0 1060.7 1
3 6 619.6 1241.1 1
8 7 192.7 412.9 1
1 2 781.0 991.8 1
0 7 917.5 1552.3 1
0 3 581.7 1068.4 1
0 4 1047.4 1572.8 1
6 5 427.9 1062.4 1
5 8 305.7 509.7 1
1 10 810.4 964.0 1
5 6 863.8 1141.2 1
4 7 1079.9 1555.9 1
8 9 106.9 172.9 1
5 8 934.3 1125.2 1
6 7 814.8 960.4 1
0 8 434.8 1053.5 1
1 9 1132.0 1438.3 1
0 5 770.5 1145.6 1
0 4 573.0 787.5 1
4 9 425.7 745.1 1
3 1 721.3 1194.1 1
7 2 602.1 1040.7 1
5 8 805.2 1118.4 1
2 10 591.2 763.5 1
7 9 546.8 632.8 1
8 5 437.6 1035.5 1
5 6 1159.0 1286.3 1
8 2 896.9 1100.9 1
5 2 600.8 697.1 1
5 1 578.3 700.0 1
8 7 722.5 977.0 1
3 7 50.3 124.8 1
4 7 308.5 940.2 1
6 4 6.0 336.5 1
9 7 954.5 1090.0 1
9 3 939.2 1164.9 1
9 5 950.7 1224.0 1
9 10 731.2 1132.4 1
8 10 618.3 1037.4 1
9 6 1094.1 1577.3 1
3 9 87.5 434.9 1
2 9 654.3 1167.9 1
2 4 166.6 622.2 1
EOF
