NUM_STATIONS: 10
NUM_REQUESTS: 80
NUM_VEHICLES: 2
VEHICLE_CAPACITY: 8
DISTANCES
0 1 7.9
1 2 8.1
2 3 2.5
3 4 7.9
4 5 2.3
5 6 7.4
6 7 8.2
7 8 1.4
8 9 7.4
9 0 3.5
REQUEST_SECTION
9 4 41.5 232.0 1
8 6 229.1 416.1 1
1 2 135.4 282.4 1
8 4 180.0 352.7 1
2 7 110.4 291.4 1
1 8 174.6 357.6 1
5 7 216.2 279.4 1
1 9 9.9 144.1 1
1 4 37.7 207.3 1
4 6 180.3 353.4 1
0 8 2.6 88.2 1
7 6 260.3 414.8 1
7 6 172.7 326.5 1
4 10 242.3 436.9 1
8 2 212.0 339.5 1
1 4 37.9 203.6 1
2 8 45.6 222.4 1
0 3 114.6 285.7 1
8 6 19.3 122.0 1
8 1 172.5 319.0 1
9 8 71.9 243.8 1
6 3 246.2 307.3 1
2 4 120.9 253.5 1
3 10 4.2 142.5 1
5 6 44.0 150.9 1
5 6 69.1 234.3 1
2 9 43.5 106.0 1
6 8 280.2 417.8 1
9 10 59.5 204.4 1
5 8 136.4 316.0 1
0 5 148.9 276.1 1
2 4 13.2 160.3 1
3 9 212.9 331.1 1
0 3 198.4 302.6 1
5 6 143.3 222.5 1
5 10 13.7 117.5 1
4 8 182.2 330.7 1
9 4 281.0 459.9 1
1 9 23.2 194.8 1
0 9 101.4 207.8 1
6 3 121.5 276.6 1
0 1 245.2 376.7 1
8 1 67.4 248.4 1
3 9 165.7 262.1 1
4 2 35.0 123.2 1
5 10 88.4 227.0 1
9 2 158.4 301.3 1
2 5 272.8 393.5 1
3 4 176.0 353.6 1
3 1 140.1 248.5 1
3 2 127.8 244.0 1
4 3 101.5 290.6 1
1 4 208.6 279.9 1
2 7 20.4 132.5 1
1 9 278.5 384.8 1
0 6 251.4 400.4 1
5 2 242.4 351.0 1
8 2 37.2 163.0 1
8 4 105.2 252.8 1
2 4 54.2 196.8 1
6 8 65.1 135.2 1
2 9 215.0 288.4 1
2 8 17.7 138.2 1
1 8 82.2 175.4 1
9 7 247.1 310.2 1
6 2 67.0 236.1 1
2 8 131.8 283.7 1
0 4 30.3 87.7 1
7 10 33.0 185.8 1
2 4 238.7 386.0 1
6 1 85.6 270.5 1
5 2 165.7 334.8 1
6 8 211.6 365.9 1
7 5 89.1 154.0 1
8 10 161.5 293.5 1
5 2 127.3 307.6 1
9 7 230.4 376.9 1
7 6 252.8 384.5 1
4 9 42.5 229.2 1
3 10 163.8 310.5 1
EOF
