NUM_STATIONS: 10
NUM_REQUESTS: 80
NUM_VEHICLES: 2
VEHICLE_CAPACITY: 8
DISTANCES
0 1 5.3
1 2 5.1
2 3 4.1
3 4 5.8
4 5 8.8
5 6 4.0
6 7 7.4
7 8 2.6
8 9 6.4
9 0 5.7
REQUEST_SECTION
7 4 200.6 363.0 1
7 1 164.9 292.2 1
9 2 115.8 325.8 1
2 9 197.9 414.5 1
6 10 28.6 198.8 1
0 9 85.9 195.2 1
6 8 134.9 312.4 1
2 3 47.4 120.5 1
4 7 63.5 215.8 1
1 4 79.9 196.8 1
5 9 93.0 193.6 1
7 1 15.5 72.7 1
5 3 46.5 196.8 1
4 10 161.7 261.4 1
0 1 157.8 409.4 1
8 9 56.9 317.7 1
8 2 41.0 235.3 1
8 4 199.9 362.3 1
1 5 57.8 135.1 1
5 3 151.1 361.3 1
8 2 181.6 411.2 1
3 6 136.9 247.6 1
5 4 32.4 132.2 1
7 9 174.7 251.2 1
3 5 139.5 208.4 1
7 8 132.1 393.3 1
0 8 51.2 178.1 1
9 2 108.3 369.0 1
1 6 162.3 358.9 1
4 7 7.1 221.0 1
0 7 196.0 368.2 1
5 7 166.8 343.8 1
4 7 177.4 298.5 1
1 6 60.2 186.9 1
0 9 138.6 301.1 1
8 9 25.4 187.2 1
2 5 57.9 114.3 1
1 10 150.5 309.0 1
3 2 194.0 277.6 1
9 6 33.8 136.2 1
7 8 16.7 168.3 1
6 8 150.6 294.6 1
6 3 23.2 175.6 1
0 6 81.3 238.9 1
1 6 97.7 257.5 1
0 7 115.0 235.2 1
6 3 151.4 339.6 1
3 2 36.3 94.6 1
8 10 2.4 166.9 1
6 3 165.0 424.8 1
9 8 103.5 352.7 1
1 6 108.5 194.5 1
3 2 77.7 171.0 1
2 5 89.2 299.7 1
6 1 179.3 235.5 1
9 4 101.3 319.7 1
7 9 162.1 245.6 1
1 2 106.0 217.6 1
8 4 54.3 147.3 1
3 7 31.8 159.1 1
1 8 5.4 259.0 1
3 5 102.6 295.1 1
6 4 193.6 449.4 1
5 9 54.6 288.7 1
4 3 25.1 113.0 1
1 8 36.3 225.1 1
0 9 91.1 270.4 1
9 5 100.7 208.1 1
2 9 125.9 244.2 1
6 2 51.1 281.4 1
9 1 148.1 357.6 1
9 3 59.6 249.1 1
5 2 94.2 215.8 1
8 10 104.4 208.2 1
3 7 170.3 299.7 1
7 5 89.3 335.2 1
0 5 121.7 355.0 1
6 1 135.8 327.2 1
7 1 59.6 242.4 1
3 9 23.6 134.7 1
EOF
