NUM_STATIONS: 10
NUM_REQUESTS: 40
NUM_VEHICLES: 1
VEHICLE_CAPACITY: 1
DISTANCES
0 1 4.3
1 2 4.7
2 3 7.7
3 4 5.3
4 5 3.2
5 6 1.5
6 7 9.1
7 8 3.7
8 9 3.4
9 0 3.5
REQUEST_SECTION
2 7 1135.7 2012.2 1
8 10 384.4 1454.4 1
4 9 923.5 1051.5 1
1 7 766.3 2037.4 1
9 5 648.7 1446.7 1
8 6 910.5 1365.0 1
2 6 1346.1 1479.7 1
6 5 354.7 740.9 1
4 9 64.9 707.6 1
6 9 155.7 880.3 1
1 5 1189.1 1885.5 1
3 8 595.4 1794.3 1
9 10 322.6 863.1 1
4 5 44.2 359.7 1
5 6 884.9 1649.6 1
3 9 1121.5 2561.4 1
5 7 222.5 463.3 1
0 5 331.2 494.5 1
5 10 1202.1 2441.2 1
0 2 760.9 2191.2 1
0 4 25.6 886.2 1
1 7 328.4 1643.4 1
0 3 659.8 847.3 1
9 3 742.0 2173.1 1
3 6 1045.2 1579.3 1
9 7 803.9 1426.4 1
4 7 83.9 164.2 1
2 5 1107.1 2363.3 1
2 5 1231.6 1921.8 1
0 4 481.4 1725.8 1
0 9 370.4 936.2 1
7 1 85.4 842.6 1
7 2 687.1 1344.4 1
1 9 1076.8 1402.4 1
2 7 421.1 900.6 1
9 8 610.1 1789.0 1
7 6 386.7 494.1 1
4 2 1358.0 2599.2 1
1 6 829.9 1553.4 1
4 1 284.8 702.2 1
EOF
