NUM_STATIONS: 10
NUM_REQUESTS: 20
NUM_VEHICLES: 3
VEHICLE_CAPACITY: 4
DISTANCES
0 1 5.2
1 2 3.6
2 3 9.0
3 4 5.2
4 5 4.6
5 6 6.8
6 7 9.5
7 8 9.5
8 9 7.9
9 0 8.3
REQUEST_SECTION
3 5 100.9 251.7 1
5 3 101.9 189.7 1
0 4 57.6 212.5 1
0 7 51.6 202.2 1
0 5 51.4 179.4 1
3 5 20.0 104.1 1
2 7 1.4 117.6 1
4 5 76.9 151.3 1
7 10 53.4 147.6 1
4 5 98.6 175.6 1
9 5 109.0 186.9 1
5 8 89.5 238.8 1
0 8 76.9 169.8 1
4 5 28.9 137.9 1
1 9 35.1 115.5 1
7 8 89.5 187.5 1
1 3 19.9 142.8 1
1 8 41.3 149.1 1
6 3 24.0 134.0 1
6 7 76.6 210.5 1
EOF
