NUM_STATIONS: 10
NUM_REQUESTS: 20
NUM_VEHICLES: 2
VEHICLE_CAPACITY: 4
DISTANCES
0 1 5.2
1 2 3.6
2 3 9.0
3 4 5.2
4 5 4.6
5 6 6.8
6 7 9.5
7 8 9.5
8 9 7.9
9 0 8.3
REQUEST_SECTION
3 5 117.1 263.6 1
5 3 34.0 135.9 1
0 4 9.3 88.2 1
0 7 53.2 152.2 1
0 5 50.8 136.6 1
3 5 3.0 77.7 1
2 7 15.9 130.2 1
4 5 108.0 195.2 1
7 10 34.9 155.5 1
4 5 45.6 169.2 1
9 5 61.4 163.9 1
5 8 57.9 206.5 1
0 8 126.0 250.6 1
4 5 5.7 99.3 1
1 9 75.3 230.5 1
7 8 54.8 202.9 1
1 3 40.7 137.4 1
1 8 95.6 199.7 1
6 3 73.6 164.6 1
6 7 19.9 138.5 1
EOF
