NUM_STATIONS: 10
NUM_REQUESTS: 80
NUM_VEHICLES: 3
VEHICLE_CAPACITY: 1
DISTANCES
0 1 7.9
1 2 8.1
2 3 2.5
3 4 7.9
4 5 2.3
5 6 7.4
6 7 8.2
7 8 1.4
8 9 7.4
9 0 3.5
REQUEST_SECTION
9 4 800.6 997.9 1
8 6 114.3 711.1 1
1 2 78.4 196.7 1
8 4 370.0 1003.6 1
2 7 397.6 540.1 1
1 8 106.5 441.1 1
5 7 394.1 564.3 1
1 9 632.4 893.9 1
1 4 753.1 1070.9 1
4 6 949.2 1671.7 1
0 8 341.5 800.5 1
7 6 524.5 611.4 1
7 6 1110.9 1419.0 1
4 10 752.6 998.3 1
8 2 49.6 590.7 1
1 4 616.2 930.9 1
2 8 146.8 698.1 1
0 3 711.2 1443.8 1
8 6 565.3 680.3 1
8 1 979.4 1336.2 1
9 8 246.7 810.4 1
6 3 658.3 1082.4 1
2 4 8.2 692.5 1
3 10 485.8 721.8 1
5 6 59.4 332.0 1
5 6 977.3 1676.0 1
2 9 603.0 1136.5 1
6 8 201.9 778.8 1
9 10 186.3 877.4 1
5 8 699.5 782.6 1
0 5 596.6 943.3 1
2 4 709.5 1140.5 1
3 9 537.8 702.8 1
0 3 827.8 1239.6 1
5 6 442.5 1074.7 1
5 10 131.7 602.1 1
4 8 655.3 1164.4 1
9 4 456.6 730.3 1
1 9 651.6 1399.7 1
0 9 777.7 1024.9 1
6 3 739.5 1169.6 1
0 1 378.4 984.3 1
8 1 347.6 631.2 1
3 9 670.7 739.2 1
4 2 1125.7 1469.5 1
5 10 616.0 1204.8 1
9 2 1051.6 1583.5 1
2 5 474.5 1179.6 1
3 4 203.8 710.0 1
3 1 921.3 1336.7 1
3 2 999.4 1785.7 1
4 3 955.1 1135.6 1
1 4 956.9 1703.3 1
2 7 850.6 1238.0 1
1 9 337.9 1093.6 1
0 6 18.7 467.5 1
5 2 123.1 415.3 1
8 2 545.8 652.2 1
8 4 246.7 308.5 1
2 4 626.6 1231.6 1
6 8 667.0 1371.4 1
2 9 1091.9 1863.9 1
2 8 505.7 595.1 1
1 8 205.1 942.6 1
9 7 94.1 712.2 1
6 2 1060.5 1854.6 1
2 8 28.8 688.1 1
0 4 1103.5 1704.1 1
7 10 944.3 1316.0 1
2 4 540.4 1080.0 1
6 1 365.3 924.6 1
5 2 285.9 927.7 1
6 8 519.1 1222.2 1
7 5 223.6 616.8 1
8 10 865.5 1298.1 1
5 2 72.0 181.7 1
9 7 527.8 1314.5 1
7 6 67.9 486.7 1
4 9 203.9 688.4 1
3 10 371.8 900.9 1
EOF
