NUM_STATIONS: 10
NUM_REQUESTS: 20
NUM_VEHICLES: 3
VEHICLE_CAPACITY: 2
DISTANCES
0 1 8.9
1 2 4.6
2 3 7.4
3 4 8.4
4 5 9.1
5 6 4.1
6 7 8.9
7 8 3.5
8 9 7.1
9 0 5.5
REQUEST_SECTION
2 3 3.9 72.7 1
4 1 25.0 152.0 1
1 10 38.1 158.8 1
5 4 109.4 186.3 1
6 5 42.9 191.7 1
0 8 109.1 243.1 1
2 9 167.9 281.4 1
9 1 129.8 304.3 1
2 3 152.3 242.7 1
5 9 67.1 173.3 1
6 4 163.7 233.1 1
5 1 106.6 224.9 1
8 4 118.6 207.8 1
8 1 59.8 172.5 1
9 2 151.0 254.4 1
5 8 68.1 176.8 1
3 5 78.3 239.2 1
8 1 68.0 158.3 1
4 9 25.8 98.3 1
6 4 45.1 119.1 1
EOF
