NUM_STATIONS: 10
NUM_REQUESTS: 40
NUM_VEHICLES: 3
VEHICLE_CAPACITY: 4
DISTANCES
0 1 5.8
1 2 5.9
2 3 5.5
3 4 4.6
4 5 6.6
5 6 8.5
6 7 2.2
7 8 4.0
8 9 2.7
9 0 5.9
REQUEST_SECTION
5 3 9.7 135.3 1
6 3 64.5 136.3 1
4 5 69.7 140.4 1
3 7 96.2 180.9 1
8 3 51.1 118.2 1
2 5 138.2 208.4 1
2 8 59.5 173.7 1
4 7 24.1 84.4 1
9 1 86.4 162.6 1
2 4 167.4 246.8 1
1 10 168.3 268.6 1
7 2 108.1 160.3 1
5 4 94.0 170.5 1
2 8 55.2 183.2 1
2 5 64.7 143.2 1
8 3 154.4 264.8 1
6 2 9.4 76.4 1
9 5 51.0 131.6 1
5 8 164.5 271.9 1
6 9 20.8 153.3 1
3 2 105.2 173.5 1
7 2 37.9 141.1 1
3 5 41.1 97.6 1
9 2 121.0 174.9 1
9 5 15.2 137.9 1
5 3 47.4 111.7 1
5 9 129.5 192.7 1
1 9 55.3 149.1 1
0 4 18.6 109.0 1
3 5 106.5 214.5 1
8 7 7.5 105.4 1
3 4 18.7 125.2 1
7 2 106.7 208.5 1
9 8 106.7 182.5 1
4 6 142.8 241.3 1
2 3 163.9 270.9 1
2 9 105.0 221.1 1
3 1 39.0 140.4 1
4 2 45.0 118.1 1
3 8 157.8 232.3 1
EOF
