NUM_STATIONS: 10
NUM_REQUESTS: 20
NUM_VEHICLES: 1
VEHICLE_CAPACITY: 8
DISTANCES
0 1 8.9
1 2 4.6
2 3 7.4
3 4 8.4
4 5 9.1
5 6 4.1
6 7 8.9
7 8 3.5
8 9 7.1
9 0 5.5
REQUEST_SECTION
2 3 14.8 110.3 1
4 1 82.3 155.1 1
1 10 97.9 225.8 1
5 4 85.1 174.6 1
6 5 1.3 73.6 1
0 8 87.3 187.2 1
2 9 54.6 166.8 1
9 1 67.2 146.5 1
2 3 158.5 292.4 1
5 9 6.1 144.9 1
6 4 77.0 219.5 1
5 1 25.1 102.8 1
8 4 30.6 172.4 1
8 1 34.8 122.9 1
9 2 121.3 200.5 1
5 8 1.6 114.7 1
3 5 71.0 151.5 1
8 1 160.3 288.9 1
4 9 162.1 307.4 1
6 4 81.2 200.8 1
EOF
