NUM_STATIONS: 10
NUM_REQUESTS: 160
NUM_VEHICLES: 2
VEHICLE_CAPACITY: 1
DISTANCES
0 1 3.3
1 2 8.6
2 3 9.8
3 4 4.8
4 5 3.7
5 6 5.0
6 7 1.8
7 8 2.0
8 9 1.3
9 0 2.7
REQUEST_SECTION
9 3 2055.1 3341.0 1
8 4 191.8 1589.6 1
4 8 1620.5 2397.5 1
6 3 715.6 3136.3 1
8 2 369.1 2192.3 1
7 2 2251.0 4245.1 1
8 1 1716.1 3128.2 1
6 4 3296.7 5173.5 1
7 2 3390.6 3745.7 1
2 6 2387.8 2460.9 1
3 7 2006.3 4320.7 1
8 4 2416.4 3114.5 1
0 8 1973.5 2467.1 1
8 10 2649.1 2799.2 1
8 2 2745.1 2978.8 1
4 2 1242.1 2281.0 1
3 5 1748.3 2927.3 1
5 7 1934.8 3233.4 1
3 7 694.8 791.3 1
7 4 3199.3 5425.0 1
6 7 1248.5 3477.6 1
3 7 1202.3 2055.1 1
5 2 1715.8 3808.1 1
4 7 1977.9 2102.6 1
3 5 1289.3 2507.3 1
1 3 2248.8 4533.1 1
9 10 2959.3 3599.7 1
3 6 2790.0 3748.7 1
3 7 1074.1 3309.6 1
7 10 72.5 1638.4 1
8 9 2888.2 3261.5 1
3 9 2958.6 3726.4 1
4 7 1579.5 2145.5 1
4 6 3060.4 3887.8 1
6 10 1450.5 1784.5 1
1 3 332.0 2768.5 1
8 7 2518.0 4882.8 1
8 10 2231.3 2731.2 1
2 1 682.1 1008.9 1
5 1 2127.0 3061.6 1
2 4 3154.4 5426.6 1
5 10 2554.7 3325.0 1
8 6 2311.2 3480.2 1
5 2 3376.8 4362.6 1
6 2 125.3 1289.2 1
5 4 3325.2 5397.4 1
0 9 2367.7 3776.4 1
3 4 54.6 437.1 1
0 2 2810.4 5197.7 1
9 7 2937.4 4984.4 1
8 3 3343.0 4130.7 1
1 4 2626.2 3216.9 1
3 1 1184.7 3084.5 1
2 7 666.4 2480.7 1
3 10 2806.4 2976.5 1
2 4 2082.4 3063.5 1
5 8 2595.1 3153.8 1
8 1 2299.7 3304.7 1
2 3 2996.2 3505.7 1
6 8 1471.5 3842.1 1
8 10 469.0 3076.3 1
6 8 2223.3 4329.6 1
2 6 291.5 1143.9 1
6 7 3337.2 5232.6 1
7 2 1672.6 2025.0 1
0 7 185.1 1184.9 1
3 5 2510.3 3025.5 1
4 5 1009.3 3342.0 1
5 2 2925.4 4472.3 1
5 4 1361.6 3584.2 1
5 3 2112.9 2410.9 1
3 10 1146.3 3623.2 1
6 7 1889.9 3757.3 1
2 9 3153.5 5595.8 1
1 8 1205.4 1373.0 1
0 1 2182.5 4150.2 1
2 9 1841.8 1936.4 1
9 5 2958.9 4181.1 1
6 5 2724.2 3837.2 1
3 7 603.0 3186.1 1
7 1 3066.8 5124.2 1
3 2 2948.7 3499.5 1
2 7 2047.0 2948.7 1
1 8 1070.7 1935.9 1
1 10 1536.6 2030.9 1
9 8 1571.6 2409.3 1
7 8 3007.2 4722.1 1
2 7 3008.1 3339.1 1
6 1 1712.0 1900.7 1
7 3 2612.0 3696.3 1
8 2 87.2 1495.3 1
2 6 1306.1 3477.3 1
8 6 2375.0 3416.5 1
1 3 699.8 1359.5 1
9 5 2137.9 3927.8 1
0 3 1160.6 1283.9 1
5 10 13.5 743.6 1
7 3 1499.4 1613.3 1
5 10 1729.7 2252.8 1
6 2 2513.7 2580.7 1
6 8 2909.2 4451.0 1
8 5 1227.4 2253.7 1
0 2 3152.2 3198.5 1
9 5 2046.8 2174.2 1
8 3 1129.1 1960.2 1
4 9 846.4 3171.2 1
4 9 2896.3 3014.2 1
1 6 2452.2 3090.9 1
9 4 2019.2 3082.9 1
9 6 139.0 914.7 1
0 2 1386.5 3627.8 1
6 8 1582.8 1884.0 1
6 2 1052.4 1969.1 1
2 6 2483.8 3271.9 1
6 3 1442.1 1725.2 1
7 3 2579.7 4229.2 1
3 9 1053.5 1880.8 1
6 10 2934.8 3070.2 1
3 2 318.0 1270.3 1
9 1 453.8 599.9 1
6 9 1028.3 3468.9 1
4 9 703.8 1103.8 1
3 9 2720.7 4938.3 1
8 5 3344.0 3910.5 1
4 5 2544.5 4502.4 1
0 4 1796.2 2840.1 1
5 8 5.9 1590.9 1
9 10 2830.3 4427.4 1
0 2 2843.0 3343.4 1
1 3 1524.7 1746.3 1
4 2 1175.4 2019.8 1
4 3 2898.4 5486.4 1
0 1 2074.5 2743.5 1
9 3 1701.4 4035.8 1
5 6 2656.1 4801.6 1
4 9 1383.8 3020.8 1
5 2 691.2 2829.6 1
0 6 857.4 2363.8 1
1 9 3029.4 3572.8 1
9 3 2667.6 3082.8 1
4 10 690.9 2117.8 1
2 7 2016.3 2071.6 1
5 1 1063.7 2330.3 1
3 10 3402.2 3726.6 1
3 6 439.6 1416.6 1
2 4 345.4 661.3 1
0 4 1027.0 1087.5 1
0 8 2637.9 2897.5 1
3 5 196.9 2057.1 1
0 3 2060.0 2695.5 1
3 8 1301.0 2399.2 1
4 9 2105.3 3219.2 1
3 10 1219.2 1876.5 1
6 3 2655.8 3338.7 1
7 3 548.7 1083.3 1
6 10 73.1 1688.1 1
9 7 1867.3 2653.3 1
0 6 3245.1 3900.3 1
6 5 885.3 3375.9 1
7 4 2760.8 3664.2 1
EOF
