NUM_STATIONS: 10
NUM_REQUESTS: 40
NUM_VEHICLES: 2
VEHICLE_CAPACITY: 8
DISTANCES
0 1 4.3
1 2 4.7
2 3 7.7
3 4 5.3
4 5 3.2
5 6 1.5
6 7 9.1
7 8 3.7
8 9 3.4
9 0 3.5
REQUEST_SECTION
2 7 12.8 143.8 1
8 10 44.5 135.5 1
4 9 14.9 74.5 1
1 7 1.9 84.2 1
9 5 37.9 144.5 1
8 6 64.7 129.9 1
2 6 14.3 143.6 1
6 5 86.1 157.0 1
4 9 76.9 130.6 1
6 9 54.8 149.9 1
1 5 48.3 116.6 1
3 8 44.7 173.8 1
9 10 55.8 107.5 1
4 5 30.0 101.8 1
5 6 23.9 129.4 1
3 9 37.0 149.7 1
5 7 15.3 123.4 1
0 5 14.5 145.5 1
5 10 41.3 117.0 1
0 2 66.6 161.2 1
0 4 9.1 124.1 1
1 7 84.5 173.8 1
0 3 79.6 179.7 1
9 3 29.0 75.7 1
3 6 13.2 135.1 1
9 7 73.4 140.9 1
4 7 42.5 144.4 1
2 5 32.3 130.9 1
2 5 20.0 72.5 1
0 4 70.9 195.4 1
0 9 75.6 149.3 1
7 1 30.8 98.2 1
7 2 56.3 143.0 1
1 9 63.3 181.4 1
2 7 23.4 73.9 1
9 8 80.6 166.8 1
7 6 38.0 88.9 1
4 2 19.5 75.9 1
1 6 30.2 80.5 1
4 1 82.1 151.3 1
EOF
