NUM_STATIONS: 10
NUM_REQUESTS: 80
NUM_VEHICLES: 3
VEHICLE_CAPACITY: 8
DISTANCES
0 1 5.3
1 2 5.1
2 3 4.1
3 4 5.8
4 5 8.8
5 6 4.0
6 7 7.4
7 8 2.6
8 9 6.4
9 0 5.7
REQUEST_SECTION
7 4 168.1 286.3 1
7 1 170.0 241.4 1
9 2 24.8 149.9 1
2 9 177.7 308.9 1
6 10 15.8 115.3 1
0 9 38.3 140.7 1
6 8 174.0 294.9 1
2 3 62.1 189.9 1
4 7 122.9 200.4 1
1 4 113.9 217.7 1
5 9 27.5 114.6 1
7 1 140.6 235.2 1
5 3 55.7 179.2 1
4 10 139.4 254.5 1
0 1 145.2 247.1 1
8 9 126.2 224.7 1
8 2 127.7 199.4 1
8 4 15.9 103.0 1
1 5 170.8 285.9 1
5 3 156.8 241.7 1
8 2 120.3 181.4 1
3 6 44.1 115.1 1
5 4 88.5 170.5 1
7 9 177.1 248.1 1
3 5 138.7 216.3 1
7 8 179.8 321.8 1
0 8 126.0 234.7 1
9 2 168.3 245.2 1
1 6 113.4 172.9 1
4 7 137.4 198.1 1
0 7 38.6 96.4 1
5 7 126.3 192.5 1
4 7 150.9 256.5 1
1 6 159.7 297.0 1
0 9 159.4 243.4 1
8 9 153.6 236.7 1
2 5 81.2 225.4 1
1 10 66.1 155.4 1
3 2 178.4 257.5 1
9 6 116.5 241.6 1
7 8 37.8 110.8 1
6 8 68.0 181.5 1
6 3 54.9 193.8 1
0 6 150.2 269.1 1
1 6 51.5 144.2 1
0 7 46.8 179.8 1
6 3 127.5 250.4 1
3 2 177.6 268.9 1
8 10 125.1 261.6 1
6 3 47.6 113.5 1
9 8 53.7 197.3 1
1 6 94.0 170.6 1
3 2 56.9 191.2 1
2 5 154.2 259.6 1
6 1 66.6 125.1 1
9 4 65.8 192.4 1
7 9 112.1 219.7 1
1 2 111.0 204.2 1
8 4 144.0 217.1 1
3 7 26.3 84.2 1
1 8 157.6 247.5 1
3 5 161.2 259.1 1
6 4 26.2 98.8 1
5 9 21.0 147.6 1
4 3 12.5 72.9 1
1 8 163.9 251.3 1
0 9 83.2 147.7 1
9 5 116.1 180.6 1
2 9 97.2 168.8 1
6 2 111.7 182.0 1
9 1 93.1 176.8 1
9 3 55.4 199.9 1
5 2 177.4 291.0 1
8 10 27.4 94.6 1
3 7 155.4 262.9 1
7 5 132.7 188.0 1
0 5 59.7 141.1 1
6 1 160.5 252.0 1
7 1 66.1 141.3 1
3 9 160.2 242.1 1
EOF
