NUM_STATIONS: 10
NUM_REQUESTS: 80
NUM_VEHICLES: 1
VEHICLE_CAPACITY: 1
DISTANCES
0 1 5.3
1 2 5.1
2 3 4.1
3 4 5.8
4 5 8.8
5 6 4.0
6 7 7.4
7 8 2.6
8 9 6.4
9 0 5.7
REQUEST_SECTION
7 4 479.0 2146.7 1
7 1 822.5 1936.0 1
9 2 2131.9 2645.0 1
2 9 2316.7 3310.8 1
6 10 2900.0 3986.1 1
0 9 855.9 960.9 1
6 8 3090.3 3394.1 1
2 3 1719.9 3243.9 1
4 7 1936.9 2744.5 1
1 4 965.9 2685.0 1
5 9 3293.5 5076.0 1
7 1 412.5 640.6 1
5 3 261.4 1325.9 1
4 10 1560.9 2363.8 1
0 1 2813.5 4981.3 1
8 9 2641.3 3555.1 1
8 2 1254.5 2159.1 1
8 4 1531.5 2604.8 1
1 5 1887.1 3905.6 1
5 3 1439.8 2579.7 1
8 2 682.3 1585.6 1
3 6 2457.6 4509.2 1
5 4 1794.5 3975.5 1
7 9 247.6 624.9 1
3 5 2716.5 4367.1 1
7 8 2628.9 3215.8 1
0 8 2675.9 4505.0 1
9 2 989.4 2730.2 1
1 6 3164.4 5246.7 1
4 7 3236.1 5312.0 1
0 7 619.3 2867.0 1
5 7 2729.3 4393.4 1
4 7 995.4 3121.6 1
1 6 2146.6 3087.6 1
0 9 56.5 1306.6 1
8 9 3067.0 4779.7 1
2 5 2077.1 3206.2 1
1 10 925.2 2755.3 1
3 2 960.1 2122.7 1
9 6 1854.1 3005.0 1
7 8 3068.5 4505.1 1
6 8 1943.8 3114.1 1
6 3 2560.7 3950.7 1
0 6 1607.3 2127.8 1
1 6 1744.8 2703.6 1
0 7 2185.6 3945.5 1
6 3 455.8 2451.5 1
3 2 1313.9 2129.0 1
8 10 715.0 1869.9 1
6 3 266.3 1195.4 1
9 8 926.1 1627.4 1
1 6 594.3 1038.8 1
3 2 2620.6 3223.7 1
2 5 1009.1 3152.4 1
6 1 1008.5 1226.0 1
9 4 1493.5 2447.2 1
7 9 171.5 1576.8 1
1 2 654.0 1668.4 1
8 4 2084.8 3789.6 1
3 7 3230.8 4309.3 1
1 8 1725.2 3637.9 1
3 5 545.5 1126.2 1
6 4 2417.3 4241.5 1
5 9 920.8 1391.8 1
4 3 1855.7 3612.5 1
1 8 1041.6 2062.9 1
0 9 1668.5 2712.6 1
9 5 680.8 1688.4 1
2 9 874.2 983.4 1
6 2 1319.0 1790.9 1
9 1 2486.8 3142.0 1
9 3 601.4 1105.7 1
5 2 459.8 1260.5 1
8 10 2779.4 2993.6 1
3 7 2507.5 4389.6 1
7 5 2259.8 4485.3 1
0 5 2303.4 2550.5 1
6 1 223.7 897.4 1
7 1 2035.0 2857.2 1
3 9 1881.3 2516.1 1
EOF
