NUM_STATIONS: 10
NUM_REQUESTS: 20
NUM_VEHICLES: 1
VEHICLE_CAPACITY: 1
DISTANCES
0 1 10.0
1 2 3.1
2 3 7.4
3 4 2.1
4 5 5.5
5 6 6.0
6 7 3.5
7 8 7.1
8 9 7.6
9 0 5.4
REQUEST_SECTION
4 9 986.1 1594.8 1
8 3 978.8 1036.7 1
4 3 334.6 681.5 1
5 2 556.2 1181.0 1
7 5 490.6 841.8 1
3 6 167.9 1005.5 1
9 4 171.3 458.1 1
5 4 740.7 1580.8 1
7 6 869.2 1252.6 1
5 4 301.5 374.2 1
6 8 1118.2 1687.7 1
3 1 475.4 577.9 1
3 10 924.6 1075.5 1
8 9 403.0 611.0 1
8 3 500.2 1268.3 1
3 2 660.0 1468.0 1
0 3 1138.9 1337.0 1
1 3 1027.4 1811.1 1
7 5 467.6 1013.6 1
8 7 819.8 1135.7 1
EOF
