NUM_STATIONS: 10
NUM_REQUESTS: 160
NUM_VEHICLES: 2
VEHICLE_CAPACITY: 4
DISTANCES
0 1 7.9
1 2 8.7
2 3 5.6
3 4 8.4
4 5 6.3
5 6 1.2
6 7 4.8
7 8 8.8
8 9 1.4
9 0 2.6
REQUEST_SECTION
0 1 578.7 1325.2 1
7 1 871.0 1704.5 1
6 4 9.3 899.1 1
1 3 524.4 1328.5 1
3 4 100.5 661.6 1
6 5 828.9 1591.0 1
7 4 876.7 1198.5 1
2 1 974.7 1524.2 1
6 2 300.8 611.1 1
1 2 915.1 1303.3 1
1 6 920.0 1777.3 1
5 4 153.8 939.6 1
4 2 352.9 525.5 1
8 6 454.7 761.0 1
6 7 342.1 752.5 1
7 1 663.1 883.9 1
6 5 554.5 963.3 1
0 8 255.2 642.9 1
9 7 707.6 1330.3 1
7 3 920.7 1313.5 1
5 6 608.2 823.8 1
1 10 503.8 835.5 1
9 4 506.7 634.4 1
0 1 929.4 1144.1 1
3 5 269.9 715.5 1
8 7 1033.3 1773.4 1
3 8 888.5 1763.4 1
0 1 383.4 617.9 1
7 2 137.1 300.0 1
4 6 612.1 1146.8 1
1 9 389.3 1156.6 1
1 7 256.4 989.0 1
7 10 346.9 754.0 1
4 6 831.6 1579.5 1
7 5 944.1 1139.0 1
8 1 72.9 413.0 1
2 8 528.4 650.9 1
3 10 103.6 580.6 1
7 8 665.1 1396.7 1
7 10 889.8 1085.0 1
3 7 1008.5 1139.5 1
9 10 54.8 939.1 1
5 2 131.5 307.4 1
7 1 616.8 880.7 1
1 10 813.5 919.5 1
9 10 916.9 1441.4 1
3 4 1018.8 1670.2 1
9 10 620.1 981.6 1
5 6 268.5 515.3 1
1 4 398.8 788.5 1
1 3 408.9 921.4 1
8 2 207.0 1068.4 1
2 7 391.6 524.8 1
8 1 500.0 781.1 1
3 6 841.6 988.5 1
6 7 165.1 747.8 1
4 9 200.0 808.7 1
3 5 1088.9 1808.8 1
5 6 445.9 1222.6 1
9 5 868.5 1083.1 1
4 10 840.5 1177.2 1
0 4 308.3 672.3 1
9 10 1041.5 1481.3 1
1 7 523.6 937.4 1
8 6 945.4 1345.4 1
2 8 690.9 1326.3 1
5 1 777.2 1300.0 1
9 1 240.4 663.1 1
8 4 1041.5 1271.6 1
6 4 928.4 1766.0 1
3 5 282.4 561.3 1
7 1 328.2 882.7 1
0 7 298.7 1043.3 1
5 9 36.4 521.6 1
1 9 41.8 269.0 1
4 1 73.3 258.1 1
9 3 104.0 588.7 1
8 5 546.3 1027.5 1
6 10 138.6 361.5 1
7 1 999.9 1445.5 1
3 10 1088.2 1721.5 1
6 8 690.6 1330.1 1
5 8 137.1 694.5 1
9 8 239.6 994.1 1
7 4 291.8 817.8 1
0 4 101.4 338.5 1
2 9 218.7 456.8 1
0 7 757.9 1639.2 1
0 4 729.2 1099.8 1
1 6 76.5 835.0 1
0 6 228.7 1033.5 1
0 5 544.1 738.4 1
7 1 1032.3 1342.5 1
1 3 639.9 1447.4 1
3 8 1091.2 1730.0 1
7 2 888.1 1658.7 1
6 2 835.5 1679.7 1
8 9 1086.9 1819.2 1
0 3 790.6 1451.2 1
2 7 306.3 472.1 1
6 1 727.7 1156.3 1
8 9 667.4 919.6 1
6 4 523.3 1042.7 1
0 4 867.8 1451.9 1
7 3 115.1 400.4 1
6 4 522.6 1308.4 1
3 8 957.9 1278.5 1
9 7 171.1 355.4 1
3 1 794.9 1334.9 1
2 8 189.7 968.3 1
3 2 864.1 1231.3 1
1 10 176.5 964.6 1
8 5 639.0 863.8 1
1 8 932.3 1679.6 1
1 10 338.3 927.6 1
8 10 576.7 807.1 1
6 8 789.8 1101.5 1
3 6 294.2 782.7 1
8 9 825.4 1320.0 1
2 7 106.6 383.3 1
0 7 736.6 1318.5 1
6 2 165.9 318.6 1
3 1 822.4 1299.9 1
5 8 222.2 1076.3 1
4 6 218.2 577.7 1
5 3 503.3 672.5 1
6 1 636.3 944.1 1
2 9 2.6 657.9 1
1 10 149.8 755.0 1
0 5 985.6 1843.4 1
1 5 594.6 1243.7 1
7 6 107.4 879.8 1
1 6 346.7 1027.0 1
5 10 585.2 1475.7 1
4 10 510.4 594.1 1
7 8 186.3 681.1 1
5 7 729.8 1378.1 1
5 8 618.6 1074.4 1
3 8 400.6 584.0 1
6 8 886.1 1202.6 1
7 1 441.8 1198.5 1
9 6 136.5 902.0 1
1 10 228.5 465.7 1
1 5 424.5 875.0 1
1 9 446.6 1049.7 1
4 6 368.8 1109.4 1
7 6 901.4 1759.5 1
6 9 219.0 920.2 1
7 2 694.9 1192.5 1
5 7 392.6 463.3 1
7 10 948.8 1540.1 1
3 8 625.2 1484.9 1
1 3 772.8 1612.0 1
2 8 741.4 1029.6 1
4 2 26.6 593.4 1
5 8 157.3 942.7 1
4 2 690.1 1032.6 1
4 2 466.6 980.6 1
9 8 332.0 812.4 1
0 9 420.4 594.4 1
EOF
