NUM_STATIONS: 10
NUM_REQUESTS: 20
NUM_VEHICLES: 1
VEHICLE_CAPACITY: 1
DISTANCES
0 1 10.0
1 2 3.1
2 3 7.4
3 4 2.1
4 5 5.5
5 6 6.0
6 7 3.5
7 8 7.1
8 9 7.6
9 0 5.4
REQUEST_SECTION
4 9 130.1 568.7 1
8 3 10.8 267.2 1
4 3 239.0 301.4 1
5 2 695.1 1177.3 1
7 5 194.4 694.9 1
3 6 196.6 716.6 1
9 4 447.7 613.6 1
5 4 606.5 704.6 1
7 6 12.1 267.8 1
5 4 499.4 729.1 1
6 8 863.6 1334.8 1
3 1 550.1 649.0 1
3 10 462.7 732.1 1
8 9 304.1 912.0 1
8 3 389.2 956.1 1
3 2 696.8 1226.1 1
0 3 762.1 833.1 1
1 3 422.2 770.2 1
7 5 586.3 826.1 1
8 7 856.9 940.2 1
EOF
