NUM_STATIONS: 10
NUM_REQUESTS: 80
NUM_VEHICLES: 1
VEHICLE_CAPACITY: 2
DISTANCES
0 1 2.4
1 2 8.8
2 3 9.2
3 4 4.4
4 5 2.3
5 6 10.0
6 7 6.1
7 8 3.9
8 9 6.9
9 0 4.1
REQUEST_SECTION
4 2 718.0 1183.4 1
1 6 1526.8 2590.1 1
9 8 1655.5 2653.5 1
7 1 1018.2 1796.0 1
1 5 1158.0 2228.6 1
5 9 606.2 1545.0 1
1 5 189.3 833.5 1
5 6 1563.5 2439.3 1
2 8 1182.4 1277.6 1
6 1 419.6 1617.8 1
5 3 1095.2 1966.3 1
2 7 182.5 873.9 1
5 9 364.1 1470.6 1
0 2 625.2 810.0 1
1 8 1419.8 1902.5 1
7 10 1062.9 2277.5 1
1 3 961.5 1080.6 1
5 3 1060.5 1742.6 1
2 5 258.1 406.7 1
4 8 1090.7 1825.5 1
2 4 1027.9 1568.4 1
4 2 794.4 970.6 1
7 10 696.4 1540.5 1
5 6 354.0 943.0 1
5 9 1697.6 2622.1 1
7 6 888.1 1345.2 1
1 5 1503.0 2196.0 1
1 2 650.6 1817.7 1
9 1 730.9 1632.6 1
3 7 394.3 892.2 1
7 2 1252.1 1931.3 1
1 7 722.6 1694.6 1
3 8 237.3 1093.7 1
1 5 1298.0 1829.5 1
1 8 920.9 1536.7 1
3 9 435.8 1494.2 1
1 10 656.7 1824.4 1
7 2 1462.8 2499.4 1
3 6 1470.0 1965.2 1
8 7 1685.3 2579.5 1
1 2 192.9 1208.2 1
0 7 8.2 133.3 1
0 3 1641.0 1879.9 1
0 4 796.2 1559.4 1
6 5 1447.1 1683.7 1
5 8 1160.9 2123.9 1
1 10 1208.8 1383.5 1
5 6 335.6 578.8 1
4 7 817.4 1567.8 1
8 9 874.8 1016.2 1
5 8 960.6 2038.1 1
6 7 204.1 1105.3 1
0 8 802.8 1365.2 1
1 9 1587.8 2792.5 1
0 5 1148.8 1432.8 1
0 4 1159.5 1567.5 1
4 9 1585.2 1716.5 1
3 1 1022.9 2009.3 1
7 2 161.6 329.6 1
5 8 1579.2 1756.5 1
2 10 1553.7 1710.5 1
7 9 401.9 1502.8 1
8 5 392.1 1447.7 1
5 6 1420.8 2355.8 1
8 2 1538.1 1630.9 1
5 2 662.0 1049.0 1
5 1 365.5 1049.8 1
8 7 1164.8 1344.1 1
3 7 534.8 1413.3 1
4 7 636.3 1510.6 1
6 4 1043.7 1250.1 1
9 7 977.0 1814.0 1
9 3 375.7 629.9 1
9 5 686.6 1203.5 1
9 10 134.3 583.2 1
8 10 87.8 958.6 1
9 6 146.4 581.5 1
3 9 1319.6 1933.7 1
2 9 576.6 640.4 1
2 4 1625.0 2689.3 1
EOF
