NUM_STATIONS: 10
NUM_REQUESTS: 80
NUM_VEHICLES: 2
VEHICLE_CAPACITY: 4
DISTANCES
0 1 8.0
1 2 8.3
2 3 3.5
3 4 6.0
4 5 1.1
5 6 2.5
6 7 5.2
7 8 7.5
8 9 5.8
9 0 8.4
REQUEST_SECTION
9 3 280.3 493.7 1
9 7 208.1 654.4 1
9 1 68.5 391.1 1
2 6 354.1 567.0 1
5 4 350.5 494.4 1
6 5 225.9 492.5 1
3 2 122.9 522.0 1
6 2 87.1 436.4 1
0 9 41.9 151.4 1
3 8 114.7 501.1 1
1 2 17.1 292.1 1
9 2 405.7 715.2 1
4 3 221.2 486.1 1
3 8 19.9 252.4 1
8 3 190.6 547.3 1
8 5 409.0 558.9 1
8 5 206.3 600.0 1
0 3 195.5 422.3 1
7 10 53.0 443.2 1
2 10 174.1 601.1 1
7 9 190.4 431.4 1
6 5 8.4 132.2 1
4 8 12.3 148.7 1
6 10 420.3 665.8 1
3 4 339.8 448.4 1
9 5 377.1 524.9 1
7 6 176.6 486.4 1
9 7 114.6 331.4 1
5 9 366.1 813.8 1
5 7 346.1 627.6 1
6 1 374.8 776.7 1
7 4 45.0 235.5 1
2 8 419.1 866.3 1
9 1 52.3 293.6 1
4 1 231.2 379.3 1
5 6 108.6 314.7 1
0 9 342.4 609.8 1
8 2 363.5 502.7 1
6 3 137.7 552.2 1
6 9 33.2 474.9 1
9 7 249.7 406.5 1
2 8 34.2 175.4 1
6 8 166.2 288.6 1
5 2 150.8 310.8 1
4 6 308.4 563.7 1
4 9 98.3 487.6 1
4 9 300.8 499.8 1
9 8 112.5 410.0 1
6 4 153.3 393.6 1
8 6 285.1 628.8 1
4 3 301.6 485.6 1
9 10 190.3 593.1 1
8 7 44.5 124.1 1
7 1 137.1 214.7 1
1 3 42.4 216.1 1
6 3 97.2 161.5 1
8 3 386.2 592.3 1
4 6 180.2 328.0 1
6 9 324.6 394.3 1
9 4 395.1 574.8 1
7 8 32.0 296.1 1
6 3 189.0 648.5 1
7 5 363.7 722.5 1
9 3 152.4 416.1 1
1 9 135.8 369.5 1
8 1 40.1 282.8 1
9 8 398.4 599.4 1
9 7 148.2 393.8 1
6 7 26.7 155.2 1
5 9 195.4 599.4 1
1 5 127.8 555.8 1
8 6 212.8 630.8 1
2 1 320.5 701.2 1
1 7 126.4 352.8 1
4 6 159.0 627.4 1
0 3 2.0 384.4 1
1 10 168.1 544.7 1
7 8 170.7 421.0 1
9 6 126.6 311.4 1
3 10 246.9 617.6 1
EOF
