NUM_STATIONS: 10
NUM_REQUESTS: 40
NUM_VEHICLES: 1
VEHICLE_CAPACITY: 8
DISTANCES
0 1 2.8
1 2 2.9
2 3 8.4
3 4 7.3
4 5 6.1
5 6 1.6
6 7 8.4
7 8 7.7
8 9 3.2
9 0 1.5
REQUEST_SECTION
4 8 91.1 208.4 1
3 10 194.1 340.9 1
6 4 29.6 102.7 1
1 6 225.9 385.6 1
0 4 81.7 139.6 1
5 3 140.7 267.3 1
6 9 64.0 126.0 1
1 10 86.1 213.9 1
1 9 53.6 121.0 1
0 6 206.2 284.3 1
6 9 147.2 260.5 1
5 6 34.7 127.7 1
9 3 42.8 172.1 1
6 2 17.5 168.2 1
9 3 99.9 267.2 1
0 2 159.1 241.7 1
9 5 181.8 279.7 1
7 4 129.2 243.6 1
1 5 180.3 327.2 1
5 4 59.2 182.1 1
8 5 18.8 115.5 1
7 6 135.9 209.6 1
4 1 45.4 190.0 1
4 10 215.4 271.6 1
7 5 110.8 232.5 1
1 10 56.1 191.8 1
3 5 235.0 300.5 1
2 5 148.2 207.6 1
6 8 160.5 256.4 1
4 7 1.4 160.1 1
9 1 199.4 293.7 1
6 3 96.5 215.5 1
8 9 172.7 299.9 1
6 3 127.3 202.6 1
5 2 94.6 214.7 1
8 5 236.8 318.5 1
7 9 148.3 244.6 1
5 4 116.5 286.0 1
0 2 117.9 228.2 1
2 4 181.5 339.2 1
EOF
