NUM_STATIONS: 10
NUM_REQUESTS: 160
NUM_VEHICLES: 1
VEHICLE_CAPACITY: 8
DISTANCES
0 1 6.3
1 2 1.5
2 3 7.8
3 4 9.8
4 5 9.9
5 6 6.9
6 7 1.6
7 8 5.2
8 9 2.2
9 0 6.8
REQUEST_SECTION
3 7 459.8 1206.4 1
2 4 395.9 520.2 1
2 7 840.0 1569.6 1
7 4 205.4 941.9 1
4 10 66.6 724.4 1
1 4 854.0 1167.7 1
2 1 479.8 894.9 1
5 9 687.0 1380.1 1
7 3 292.6 1008.4 1
0 7 623.5 1434.5 1
0 3 661.9 937.7 1
0 5 132.1 313.3 1
0 3 148.7 504.8 1
8 4 681.0 1519.2 1
3 4 746.0 1459.2 1
0 7 153.6 855.3 1
5 4 479.5 628.0 1
9 8 448.5 922.4 1
8 6 240.9 725.6 1
9 7 444.3 931.6 1
9 4 730.3 913.4 1
2 4 26.6 942.1 1
9 3 630.3 1429.7 1
9 5 412.2 1321.9 1
1 6 609.6 914.0 1
9 4 361.3 859.2 1
9 2 779.8 1601.2 1
7 2 488.8 1302.4 1
3 9 554.8 1009.5 1
1 2 473.0 868.1 1
5 6 720.8 962.9 1
0 8 501.1 1032.0 1
1 4 130.9 386.9 1
8 3 452.4 1308.3 1
0 1 756.3 979.1 1
3 2 327.7 1110.7 1
9 8 454.6 895.8 1
0 9 646.7 808.1 1
7 6 240.6 333.9 1
6 2 228.5 1049.2 1
2 3 199.6 1112.6 1
2 3 522.0 1173.5 1
2 8 383.9 635.6 1
7 3 847.8 1003.5 1
5 1 849.2 1501.2 1
9 6 678.3 745.3 1
0 2 638.2 1460.1 1
5 2 281.2 679.6 1
0 4 308.1 652.8 1
0 1 188.3 592.9 1
8 5 849.8 1269.1 1
1 9 387.8 632.1 1
9 10 113.2 881.9 1
9 10 571.1 918.1 1
3 10 473.6 720.9 1
0 5 593.3 735.0 1
9 3 133.7 549.9 1
1 7 737.1 1591.5 1
2 9 72.7 542.6 1
2 9 68.9 174.4 1
2 7 777.3 966.3 1
5 1 309.5 732.0 1
6 4 749.9 924.4 1
1 4 454.4 705.2 1
5 3 518.5 888.1 1
2 5 8.5 900.7 1
4 10 643.9 1568.0 1
0 6 422.4 988.0 1
3 2 63.4 374.9 1
6 1 838.5 1152.8 1
6 1 669.9 1516.2 1
7 1 359.5 1150.6 1
9 10 96.0 945.7 1
3 4 338.8 1055.5 1
3 6 363.1 505.7 1
1 4 628.7 1041.2 1
2 4 437.8 1165.4 1
6 9 691.0 1008.1 1
3 7 356.0 973.4 1
9 4 376.7 874.0 1
5 4 622.8 718.4 1
0 3 836.1 1473.1 1
1 3 179.6 270.8 1
9 1 365.6 787.4 1
4 3 145.7 781.9 1
9 10 448.1 1120.8 1
8 7 88.7 937.8 1
1 7 256.5 1054.6 1
7 6 124.1 701.6 1
2 5 100.6 846.8 1
0 2 820.2 1612.6 1
5 7 788.6 1206.8 1
3 7 283.1 541.0 1
4 10 237.1 611.0 1
5 10 415.3 777.2 1
7 5 410.4 678.9 1
1 6 835.5 1673.0 1
7 1 684.3 1279.6 1
1 5 286.8 1157.2 1
6 8 287.3 978.4 1
3 5 553.9 1062.1 1
9 7 710.4 1029.1 1
4 9 518.2 848.4 1
7 4 279.5 674.5 1
4 9 609.1 993.6 1
8 2 497.1 1104.4 1
4 9 57.3 762.3 1
2 1 686.5 1483.4 1
8 10 248.9 309.8 1
5 1 544.0 917.1 1
9 1 64.4 539.4 1
0 4 183.5 1081.6 1
0 2 854.3 1093.2 1
6 1 748.2 1628.6 1
5 4 843.1 1208.1 1
5 1 393.2 496.5 1
0 9 95.1 338.1 1
6 9 26.4 812.6 1
6 5 184.3 662.8 1
7 9 559.5 835.8 1
8 6 555.1 1420.1 1
1 6 833.1 1695.1 1
2 8 87.0 238.9 1
1 9 596.4 670.4 1
0 8 624.3 981.2 1
7 1 298.1 420.1 1
3 9 99.2 626.8 1
7 10 330.1 1031.2 1
2 4 730.3 834.6 1
8 7 183.3 945.7 1
7 1 774.6 1048.6 1
3 7 155.0 616.1 1
9 5 540.7 1376.6 1
0 8 848.9 1004.6 1
9 3 711.9 829.2 1
5 8 493.3 1222.1 1
1 3 190.2 872.4 1
1 9 114.7 473.6 1
5 9 229.7 749.2 1
2 5 57.7 776.6 1
8 3 311.4 617.2 1
1 8 497.3 822.6 1
6 9 363.5 698.9 1
0 9 750.2 945.5 1
4 7 868.2 1175.6 1
2 8 456.6 865.6 1
1 6 666.2 1467.0 1
1 10 50.6 599.1 1
0 5 534.4 1015.6 1
3 9 110.1 996.3 1
5 9 163.8 1089.0 1
4 5 484.0 1244.7 1
7 1 96.0 1015.9 1
9 1 529.6 1114.2 1
4 10 594.4 1422.3 1
6 1 486.6 927.8 1
7 3 306.6 923.8 1
3 8 100.0 944.6 1
0 9 619.4 1448.8 1
5 3 609.4 970.1 1
EOF
