NUM_STATIONS: 10
NUM_REQUESTS: 80
NUM_VEHICLES: 3
VEHICLE_CAPACITY: 4
DISTANCES
0 1 2.4
1 2 8.8
2 3 9.2
3 4 4.4
4 5 2.3
5 6 10.0
6 7 6.1
7 8 3.9
8 9 6.9
9 0 4.1
REQUEST_SECTION
4 2 265.9 379.2 1
1 6 207.8 321.5 1
9 8 29.2 168.4 1
7 1 103.8 272.4 1
1 5 61.8 170.1 1
5 9 306.3 539.4 1
1 5 140.4 265.2 1
5 6 216.0 317.0 1
2 8 186.3 433.9 1
6 1 30.3 135.4 1
5 3 48.7 208.8 1
2 7 55.9 193.3 1
5 9 10.3 95.3 1
0 2 313.4 482.3 1
1 8 39.1 127.1 1
7 10 106.3 348.4 1
1 3 271.1 522.3 1
5 3 135.3 270.2 1
2 5 360.9 577.8 1
4 8 239.1 395.5 1
2 4 183.7 378.5 1
4 2 383.4 555.8 1
7 10 302.4 490.7 1
5 6 305.1 371.0 1
5 9 29.5 144.7 1
7 6 6.5 93.3 1
1 5 28.3 126.5 1
1 2 382.9 608.6 1
9 1 303.6 413.6 1
3 7 360.9 528.8 1
7 2 138.6 328.0 1
1 7 302.8 427.5 1
3 8 134.7 352.0 1
1 5 297.9 519.8 1
1 8 113.5 195.7 1
3 9 380.9 479.5 1
1 10 19.4 212.3 1
7 2 218.7 299.6 1
3 6 295.6 361.7 1
8 7 263.3 418.0 1
1 2 339.5 522.4 1
0 7 361.5 595.2 1
0 3 44.0 229.5 1
0 4 145.9 227.8 1
6 5 314.6 476.5 1
5 8 299.8 551.2 1
1 10 201.3 423.5 1
5 6 102.7 172.3 1
4 7 106.9 179.1 1
8 9 40.9 282.8 1
5 8 181.1 368.3 1
6 7 239.5 329.8 1
0 8 258.6 344.6 1
1 9 8.9 108.8 1
0 5 144.6 302.1 1
0 4 119.4 298.5 1
4 9 15.5 226.7 1
3 1 301.3 535.7 1
7 2 123.5 358.4 1
5 8 176.1 234.8 1
2 10 351.5 566.2 1
7 9 381.3 472.4 1
8 5 354.8 592.0 1
5 6 73.5 316.6 1
8 2 62.7 308.8 1
5 2 369.8 462.1 1
5 1 112.9 206.3 1
8 7 216.0 376.0 1
3 7 52.0 279.1 1
4 7 59.7 266.7 1
6 4 80.2 245.1 1
9 7 204.6 282.8 1
9 3 295.4 432.3 1
9 5 304.3 499.5 1
9 10 112.9 251.1 1
8 10 56.7 304.8 1
9 6 346.4 571.3 1
3 9 190.0 354.7 1
2 9 157.4 327.5 1
2 4 310.5 473.7 1
EOF
