NUM_STATIONS: 10
NUM_REQUESTS: 160
NUM_VEHICLES: 1
VEHICLE_CAPACITY: 8
DISTANCES
0 1 6.3
1 2 1.5
2 3 7.8
3 4 9.8
4 5 9.9
5 6 6.9
6 7 1.6
7 8 5.2
8 9 2.2
9 0 6.8
REQUEST_SECTION
3 7 326.2 930.1 1
2 4 689.9 1011.6 1
2 7 871.4 1343.7 1
7 4 373.7 630.7 1
4 10 271.6 756.6 1
1 4 110.9 604.1 1
2 1 113.2 222.7 1
5 9 714.2 906.4 1
7 3 237.3 350.0 1
0 7 793.9 1185.8 1
0 3 117.2 683.6 1
0 5 167.6 291.8 1
0 3 828.6 1114.3 1
8 4 471.4 683.6 1
3 4 394.2 797.5 1
0 7 687.3 876.4 1
5 4 236.6 801.4 1
9 8 967.7 1143.0 1
8 6 436.7 748.1 1
9 7 869.0 989.5 1
9 4 371.2 888.3 1
2 4 733.0 857.1 1
9 3 992.3 1614.2 1
9 5 451.0 1072.4 1
1 6 954.8 1407.1 1
9 4 867.7 1218.0 1
9 2 260.6 889.6 1
7 2 899.7 1065.3 1
3 9 143.2 635.1 1
1 2 267.7 441.3 1
5 6 98.9 403.9 1
0 8 916.8 1492.4 1
1 4 513.6 803.4 1
8 3 778.2 851.9 1
0 1 188.2 536.4 1
3 2 796.1 1284.5 1
9 8 692.4 1259.3 1
0 9 308.2 723.6 1
7 6 1047.9 1609.9 1
6 2 541.6 1040.1 1
2 3 472.9 549.3 1
2 3 595.7 839.7 1
2 8 812.4 1441.0 1
7 3 1033.2 1282.5 1
5 1 855.8 1039.9 1
9 6 611.7 828.2 1
0 2 856.8 1229.9 1
5 2 114.4 354.6 1
0 4 173.9 412.2 1
0 1 1134.7 1517.3 1
8 5 543.2 645.1 1
1 9 1009.7 1233.3 1
9 10 224.8 779.4 1
9 10 765.5 1124.7 1
3 10 815.2 1247.8 1
0 5 580.6 1157.0 1
9 3 364.9 616.3 1
1 7 791.5 949.1 1
2 9 394.9 850.9 1
2 9 353.1 615.9 1
2 7 451.1 830.6 1
5 1 331.9 834.7 1
6 4 828.0 1439.5 1
1 4 866.2 956.5 1
5 3 1026.3 1189.4 1
2 5 330.9 656.3 1
4 10 649.8 1065.0 1
0 6 225.2 463.1 1
3 2 749.9 1023.7 1
6 1 153.8 280.2 1
6 1 720.7 1040.0 1
7 1 343.8 520.0 1
9 10 354.5 730.8 1
3 4 710.0 903.7 1
3 6 1003.0 1167.9 1
1 4 1146.4 1548.1 1
2 4 366.1 594.0 1
6 9 178.8 810.7 1
3 7 384.4 992.0 1
9 4 137.8 318.8 1
5 4 709.5 979.4 1
0 3 903.2 1207.0 1
1 3 707.7 1261.1 1
9 1 820.1 1411.1 1
4 3 1039.7 1590.6 1
9 10 764.6 1250.4 1
8 7 1081.7 1552.7 1
1 7 948.9 1036.1 1
7 6 636.9 940.2 1
2 5 367.3 840.6 1
0 2 1041.2 1594.3 1
5 7 79.6 669.1 1
3 7 188.7 681.2 1
4 10 503.8 725.5 1
5 10 949.7 1061.0 1
7 5 878.1 1173.5 1
1 6 814.9 1452.5 1
7 1 347.5 505.2 1
1 5 807.8 1332.9 1
6 8 712.1 1202.4 1
3 5 337.4 683.0 1
9 7 1009.7 1493.6 1
4 9 946.9 1086.2 1
7 4 213.6 460.2 1
4 9 718.3 1056.4 1
8 2 540.9 1095.9 1
4 9 1126.3 1386.3 1
2 1 962.7 1440.8 1
8 10 1138.5 1207.7 1
5 1 99.5 167.7 1
9 1 357.3 554.1 1
0 4 415.3 940.2 1
0 2 1084.3 1722.2 1
6 1 402.3 727.7 1
5 4 932.4 1434.4 1
5 1 320.6 932.6 1
0 9 678.6 909.2 1
6 9 61.9 408.0 1
6 5 416.1 895.9 1
7 9 778.6 1098.3 1
8 6 576.4 655.4 1
1 6 449.4 1045.4 1
2 8 605.9 1015.4 1
1 9 824.8 1432.2 1
0 8 264.9 892.8 1
7 1 840.2 1245.8 1
3 9 973.7 1334.1 1
7 10 900.5 1009.1 1
2 4 570.7 666.8 1
8 7 86.8 189.1 1
7 1 954.8 1193.9 1
3 7 246.6 446.2 1
9 5 1089.0 1160.9 1
0 8 176.7 491.9 1
9 3 641.0 1131.1 1
5 8 824.2 1104.2 1
1 3 660.1 818.0 1
1 9 72.5 263.9 1
5 9 1039.6 1587.3 1
2 5 357.4 442.9 1
8 3 890.8 1121.2 1
1 8 720.6 1046.4 1
6 9 415.1 676.7 1
0 9 24.5 359.1 1
4 7 1119.2 1569.8 1
2 8 341.6 885.0 1
1 6 639.5 874.0 1
1 10 111.7 657.7 1
0 5 1065.8 1254.3 1
3 9 889.7 962.4 1
5 9 343.6 835.4 1
4 5 1033.0 1442.2 1
7 1 729.5 1229.1 1
9 1 151.7 266.2 1
4 10 397.0 781.2 1
6 1 433.4 501.9 1
7 3 1008.4 1301.2 1
3 8 817.4 916.7 1
0 9 830.0 1133.6 1
5 3 301.0 779.4 1
EOF
