NUM_STATIONS: 10
NUM_REQUESTS: 160
NUM_VEHICLES: 3
VEHICLE_CAPACITY: 4
DISTANCES
0 1 3.3
1 2 8.6
2 3 9.8
3 4 4.8
4 5 3.7
5 6 5.0
6 7 1.8
7 8 2.0
8 9 1.3
9 0 2.7
REQUEST_SECTION
9 3 152.6 597.0 1
8 4 3.5 164.1 1
4 8 332.7 655.7 1
6 3 212.3 334.5 1
8 2 32.8 167.4 1
7 2 339.8 509.2 1
8 1 392.2 709.3 1
6 4 135.5 357.5 1
7 2 79.8 454.2 1
2 6 212.7 634.1 1
3 7 220.1 426.9 1
8 4 253.6 613.8 1
0 8 336.5 469.9 1
8 10 279.9 529.1 1
8 2 41.2 411.2 1
4 2 130.3 312.0 1
3 5 10.7 94.9 1
5 7 210.6 503.1 1
3 7 279.2 492.0 1
7 4 371.6 482.4 1
6 7 92.0 408.8 1
3 7 406.1 738.7 1
5 2 347.9 432.0 1
4 7 306.6 482.2 1
3 5 29.1 489.1 1
1 3 349.2 740.1 1
9 10 64.0 525.8 1
3 6 2.0 386.8 1
3 7 25.7 97.1 1
7 10 3.8 386.9 1
8 9 257.7 378.8 1
3 9 190.7 277.1 1
4 7 393.4 544.4 1
4 6 412.4 880.5 1
6 10 11.8 148.2 1
1 3 112.8 276.8 1
8 7 102.0 314.6 1
8 10 64.8 446.5 1
2 1 375.8 820.5 1
5 1 119.2 481.8 1
2 4 92.0 424.8 1
5 10 312.2 632.2 1
8 6 427.5 529.2 1
5 2 47.8 355.0 1
6 2 219.5 689.3 1
5 4 130.3 510.9 1
0 9 238.1 611.9 1
3 4 222.0 582.3 1
0 2 107.4 158.4 1
9 7 356.0 624.6 1
8 3 37.8 429.2 1
1 4 362.0 541.0 1
3 1 50.0 445.7 1
2 7 270.5 399.1 1
3 10 290.9 639.6 1
2 4 262.0 370.3 1
5 8 259.0 387.3 1
8 1 230.0 588.7 1
2 3 112.2 372.7 1
6 8 93.0 365.2 1
8 10 162.6 439.3 1
6 8 68.5 477.0 1
2 6 18.1 290.1 1
6 7 330.8 693.0 1
7 2 327.0 547.8 1
0 7 122.9 535.3 1
3 5 21.5 401.0 1
4 5 25.1 145.3 1
5 2 150.5 480.0 1
5 4 171.5 266.0 1
5 3 349.4 767.9 1
3 10 259.8 349.0 1
6 7 319.9 476.0 1
2 9 137.5 218.9 1
1 8 73.5 393.1 1
0 1 388.3 451.6 1
2 9 183.2 510.0 1
9 5 418.5 476.5 1
6 5 74.8 278.7 1
3 7 316.2 690.3 1
7 1 313.7 728.5 1
3 2 129.5 315.7 1
2 7 68.8 386.8 1
1 8 269.3 715.7 1
1 10 417.5 496.6 1
9 8 107.2 332.1 1
7 8 393.1 772.8 1
2 7 185.9 378.4 1
6 1 291.8 335.2 1
7 3 403.9 603.7 1
8 2 424.0 472.1 1
2 6 20.1 407.5 1
8 6 409.0 753.2 1
1 3 402.5 459.8 1
9 5 42.5 131.7 1
0 3 97.6 414.1 1
5 10 412.4 545.3 1
7 3 269.8 712.2 1
5 10 299.0 683.3 1
6 2 241.1 640.7 1
6 8 235.9 548.1 1
8 5 322.9 641.6 1
0 2 277.0 623.3 1
9 5 233.9 606.2 1
8 3 419.6 867.0 1
4 9 20.5 442.6 1
4 9 5.2 464.9 1
1 6 336.1 641.3 1
9 4 338.7 565.8 1
9 6 5.0 136.5 1
0 2 425.1 660.9 1
6 8 142.9 320.0 1
6 2 339.4 673.1 1
2 6 344.7 518.0 1
6 3 416.6 704.2 1
7 3 64.2 208.7 1
3 9 74.7 232.0 1
6 10 114.4 569.6 1
3 2 297.6 689.6 1
9 1 289.8 511.4 1
6 9 319.0 378.0 1
4 9 25.6 335.1 1
3 9 240.8 628.1 1
8 5 235.6 464.9 1
4 5 126.8 174.3 1
0 4 401.3 688.1 1
5 8 27.4 82.5 1
9 10 184.2 622.7 1
0 2 38.3 475.1 1
1 3 61.2 426.1 1
4 2 139.5 264.4 1
4 3 410.4 751.3 1
0 1 201.9 403.5 1
9 3 396.1 534.9 1
5 6 336.7 458.8 1
4 9 359.9 616.4 1
5 2 261.6 572.8 1
0 6 79.2 211.4 1
1 9 427.3 763.2 1
9 3 22.5 233.4 1
4 10 155.1 206.3 1
2 7 104.6 486.1 1
5 1 236.3 439.0 1
3 10 74.0 439.8 1
3 6 108.4 572.4 1
2 4 316.9 460.6 1
0 4 55.2 436.5 1
0 8 359.6 790.9 1
3 5 256.8 606.7 1
0 3 276.3 715.3 1
3 8 289.5 675.7 1
4 9 143.0 346.4 1
3 10 318.0 560.7 1
6 3 176.2 617.4 1
7 3 302.7 645.1 1
6 10 121.5 489.2 1
9 7 176.5 406.6 1
0 6 102.7 230.4 1
6 5 311.4 749.5 1
7 4 213.5 360.5 1
EOF
