NUM_STATIONS: 10
NUM_REQUESTS: 160
NUM_VEHICLES: 2
VEHICLE_CAPACITY: 2
DISTANCES
0 1 6.3
1 2 1.5
2 3 7.8
3 4 9.8
4 5 9.9
5 6 6.9
6 7 1.6
7 8 5.2
8 9 2.2
9 0 6.8
REQUEST_SECTION
3 7 630.1 1836.3 1
2 4 1697.8 2512.8 1
2 7 413.5 1482.6 1
7 4 1590.6 2476.4 1
4 10 1147.4 1816.5 1
1 4 869.8 968.8 1
2 1 202.6 1346.5 1
5 9 1577.8 2771.8 1
7 3 182.1 1564.1 1
0 7 10.8 730.3 1
0 3 301.2 1775.6 1
0 5 74.3 1475.6 1
0 3 402.1 1733.2 1
8 4 1117.4 1237.5 1
3 4 1559.1 2382.4 1
0 7 335.9 404.7 1
5 4 283.2 2006.6 1
9 8 221.2 1024.5 1
8 6 310.9 713.9 1
9 7 227.9 1061.7 1
9 4 697.1 1844.3 1
2 4 1428.7 2709.1 1
9 3 1600.0 2355.0 1
9 5 1587.4 3314.7 1
1 6 403.9 795.8 1
9 4 719.1 1883.8 1
9 2 420.5 1007.0 1
7 2 1527.0 1903.7 1
3 9 1334.6 1859.1 1
1 2 419.6 1678.7 1
5 6 597.4 1645.2 1
0 8 492.0 1655.8 1
1 4 1038.0 2220.2 1
8 3 400.8 782.7 1
0 1 1685.6 3208.7 1
3 2 961.6 2678.0 1
9 8 138.4 963.3 1
0 9 802.7 1913.8 1
7 6 879.8 1741.6 1
6 2 276.2 777.9 1
2 3 439.2 1124.2 1
2 3 627.6 710.4 1
2 8 1235.2 1801.5 1
7 3 216.8 1374.8 1
5 1 632.8 865.1 1
9 6 901.5 2034.9 1
0 2 88.2 1325.2 1
5 2 267.5 1645.5 1
0 4 60.0 1619.6 1
0 1 221.0 1031.8 1
8 5 1192.6 2166.9 1
1 9 668.1 1824.3 1
9 10 77.1 138.2 1
9 10 90.2 302.1 1
3 10 95.6 1055.6 1
0 5 1333.1 2143.1 1
9 3 1288.2 2725.3 1
1 7 902.7 2274.7 1
2 9 189.5 1003.7 1
2 9 118.1 1078.1 1
2 7 125.9 749.2 1
5 1 751.6 1142.5 1
6 4 263.1 1394.7 1
1 4 876.4 1862.0 1
5 3 443.1 1414.2 1
2 5 549.2 2212.9 1
4 10 546.0 1558.5 1
0 6 1717.1 2898.5 1
3 2 85.1 659.9 1
6 1 1532.1 2530.5 1
6 1 1137.9 2172.6 1
7 1 16.1 1664.4 1
9 10 1176.7 2620.3 1
3 4 372.1 653.6 1
3 6 1526.2 2746.5 1
1 4 255.7 1658.4 1
2 4 609.9 2095.2 1
6 9 1041.0 2515.7 1
3 7 1190.5 2151.7 1
9 4 323.5 1508.8 1
5 4 766.7 1399.1 1
0 3 1654.3 2482.7 1
1 3 1296.2 2198.3 1
9 1 1528.8 2792.6 1
4 3 441.7 664.6 1
9 10 1549.0 2268.2 1
8 7 512.6 2073.1 1
1 7 558.2 1754.4 1
7 6 778.0 1637.7 1
2 5 746.1 1564.6 1
0 2 622.5 1045.8 1
5 7 1666.8 3217.0 1
3 7 106.7 591.8 1
4 10 502.3 2162.7 1
5 10 1035.1 2480.5 1
7 5 367.0 986.2 1
1 6 317.4 1695.8 1
7 1 1466.5 2934.8 1
1 5 1349.5 1746.8 1
6 8 1276.7 1336.0 1
3 5 392.6 2096.0 1
9 7 1184.8 1343.3 1
4 9 1524.3 3285.5 1
7 4 501.9 801.1 1
4 9 1473.0 2673.0 1
8 2 1396.3 1477.9 1
4 9 1395.0 2427.9 1
2 1 439.0 1829.8 1
8 10 826.3 956.7 1
5 1 750.7 2510.1 1
9 1 1279.6 1591.5 1
0 4 1296.2 1891.4 1
0 2 829.3 1011.7 1
6 1 798.7 2378.8 1
5 4 189.7 1671.7 1
5 1 665.2 1294.7 1
0 9 1631.3 2002.6 1
6 9 885.6 1040.2 1
6 5 352.3 1702.3 1
7 9 1142.7 1869.8 1
8 6 127.7 245.6 1
1 6 1095.8 1541.7 1
2 8 635.1 1561.7 1
1 9 1634.6 1732.0 1
0 8 464.4 1271.5 1
7 1 1062.4 1958.9 1
3 9 1502.8 2502.6 1
7 10 191.3 1796.0 1
2 4 1262.6 1861.8 1
8 7 1605.9 2560.9 1
7 1 618.4 2026.4 1
3 7 1411.6 3150.9 1
9 5 1336.4 2980.5 1
0 8 498.7 2098.8 1
9 3 1715.8 2245.1 1
5 8 567.2 2260.5 1
1 3 1277.4 1384.6 1
1 9 1500.7 2360.4 1
5 9 192.4 404.0 1
2 5 144.6 1392.9 1
8 3 904.7 1685.1 1
1 8 115.5 1848.0 1
6 9 1120.5 1595.9 1
0 9 1366.7 2949.7 1
4 7 1284.5 1865.2 1
2 8 23.4 1202.7 1
1 6 52.4 1450.4 1
1 10 283.4 1620.8 1
0 5 875.1 990.4 1
3 9 1013.7 1234.4 1
5 9 1467.6 3199.8 1
4 5 615.0 2210.4 1
7 1 1461.8 3002.5 1
9 1 187.5 513.1 1
4 10 13.1 1238.9 1
6 1 1575.1 2218.8 1
7 3 1256.9 2672.6 1
3 8 1211.2 2971.7 1
0 9 1125.6 2542.0 1
5 3 706.0 1836.6 1
EOF
