NUM_STATIONS: 10
NUM_REQUESTS: 80
NUM_VEHICLES: 2
VEHICLE_CAPACITY: 4
DISTANCES
0 1 9.9
1 2 5.8
2 3 2.8
3 4 4.2
4 5 8.2
5 6 9.6
6 7 7.3
7 8 4.0
8 9 8.9
9 0 4.1
REQUEST_SECTION
8 2 285.4 790.2 1
3 8 105.6 249.7 1
0 4 55.0 143.0 1
4 8 459.2 764.4 1
7 10 310.9 763.7 1
4 1 45.2 473.7 1
1 9 43.6 519.4 1
3 6 315.4 523.3 1
5 9 447.6 821.4 1
9 5 181.5 261.1 1
1 7 174.0 344.9 1
7 3 188.8 399.7 1
9 7 375.6 836.0 1
1 6 289.3 467.5 1
5 3 372.3 492.4 1
0 4 423.9 871.1 1
7 1 94.4 589.4 1
0 4 215.8 403.3 1
2 9 363.5 836.1 1
0 6 163.6 494.4 1
0 9 115.1 363.3 1
4 10 149.0 219.6 1
2 5 137.8 293.9 1
1 10 83.9 180.6 1
7 10 251.9 432.6 1
2 10 459.7 737.5 1
3 8 477.5 645.0 1
5 8 317.3 526.8 1
6 8 423.0 924.2 1
6 5 142.6 231.5 1
5 10 134.8 481.6 1
2 8 386.5 487.2 1
8 9 51.4 580.8 1
2 7 190.8 348.6 1
4 6 378.4 731.9 1
5 8 173.0 308.3 1
9 8 449.9 760.6 1
3 1 210.2 698.9 1
3 4 344.1 804.4 1
2 6 459.6 931.3 1
4 9 444.8 546.5 1
7 5 453.7 633.9 1
6 4 241.7 456.5 1
7 3 122.9 348.9 1
5 10 345.0 502.9 1
3 8 19.1 414.4 1
9 6 237.6 567.7 1
5 1 208.5 560.3 1
8 4 123.8 464.3 1
0 5 467.0 796.3 1
5 10 373.3 866.6 1
7 5 270.8 760.8 1
6 10 98.6 612.4 1
6 1 242.5 544.1 1
2 6 56.9 460.5 1
4 5 133.6 642.5 1
7 3 209.5 482.4 1
0 4 363.8 645.7 1
0 9 52.3 191.4 1
4 10 249.5 649.1 1
2 1 333.6 771.7 1
1 10 427.6 607.8 1
0 7 143.6 484.9 1
0 4 172.4 647.7 1
2 6 172.1 640.4 1
6 8 34.5 477.5 1
7 9 271.7 540.5 1
0 1 12.4 426.9 1
3 6 174.2 250.6 1
5 1 275.1 793.1 1
1 8 269.3 808.5 1
7 5 4.8 74.3 1
3 2 84.2 260.2 1
2 5 405.7 950.6 1
4 2 145.0 474.4 1
7 10 138.2 231.0 1
3 7 473.9 707.4 1
4 6 430.4 859.8 1
1 2 427.3 668.0 1
1 8 331.9 763.5 1
EOF
