NUM_STATIONS: 10
NUM_REQUESTS: 80
NUM_VEHICLES: 3
VEHICLE_CAPACITY: 8
DISTANCES
0 1 7.9
1 2 8.1
2 3 2.5
3 4 7.9
4 5 2.3
5 6 7.4
6 7 8.2
7 8 1.4
8 9 7.4
9 0 3.5
REQUEST_SECTION
9 4 164.3 273.7 1
8 6 62.0 129.5 1
1 2 37.3 185.8 1
8 4 0.2 62.1 1
2 7 70.1 210.7 1
1 8 129.7 226.5 1
5 7 136.5 205.1 1
1 9 2.3 119.9 1
1 4 124.9 275.4 1
4 6 172.9 295.6 1
0 8 49.6 168.2 1
7 6 50.2 153.1 1
7 6 164.8 261.7 1
4 10 98.2 239.7 1
8 2 96.9 221.3 1
1 4 102.9 209.1 1
2 8 63.1 192.1 1
0 3 11.3 109.3 1
8 6 177.8 309.2 1
8 1 145.1 287.1 1
9 8 161.8 290.3 1
6 3 135.5 237.5 1
2 4 165.8 260.0 1
3 10 164.8 255.0 1
5 6 123.9 236.8 1
5 6 94.0 186.3 1
2 9 44.9 188.1 1
6 8 59.6 179.3 1
9 10 164.5 248.0 1
5 8 5.7 81.8 1
0 5 163.0 273.0 1
2 4 37.5 123.9 1
3 9 139.2 214.0 1
0 3 3.4 102.5 1
5 6 97.0 196.9 1
5 10 5.8 79.7 1
4 8 68.9 189.5 1
9 4 57.5 189.8 1
1 9 83.6 218.5 1
0 9 19.2 116.9 1
6 3 28.3 166.9 1
0 1 106.9 171.7 1
8 1 119.8 210.2 1
3 9 91.8 196.4 1
4 2 152.8 261.5 1
5 10 117.7 203.7 1
9 2 122.0 237.8 1
2 5 127.7 204.6 1
3 4 9.4 83.7 1
3 1 73.1 209.4 1
3 2 15.6 138.7 1
4 3 156.7 306.6 1
1 4 157.1 219.8 1
2 7 79.5 203.5 1
1 9 129.8 266.7 1
0 6 123.5 203.5 1
5 2 58.3 167.7 1
8 2 25.8 85.9 1
8 4 15.3 105.2 1
2 4 170.8 310.2 1
6 8 62.9 170.8 1
2 9 114.6 223.8 1
2 8 16.7 118.0 1
1 8 98.7 235.5 1
9 7 120.2 260.8 1
6 2 2.4 91.6 1
2 8 136.8 245.0 1
0 4 71.3 218.3 1
7 10 115.1 183.6 1
2 4 131.7 242.6 1
6 1 150.0 222.9 1
5 2 123.5 244.6 1
6 8 133.6 208.5 1
7 5 165.5 265.8 1
8 10 20.1 129.0 1
5 2 161.7 235.1 1
9 7 92.6 183.1 1
7 6 177.0 263.4 1
4 9 60.4 207.1 1
3 10 81.9 174.3 1
EOF
