NUM_STATIONS: 10
NUM_REQUESTS: 80
NUM_VEHICLES: 3
VEHICLE_CAPACITY: 4
DISTANCES
0 1 8.0
1 2 8.3
2 3 3.5
3 4 6.0
4 5 1.1
5 6 2.5
6 7 5.2
7 8 7.5
8 9 5.8
9 0 8.4
REQUEST_SECTION
9 3 319.7 538.8 1
9 7 234.2 350.6 1
9 1 264.1 415.8 1
2 6 231.2 298.9 1
5 4 345.4 548.3 1
6 5 121.7 269.6 1
3 2 224.3 282.6 1
6 2 156.8 239.1 1
0 9 1.1 108.2 1
3 8 210.8 432.0 1
1 2 170.3 295.4 1
9 2 212.4 284.3 1
4 3 336.8 528.1 1
3 8 330.0 533.9 1
8 3 227.8 453.6 1
8 5 31.5 239.8 1
8 5 335.9 418.4 1
0 3 207.5 345.1 1
7 10 91.6 244.6 1
2 10 342.8 513.7 1
7 9 291.7 387.4 1
6 5 183.4 292.0 1
4 8 170.7 324.2 1
6 10 136.9 340.8 1
3 4 346.8 578.9 1
9 5 89.4 327.3 1
7 6 152.5 230.3 1
9 7 265.0 490.7 1
5 9 207.4 438.9 1
5 7 55.1 278.6 1
6 1 242.5 392.3 1
7 4 324.2 505.2 1
2 8 31.1 150.7 1
9 1 233.1 360.8 1
4 1 196.8 360.3 1
5 6 97.2 232.5 1
0 9 234.3 354.9 1
8 2 195.9 351.0 1
6 3 281.2 392.6 1
6 9 286.7 399.1 1
9 7 220.5 343.9 1
2 8 258.6 429.9 1
6 8 21.7 201.6 1
5 2 293.2 527.7 1
4 6 159.7 365.0 1
4 9 217.5 309.9 1
4 9 8.4 118.2 1
9 8 170.4 401.5 1
6 4 186.2 331.4 1
8 6 15.6 216.6 1
4 3 364.5 542.0 1
9 10 374.4 564.9 1
8 7 18.1 199.6 1
7 1 78.4 158.4 1
1 3 14.9 242.0 1
6 3 57.3 171.9 1
8 3 127.4 324.5 1
4 6 194.1 297.5 1
6 9 131.9 267.0 1
9 4 291.0 445.3 1
7 8 326.2 475.0 1
6 3 319.3 547.8 1
7 5 117.4 321.4 1
9 3 200.6 411.5 1
1 9 279.4 516.9 1
8 1 304.7 523.9 1
9 8 15.6 187.1 1
9 7 282.0 501.3 1
6 7 63.4 134.1 1
5 9 43.3 218.5 1
1 5 344.9 559.4 1
8 6 132.1 303.7 1
2 1 21.1 215.3 1
1 7 41.0 280.2 1
4 6 97.7 290.6 1
0 3 357.8 428.5 1
1 10 287.7 461.8 1
7 8 156.4 390.2 1
9 6 46.2 183.8 1
3 10 24.2 214.1 1
EOF
