NUM_STATIONS: 10
NUM_REQUESTS: 160
NUM_VEHICLES: 3
VEHICLE_CAPACITY: 1
DISTANCES
0 1 3.6
1 2 7.3
2 3 7.4
3 4 1.6
4 5 9.1
5 6 1.1
6 7 5.1
7 8 5.3
8 9 9.0
9 0 2.6
REQUEST_SECTION
0 6 623.3 1114.7 1
6 7 1489.5 2010.0 1
7 6 83.3 1029.1 1
0 1 1855.0 3208.2 1
4 3 296.9 1565.1 1
6 10 1920.3 2880.3 1
5 2 1243.9 2092.5 1
1 3 36.1 1006.7 1
0 6 2050.9 2410.3 1
6 1 1150.4 2483.3 1
4 5 1524.9 1688.7 1
6 2 1228.5 1507.8 1
3 4 653.0 1024.6 1
3 4 1900.2 2656.4 1
7 9 1118.0 1613.5 1
9 3 1815.1 2518.2 1
9 7 1206.3 1350.0 1
4 8 57.7 1091.5 1
3 7 1977.4 2074.7 1
2 3 2018.3 2361.5 1
0 7 2069.0 3095.2 1
1 5 336.9 769.1 1
8 2 280.6 866.5 1
5 3 778.2 2211.9 1
5 9 1038.1 1127.9 1
1 6 831.7 1705.6 1
1 6 61.1 648.0 1
4 2 1348.4 1893.0 1
5 3 1794.0 2729.7 1
4 7 832.9 1500.9 1
6 5 2010.0 3412.8 1
3 7 423.1 990.7 1
5 3 1787.1 2069.4 1
4 9 542.3 1200.1 1
2 6 902.5 1909.8 1
8 4 529.2 1797.5 1
0 3 1296.1 1814.4 1
8 9 1048.3 1136.2 1
9 5 15.5 77.7 1
5 7 1767.8 2235.9 1
1 5 202.1 1021.9 1
6 8 380.4 693.0 1
3 8 712.4 1154.3 1
8 5 90.9 369.0 1
3 10 1296.0 1589.3 1
8 7 281.0 1292.1 1
9 4 654.8 1101.5 1
6 2 476.4 743.1 1
9 7 1302.3 1896.8 1
0 8 691.4 753.8 1
3 9 639.1 1284.7 1
7 10 1090.6 2344.3 1
7 3 982.7 2037.4 1
4 1 773.4 2034.9 1
1 3 1239.3 2071.9 1
4 9 712.1 931.6 1
6 7 864.6 1119.2 1
3 9 191.2 793.3 1
1 5 1802.6 2444.3 1
9 7 145.9 1565.0 1
4 8 1411.9 2669.5 1
7 10 655.4 1967.5 1
2 9 1796.6 2830.7 1
8 1 1806.3 2293.3 1
1 7 1367.7 2352.8 1
8 5 1455.1 1939.2 1
7 3 327.9 1407.2 1
3 5 1197.4 1279.0 1
0 5 539.2 1914.0 1
9 4 1524.2 1801.7 1
5 8 103.4 1288.0 1
9 8 1657.0 2966.0 1
6 9 753.3 1252.4 1
8 1 1769.6 2243.6 1
6 7 1198.4 1423.5 1
6 1 86.5 286.1 1
3 5 800.6 2083.6 1
4 7 1387.0 1656.8 1
6 3 1357.9 1873.7 1
4 5 126.7 517.0 1
0 1 5.2 188.2 1
8 5 712.2 1649.8 1
3 4 743.3 1851.2 1
2 6 500.8 693.1 1
9 4 2055.0 2491.5 1
6 8 150.3 1147.4 1
6 2 665.8 986.8 1
7 2 349.3 1788.5 1
1 8 275.0 1363.1 1
9 5 1458.7 2079.0 1
6 2 490.9 1031.4 1
1 5 642.3 1727.4 1
5 4 800.1 1630.1 1
8 10 926.4 2258.0 1
3 6 1077.0 2417.2 1
5 2 1672.6 2074.3 1
6 3 6.6 1323.7 1
4 6 1634.5 2638.5 1
5 7 111.3 557.3 1
2 3 808.6 1915.4 1
4 9 1934.6 2137.5 1
4 1 885.3 1763.1 1
5 6 254.0 1401.2 1
5 10 965.5 1935.2 1
8 9 424.8 805.0 1
3 5 894.7 1799.8 1
3 8 814.2 1876.6 1
7 8 517.0 1957.4 1
4 8 1245.6 1822.6 1
1 6 926.0 1072.9 1
3 9 143.7 1437.4 1
0 8 197.9 1013.3 1
0 5 569.9 1333.6 1
1 8 140.4 971.1 1
3 6 382.6 1499.4 1
7 1 1902.9 2724.3 1
7 1 1352.7 1420.1 1
4 1 709.6 1440.8 1
1 2 2011.1 2524.5 1
8 5 1474.4 1603.9 1
6 4 694.8 1828.5 1
3 6 733.7 1098.7 1
2 8 753.5 1540.3 1
6 1 571.0 1858.6 1
6 10 469.1 1889.2 1
0 2 2058.2 3354.0 1
0 1 1472.6 1944.8 1
3 9 2068.2 2469.5 1
2 8 1481.3 2174.4 1
4 5 1623.5 2754.8 1
1 5 959.5 1441.7 1
4 2 1539.9 2923.9 1
1 3 2072.1 3106.9 1
1 3 1896.6 2437.9 1
6 1 258.7 625.3 1
8 9 2001.0 2412.1 1
7 6 1164.9 1913.9 1
1 7 651.6 2042.2 1
6 1 527.7 1545.9 1
4 6 1729.6 2247.8 1
3 9 1573.2 1864.2 1
2 9 1924.1 2090.2 1
6 9 1247.6 2527.7 1
2 4 1168.1 1754.3 1
9 6 1023.8 1729.3 1
1 6 41.9 439.7 1
3 2 786.5 1788.0 1
4 1 1723.3 2253.0 1
8 9 170.6 316.7 1
4 3 1557.1 2415.6 1
7 5 1407.4 2188.3 1
3 5 644.7 1032.7 1
6 7 412.6 1438.4 1
9 5 1434.8 2798.2 1
6 5 1989.8 3177.4 1
3 8 801.6 1088.6 1
4 9 1975.0 3284.7 1
4 10 1326.7 2403.3 1
6 8 1468.3 1534.8 1
3 1 1902.6 3175.4 1
EOF
