NUM_STATIONS: 10
NUM_REQUESTS: 160
NUM_VEHICLES: 1
VEHICLE_CAPACITY: 1
DISTANCES
0 1 6.3
1 2 7.7
2 3 3.8
3 4 4.5
4 5 9.5
5 6 2.1
6 7 8.1
7 8 3.8
8 9 3.5
9 0 1.8
REQUEST_SECTION
8 5 1380.7 4498.8 1
2 7 4347.6 6993.3 1
0 6 765.1 4768.3 1
4 2 207.4 992.6 1
6 1 5009.8 10303.5 1
6 5 2420.0 8347.2 1
4 5 443.9 6051.2 1
1 7 2163.1 8061.8 1
9 1 4593.1 6535.6 1
8 4 473.5 2086.7 1
6 8 4908.9 7645.2 1
3 10 6033.9 9657.6 1
9 6 6236.0 10756.9 1
1 3 7073.7 8250.6 1
9 1 454.8 3257.2 1
6 5 2365.0 2787.8 1
1 10 2495.1 3106.3 1
0 8 719.0 5599.4 1
7 10 6994.7 12714.9 1
2 5 460.8 4653.2 1
3 9 1631.2 6108.2 1
9 5 5290.2 8810.1 1
2 4 5736.8 6989.0 1
0 5 6341.2 6700.3 1
6 5 716.8 1912.5 1
1 3 3179.4 5557.1 1
7 5 6722.5 7527.4 1
0 4 1717.2 7025.8 1
2 10 597.7 5468.3 1
1 10 4615.5 10738.2 1
4 1 3045.9 8726.5 1
5 8 5658.8 6796.6 1
8 5 5541.9 9837.6 1
4 10 3668.9 5086.6 1
6 3 7764.5 11419.3 1
6 5 6610.1 9473.8 1
1 7 7576.9 11898.9 1
3 1 616.6 5220.2 1
0 3 1995.8 8129.2 1
3 2 1599.1 2432.2 1
7 4 4512.3 8192.3 1
6 4 824.7 3785.4 1
3 8 6535.1 9922.9 1
7 2 3795.8 8758.2 1
8 3 2653.6 3781.3 1
8 2 6486.2 10410.9 1
2 3 7494.6 10737.6 1
0 1 2094.8 3023.4 1
5 8 4199.0 9626.9 1
2 7 1212.0 3591.9 1
8 4 5461.9 5554.6 1
3 8 3384.1 5448.8 1
2 5 3827.4 3980.0 1
4 1 978.7 1759.9 1
6 4 348.7 3218.7 1
4 5 2334.3 3292.1 1
6 7 2639.1 6832.2 1
2 8 8094.0 10572.3 1
8 10 1756.8 7350.3 1
9 8 1209.5 5710.1 1
9 3 6783.1 8127.4 1
8 9 7017.1 9760.2 1
8 9 7701.5 12320.0 1
8 10 6198.6 11593.8 1
3 9 2607.2 4953.5 1
2 8 2035.7 4038.1 1
7 3 686.6 2027.1 1
1 8 267.7 629.0 1
9 1 6327.7 6827.8 1
4 6 6960.8 11480.8 1
2 10 1969.7 4571.1 1
0 3 6866.3 12912.7 1
0 5 386.3 5000.9 1
5 3 3176.4 5711.3 1
9 3 4344.3 4769.8 1
9 4 7654.4 12918.9 1
3 2 1495.6 3776.1 1
5 4 4878.4 5855.1 1
7 1 3947.8 8528.9 1
0 7 83.5 1272.1 1
5 8 7204.8 7676.8 1
9 1 2832.0 5965.8 1
3 4 419.2 5892.3 1
4 9 7000.9 8871.1 1
5 1 652.2 3254.4 1
5 2 7151.7 7301.4 1
2 1 6246.7 8357.5 1
8 2 5602.7 8064.9 1
0 8 5340.8 6996.7 1
3 1 1267.1 2365.6 1
2 10 8135.1 11416.4 1
0 8 4413.9 6310.0 1
6 9 2098.0 3750.3 1
3 8 3078.8 8715.8 1
4 2 2895.3 4819.3 1
7 4 6951.8 11962.3 1
9 1 2226.6 2284.0 1
7 8 4632.0 9618.0 1
4 7 1686.8 4022.8 1
8 5 911.4 4920.2 1
8 7 7339.6 11993.8 1
3 1 2646.3 7760.4 1
6 3 2614.4 4815.8 1
5 9 5539.7 6034.8 1
3 7 2885.8 8122.1 1
2 7 5566.6 10316.9 1
2 7 5179.3 8132.3 1
9 10 5694.4 6407.9 1
0 8 1693.5 5951.8 1
7 8 799.0 2523.0 1
4 3 1251.6 6836.7 1
6 7 1260.1 3623.4 1
1 6 6871.1 9183.5 1
5 1 4638.2 7772.3 1
4 9 7896.9 12065.3 1
3 8 416.5 4037.0 1
5 7 224.8 6032.9 1
6 9 7044.5 9638.8 1
1 5 3221.3 4791.9 1
8 2 5762.2 9498.1 1
9 10 5201.5 6932.6 1
5 7 7279.3 11463.6 1
5 4 2074.8 6577.8 1
7 6 1456.8 2792.0 1
5 9 3849.4 7454.0 1
9 7 1557.7 2783.9 1
3 5 2105.8 6127.2 1
5 9 6721.3 9396.5 1
7 8 1800.2 5079.0 1
0 5 4391.7 6158.5 1
6 3 4336.9 7066.3 1
2 5 7855.3 10954.6 1
9 8 4439.8 10613.1 1
1 10 5617.9 8378.8 1
4 6 2095.8 5031.2 1
4 9 5610.2 8560.0 1
6 7 2265.0 5238.4 1
8 1 1949.7 6783.2 1
7 2 3632.5 8394.8 1
8 7 6417.7 9223.6 1
6 8 6262.2 6540.7 1
1 6 5046.2 5291.2 1
0 3 6759.4 8719.3 1
5 1 6469.5 9019.9 1
0 4 2639.4 8719.6 1
9 4 1605.5 3041.5 1
1 10 7174.9 13222.8 1
8 5 1320.7 5585.9 1
7 6 6580.2 7270.9 1
3 9 4310.2 10331.9 1
0 8 7813.4 8596.1 1
2 9 4679.1 5258.5 1
9 8 2683.7 6061.4 1
1 9 5793.1 8161.6 1
1 8 4710.7 9292.2 1
0 5 2881.6 6477.3 1
4 6 759.7 2709.8 1
7 5 7127.3 10622.7 1
9 6 6561.3 8583.4 1
8 5 227.8 4371.3 1
EOF
