NUM_STATIONS: 10
NUM_REQUESTS: 20
NUM_VEHICLES: 1
VEHICLE_CAPACITY: 1
DISTANCES
0 1 5.2
1 2 3.6
2 3 9.0
3 4 5.2
4 5 4.6
5 6 6.8
6 7 9.5
7 8 9.5
8 9 7.9
9 0 8.3
REQUEST_SECTION
3 5 215.9 348.9 1
5 3 511.8 1217.5 1
0 4 343.0 886.4 1
0 7 461.1 1136.8 1
0 5 6.9 86.3 1
3 5 555.3 1055.3 1
2 7 612.0 785.9 1
4 5 635.2 768.6 1
7 10 603.4 1348.9 1
4 5 739.4 1332.7 1
9 5 634.8 777.4 1
5 8 797.3 921.3 1
0 8 693.1 1025.9 1
4 5 291.7 398.8 1
1 9 430.0 900.7 1
7 8 462.6 1029.5 1
1 3 538.1 691.1 1
1 8 705.4 788.6 1
6 3 109.5 495.9 1
6 7 292.9 695.4 1
EOF
