NUM_STATIONS: 10
NUM_REQUESTS: 80
NUM_VEHICLES: 3
VEHICLE_CAPACITY: 2
DISTANCES
0 1 7.9
1 2 8.1
2 3 2.5
3 4 7.9
4 5 2.3
5 6 7.4
6 7 8.2
7 8 1.4
8 9 7.4
9 0 3.5
REQUEST_SECTION
9 4 77.5 250.0 1
8 6 708.9 772.6 1
1 2 179.1 750.6 1
8 4 252.9 733.9 1
2 7 651.7 1085.0 1
1 8 496.8 838.2 1
5 7 716.9 1235.4 1
1 9 477.9 717.4 1
1 4 138.3 351.9 1
4 6 73.6 388.2 1
0 8 33.9 328.5 1
7 6 719.8 1119.9 1
7 6 493.6 940.5 1
4 10 734.0 1179.3 1
8 2 111.5 499.8 1
1 4 334.3 930.1 1
2 8 658.1 822.0 1
0 3 178.4 773.1 1
8 6 152.4 699.6 1
8 1 228.8 375.8 1
9 8 162.4 409.0 1
6 3 96.5 573.5 1
2 4 45.1 504.5 1
3 10 133.7 378.8 1
5 6 189.1 662.0 1
5 6 661.8 842.7 1
2 9 530.9 1038.3 1
6 8 112.6 667.7 1
9 10 586.2 1173.2 1
5 8 15.9 215.4 1
0 5 76.3 406.2 1
2 4 282.5 692.3 1
3 9 363.7 674.5 1
0 3 251.7 651.1 1
5 6 502.2 784.0 1
5 10 251.6 326.4 1
4 8 169.5 724.7 1
9 4 306.5 496.1 1
1 9 277.2 415.0 1
0 9 535.2 923.7 1
6 3 714.3 896.6 1
0 1 626.1 1084.9 1
8 1 336.1 464.2 1
3 9 674.6 887.5 1
4 2 161.4 345.2 1
5 10 13.2 508.1 1
9 2 574.3 923.0 1
2 5 88.4 258.3 1
3 4 274.6 858.7 1
3 1 480.4 543.4 1
3 2 581.0 824.0 1
4 3 146.5 380.7 1
1 4 229.0 468.5 1
2 7 519.2 941.9 1
1 9 89.1 503.2 1
0 6 689.1 909.3 1
5 2 687.1 785.4 1
8 2 141.8 471.9 1
8 4 650.3 1201.6 1
2 4 29.4 370.3 1
6 8 58.4 374.3 1
2 9 365.8 953.9 1
2 8 246.1 500.4 1
1 8 701.3 842.9 1
9 7 270.3 536.2 1
6 2 156.8 346.0 1
2 8 424.4 916.7 1
0 4 609.7 939.7 1
7 10 202.6 519.3 1
2 4 621.4 1063.2 1
6 1 346.2 958.5 1
5 2 473.7 629.4 1
6 8 140.0 429.1 1
7 5 631.9 756.5 1
8 10 343.7 848.8 1
5 2 438.9 950.6 1
9 7 668.6 912.4 1
7 6 454.3 773.0 1
4 9 675.1 1255.8 1
3 10 174.5 500.3 1
EOF
