NUM_STATIONS: 10
NUM_REQUESTS: 160
NUM_VEHICLES: 2
VEHICLE_CAPACITY: 1
DISTANCES
0 1 7.9
1 2 8.7
2 3 5.6
3 4 8.4
4 5 6.3
5 6 1.2
6 7 4.8
7 8 8.8
8 9 1.4
9 0 2.6
REQUEST_SECTION
0 1 2974.6 4904.9 1
7 1 2031.2 3141.3 1
6 4 2361.9 3429.3 1
1 3 2829.2 2942.7 1
3 4 775.1 2830.3 1
6 5 1468.4 2454.9 1
7 4 4121.7 5975.8 1
2 1 1317.5 3351.4 1
6 2 200.7 2377.2 1
1 2 254.9 2266.1 1
1 6 2973.9 3168.2 1
5 4 2400.0 4154.2 1
4 2 3233.6 4756.8 1
8 6 3174.3 4405.7 1
6 7 213.6 1158.4 1
7 1 3000.7 3450.5 1
6 5 1169.9 3429.4 1
0 8 183.4 565.7 1
9 7 2999.9 3444.9 1
7 3 444.7 1645.9 1
5 6 3402.4 5373.9 1
1 10 2579.3 3250.7 1
9 4 2155.4 4143.2 1
0 1 2157.0 3290.5 1
3 5 4353.7 5273.2 1
8 7 3941.7 5126.9 1
3 8 4013.2 5493.0 1
0 1 257.4 805.9 1
7 2 1.4 1769.5 1
4 6 4041.4 4959.7 1
1 9 415.5 1656.6 1
1 7 204.1 282.1 1
7 10 501.4 2295.6 1
4 6 2101.2 4295.7 1
7 5 1675.4 2356.9 1
8 1 961.4 2420.4 1
2 8 3251.4 5340.6 1
3 10 3987.5 6095.9 1
7 8 3231.8 4972.6 1
7 10 2468.7 3254.3 1
3 7 2171.4 2495.7 1
9 10 3212.7 4175.1 1
5 2 1895.5 2017.6 1
7 1 295.9 1281.6 1
1 10 1999.3 2509.8 1
9 10 2614.1 3565.7 1
3 4 3736.9 3942.8 1
9 10 3142.2 4315.4 1
5 6 1941.0 3803.7 1
1 4 929.4 2714.1 1
1 3 1327.9 1481.3 1
8 2 1859.6 2625.2 1
2 7 2164.9 2366.8 1
8 1 2216.0 4371.2 1
3 6 574.3 1265.5 1
6 7 1439.5 1977.4 1
4 9 1938.7 3832.2 1
3 5 3540.9 3917.7 1
5 6 3530.4 5446.3 1
9 5 65.8 677.2 1
4 10 2781.4 4071.5 1
0 4 1057.1 1927.6 1
9 10 684.7 2176.5 1
1 7 4385.3 6449.4 1
8 6 3256.6 5169.4 1
2 8 1096.3 3079.6 1
5 1 3921.4 4850.6 1
9 1 759.4 1778.8 1
8 4 3238.9 4376.6 1
6 4 613.7 1417.0 1
3 5 4261.4 6370.4 1
7 1 2853.5 4811.6 1
0 7 4279.3 5070.6 1
5 9 3852.4 5449.2 1
1 9 1479.5 2224.9 1
4 1 1714.3 2933.7 1
9 3 1612.9 2921.0 1
8 5 3903.2 5022.4 1
6 10 3078.7 4378.0 1
7 1 1100.4 1971.1 1
3 10 3469.6 5209.8 1
6 8 482.9 2550.8 1
5 8 1530.3 3612.4 1
9 8 4335.4 6016.8 1
7 4 1907.9 3065.7 1
0 4 439.5 1618.9 1
2 9 1108.3 2919.6 1
0 7 1718.7 3666.0 1
0 4 2155.1 3600.3 1
1 6 983.5 1993.4 1
0 6 702.0 1575.0 1
0 5 3070.4 5236.5 1
7 1 3470.7 3814.2 1
1 3 222.6 1041.9 1
3 8 3933.0 5681.7 1
7 2 3967.0 6157.6 1
6 2 2855.7 4345.0 1
8 9 3796.3 6018.3 1
0 3 3083.8 5003.2 1
2 7 1570.4 3573.6 1
6 1 3775.8 5105.2 1
8 9 863.2 1491.3 1
6 4 3701.4 5237.0 1
0 4 2097.7 3752.9 1
7 3 3155.0 5099.8 1
6 4 3053.9 3420.3 1
3 8 724.4 2061.8 1
9 7 2102.0 2472.1 1
3 1 1212.4 1963.8 1
2 8 3742.0 5968.1 1
3 2 4202.3 6168.1 1
1 10 1515.7 3012.7 1
8 5 2943.6 4596.0 1
1 8 280.6 1586.4 1
1 10 3163.4 3374.1 1
8 10 3875.7 4903.5 1
6 8 2326.9 3165.7 1
3 6 3422.4 5280.3 1
8 9 1363.2 3616.4 1
2 7 3734.5 5757.3 1
0 7 2748.1 3476.0 1
6 2 2720.9 2814.7 1
3 1 98.5 509.1 1
5 8 1374.4 2830.3 1
4 6 2322.0 3100.3 1
5 3 3810.1 5624.3 1
6 1 3865.9 4175.7 1
2 9 246.6 987.2 1
1 10 2058.6 2900.2 1
0 5 3836.8 5150.2 1
1 5 4290.6 4708.1 1
7 6 512.6 2559.1 1
1 6 1214.5 2664.3 1
5 10 3107.9 4903.7 1
4 10 272.1 2212.3 1
7 8 2055.4 3608.4 1
5 7 2115.5 3153.8 1
5 8 3925.1 5449.5 1
3 8 858.0 914.7 1
6 8 3591.9 5516.5 1
7 1 2164.6 3412.1 1
9 6 1059.5 2480.4 1
1 10 1927.9 2988.4 1
1 5 2342.1 4005.4 1
1 9 4237.3 4482.8 1
4 6 3987.7 4674.6 1
7 6 3554.2 4331.5 1
6 9 3170.9 4626.6 1
7 2 888.2 1704.5 1
5 7 1735.8 2239.4 1
7 10 1173.6 3438.3 1
3 8 1540.6 2309.4 1
1 3 3691.6 5701.5 1
2 8 4060.2 4270.2 1
4 2 4062.1 5535.2 1
5 8 2682.9 2979.0 1
4 2 1816.5 2918.1 1
4 2 2947.9 4508.8 1
9 8 875.1 1920.0 1
0 9 1207.9 2548.0 1
EOF
