NUM_STATIONS: 10
NUM_REQUESTS: 160
NUM_VEHICLES: 1
VEHICLE_CAPACITY: 4
DISTANCES
0 1 3.3
1 2 8.6
2 3 9.8
3 4 4.8
4 5 3.7
5 6 5.0
6 7 1.8
7 8 2.0
8 9 1.3
9 0 2.7
REQUEST_SECTION
9 3 685.5 1465.1 1
8 4 729.0 1146.1 1
4 8 466.8 1580.8 1
6 3 783.4 1438.3 1
8 2 669.6 1058.5 1
7 2 552.3 693.2 1
8 1 287.4 1116.1 1
6 4 241.6 338.2 1
7 2 1054.4 1996.3 1
2 6 257.7 847.7 1
3 7 831.1 1584.7 1
8 4 1081.9 1513.3 1
0 8 498.0 1690.2 1
8 10 136.7 1091.7 1
8 2 477.9 1676.1 1
4 2 614.8 1498.2 1
3 5 891.6 1519.8 1
5 7 364.4 1300.6 1
3 7 733.6 1695.0 1
7 4 200.8 446.6 1
6 7 1083.8 1404.8 1
3 7 1024.4 1693.5 1
5 2 33.6 541.2 1
4 7 860.3 1921.0 1
3 5 1039.9 1761.0 1
1 3 1010.5 1176.8 1
9 10 551.4 1358.3 1
3 6 329.6 801.9 1
3 7 1023.6 1283.2 1
7 10 940.9 1790.1 1
8 9 1038.7 1449.9 1
3 9 550.2 1699.6 1
4 7 940.2 2112.6 1
4 6 1096.8 1270.5 1
6 10 102.2 1139.7 1
1 3 1192.5 2368.8 1
8 7 1124.1 1839.3 1
8 10 804.8 1992.7 1
2 1 924.0 2035.1 1
5 1 1045.2 1203.2 1
2 4 718.2 1881.6 1
5 10 549.6 1608.1 1
8 6 731.4 1118.0 1
5 2 850.2 1841.4 1
6 2 67.3 130.2 1
5 4 393.2 1341.9 1
0 9 976.0 1209.1 1
3 4 1160.0 2039.7 1
0 2 702.6 1253.5 1
9 7 1124.2 2411.9 1
8 3 977.4 1848.2 1
1 4 356.3 1487.7 1
3 1 350.5 994.4 1
2 7 429.3 840.2 1
3 10 717.6 1410.8 1
2 4 534.6 1598.2 1
5 8 943.9 2254.6 1
8 1 785.4 1210.2 1
2 3 1227.3 1472.6 1
6 8 706.4 1122.1 1
8 10 98.9 1318.4 1
6 8 815.5 1846.1 1
2 6 1279.7 1863.5 1
6 7 436.7 1717.5 1
7 2 732.2 2009.8 1
0 7 932.3 1506.1 1
3 5 666.6 1820.7 1
4 5 1072.6 1638.0 1
5 2 289.7 1274.8 1
5 4 152.8 616.0 1
5 3 1066.4 2106.5 1
3 10 712.0 1943.9 1
6 7 685.0 1411.9 1
2 9 778.9 898.1 1
1 8 650.8 1666.6 1
0 1 890.4 2117.4 1
2 9 417.7 1432.9 1
9 5 395.7 826.2 1
6 5 411.1 1674.1 1
3 7 586.5 1778.5 1
7 1 980.4 2231.2 1
3 2 725.9 1033.2 1
2 7 370.4 1545.6 1
1 8 661.4 794.8 1
1 10 582.1 1152.6 1
9 8 1233.7 1693.1 1
7 8 1094.2 2343.2 1
2 7 753.7 1640.3 1
6 1 876.2 1658.1 1
7 3 594.4 864.4 1
8 2 222.7 864.1 1
2 6 187.3 1157.0 1
8 6 1005.1 2116.4 1
1 3 893.8 1504.8 1
9 5 724.7 1390.4 1
0 3 324.3 1261.2 1
5 10 796.4 971.3 1
7 3 428.7 1466.8 1
5 10 45.3 147.0 1
6 2 657.1 1348.1 1
6 8 265.9 1587.5 1
8 5 796.3 1153.5 1
0 2 1248.9 1545.8 1
9 5 197.5 649.1 1
8 3 565.9 1364.6 1
4 9 15.1 579.2 1
4 9 1203.8 2001.6 1
1 6 312.0 1553.8 1
9 4 1240.7 2362.4 1
9 6 1220.1 2529.4 1
0 2 762.3 1681.5 1
6 8 10.5 1050.7 1
6 2 212.2 1056.5 1
2 6 968.1 1273.4 1
6 3 972.2 1805.7 1
7 3 386.2 1112.2 1
3 9 346.2 891.0 1
6 10 821.3 1778.6 1
3 2 734.4 1627.7 1
9 1 226.1 778.1 1
6 9 769.0 1391.3 1
4 9 1112.1 1358.6 1
3 9 1042.0 1514.2 1
8 5 771.7 2045.4 1
4 5 1186.2 2368.2 1
0 4 4.2 540.5 1
5 8 389.8 567.5 1
9 10 366.3 1309.2 1
0 2 1225.8 1380.0 1
1 3 421.4 766.1 1
4 2 619.0 1632.2 1
4 3 821.2 1032.4 1
0 1 1225.9 2431.2 1
9 3 440.0 489.8 1
5 6 79.2 568.9 1
4 9 1099.6 1828.8 1
5 2 614.3 1233.1 1
0 6 538.3 1228.1 1
1 9 1078.5 2178.1 1
9 3 150.9 647.0 1
4 10 301.3 966.9 1
2 7 731.9 1730.8 1
5 1 798.0 1125.8 1
3 10 1190.3 1476.8 1
3 6 96.2 754.6 1
2 4 438.4 819.7 1
0 4 346.9 1078.2 1
0 8 727.1 1331.2 1
3 5 137.1 505.8 1
0 3 1071.1 1192.1 1
3 8 1135.9 1406.5 1
4 9 870.5 1595.4 1
3 10 1196.9 1589.5 1
6 3 1086.9 1343.4 1
7 3 125.8 267.5 1
6 10 1247.9 2357.4 1
9 7 12.4 764.1 1
0 6 186.3 1296.0 1
6 5 648.7 1216.1 1
7 4 73.5 271.0 1
EOF
