NUM_STATIONS: 10
NUM_REQUESTS: 40
NUM_VEHICLES: 3
VEHICLE_CAPACITY: 1
DISTANCES
0 1 5.8
1 2 5.9
2 3 5.5
3 4 4.6
4 5 6.6
5 6 8.5
6 7 2.2
7 8 4.0
8 9 2.7
9 0 5.9
REQUEST_SECTION
5 3 432.6 603.7 1
6 3 167.9 359.5 1
4 5 4.8 219.2 1
3 7 169.9 335.1 1
8 3 100.2 418.1 1
2 5 362.5 715.5 1
2 8 56.1 368.0 1
4 7 229.8 614.1 1
9 1 359.9 736.3 1
2 4 221.0 334.8 1
1 10 85.5 270.9 1
7 2 500.3 770.5 1
5 4 238.5 590.2 1
2 8 190.3 585.9 1
2 5 177.2 334.8 1
8 3 419.1 619.6 1
6 2 363.4 553.5 1
9 5 271.9 569.5 1
5 8 156.7 235.3 1
6 9 324.3 497.5 1
3 2 293.3 590.2 1
7 2 274.9 655.8 1
3 5 311.1 606.7 1
9 2 188.5 459.8 1
9 5 45.4 248.4 1
5 3 132.5 444.5 1
5 9 107.7 190.9 1
1 9 485.2 793.3 1
0 4 138.0 340.4 1
3 5 283.4 450.8 1
8 7 76.9 154.2 1
3 4 18.7 396.9 1
7 2 147.5 252.5 1
9 8 51.5 281.3 1
4 6 143.4 244.9 1
2 3 19.2 264.4 1
2 9 430.0 700.9 1
3 1 222.9 534.4 1
4 2 88.0 398.5 1
3 8 36.1 358.1 1
EOF
