NUM_STATIONS: 10
NUM_REQUESTS: 40
NUM_VEHICLES: 2
VEHICLE_CAPACITY: 8
DISTANCES
0 1 5.5
1 2 7.8
2 3 7.1
3 4 4.8
4 5 4.5
5 6 3.9
6 7 2.7
7 8 6.4
8 9 8.5
9 0 7.6
REQUEST_SECTION
8 7 100.2 171.3 1
8 6 75.4 175.9 1
7 5 19.1 133.2 1
5 10 144.8 234.2 1
6 9 127.0 217.8 1
3 4 8.2 103.6 1
4 2 129.8 205.5 1
5 3 29.2 109.1 1
5 10 76.3 163.1 1
2 9 62.4 194.1 1
2 8 134.3 236.2 1
0 7 111.4 223.7 1
4 5 104.0 205.3 1
3 9 85.6 151.8 1
5 7 45.5 170.1 1
8 4 69.2 152.3 1
9 8 104.7 169.7 1
2 10 101.6 188.4 1
4 7 33.1 102.2 1
4 10 3.1 72.7 1
7 2 3.2 95.3 1
3 5 2.1 77.9 1
1 9 138.1 201.1 1
9 8 63.2 147.0 1
5 1 63.8 153.4 1
5 3 134.9 254.4 1
5 8 5.5 110.1 1
5 6 95.7 185.8 1
0 1 46.7 117.6 1
5 2 7.4 116.4 1
5 3 100.4 170.5 1
1 10 38.9 109.2 1
2 4 139.4 215.9 1
8 3 83.5 204.8 1
5 7 12.3 71.5 1
1 10 45.2 105.5 1
5 1 3.7 69.7 1
2 6 83.7 196.2 1
7 5 0.9 128.8 1
8 7 35.7 122.0 1
EOF
