NUM_STATIONS: 10
NUM_REQUESTS: 80
NUM_VEHICLES: 3
VEHICLE_CAPACITY: 2
DISTANCES
0 1 7.9
1 2 8.1
2 3 2.5
3 4 7.9
4 5 2.3
5 6 7.4
6 7 8.2
7 8 1.4
8 9 7.4
9 0 3.5
REQUEST_SECTION
9 4 280.1 397.8 1
8 6 192.6 610.5 1
1 2 43.2 102.7 1
8 4 148.2 265.0 1
2 7 319.2 493.0 1
1 8 521.4 892.0 1
5 7 266.3 372.4 1
1 9 495.1 789.4 1
1 4 228.5 458.4 1
4 6 111.4 424.4 1
0 8 238.5 404.8 1
7 6 506.2 739.4 1
7 6 10.1 364.2 1
4 10 25.7 300.6 1
8 2 296.1 429.9 1
1 4 370.7 503.8 1
2 8 119.0 439.4 1
0 3 463.5 828.8 1
8 6 488.5 823.8 1
8 1 95.4 513.3 1
9 8 71.3 204.3 1
6 3 91.4 318.6 1
2 4 209.1 593.2 1
3 10 141.7 225.3 1
5 6 229.0 452.0 1
5 6 248.3 669.8 1
2 9 440.7 782.1 1
6 8 157.1 523.5 1
9 10 549.0 732.6 1
5 8 462.3 554.7 1
0 5 136.9 554.4 1
2 4 319.1 490.3 1
3 9 249.6 440.1 1
0 3 536.8 866.0 1
5 6 304.3 647.5 1
5 10 207.4 417.9 1
4 8 90.9 299.3 1
9 4 163.8 582.7 1
1 9 525.3 821.1 1
0 9 289.4 699.8 1
6 3 487.0 862.7 1
0 1 21.5 193.6 1
8 1 355.7 720.3 1
3 9 368.5 745.5 1
4 2 537.6 842.7 1
5 10 398.6 812.4 1
9 2 510.0 574.0 1
2 5 80.6 367.1 1
3 4 237.3 552.1 1
3 1 172.9 302.0 1
3 2 444.4 597.9 1
4 3 309.0 625.1 1
1 4 212.5 284.1 1
2 7 97.4 159.2 1
1 9 248.0 610.0 1
0 6 432.0 553.5 1
5 2 117.6 409.5 1
8 2 224.5 556.8 1
8 4 63.1 234.1 1
2 4 444.3 688.9 1
6 8 207.9 556.7 1
2 9 509.1 870.3 1
2 8 422.3 822.7 1
1 8 40.5 219.8 1
9 7 441.8 509.7 1
6 2 68.6 418.1 1
2 8 114.2 433.6 1
0 4 313.0 562.7 1
7 10 500.4 565.5 1
2 4 187.0 354.6 1
6 1 53.0 132.1 1
5 2 151.2 298.6 1
6 8 160.6 407.0 1
7 5 326.8 500.5 1
8 10 154.6 332.9 1
5 2 341.5 490.9 1
9 7 21.3 260.8 1
7 6 143.9 342.1 1
4 9 522.8 745.6 1
3 10 107.5 234.0 1
EOF
