NUM_STATIONS: 10
NUM_REQUESTS: 20
NUM_VEHICLES: 1
VEHICLE_CAPACITY: 2
DISTANCES
0 1 5.2
1 2 3.6
2 3 9.0
3 4 5.2
4 5 4.6
5 6 6.8
6 7 9.5
7 8 9.5
8 9 7.9
9 0 8.3
REQUEST_SECTION
3 5 599.0 1146.9 1
5 3 108.5 400.4 1
0 4 364.0 635.5 1
0 7 139.9 433.6 1
0 5 395.0 818.4 1
3 5 202.8 564.6 1
2 7 68.3 627.6 1
4 5 66.4 639.7 1
7 10 497.1 956.3 1
4 5 175.0 301.6 1
9 5 266.9 656.3 1
5 8 337.4 692.9 1
0 8 521.5 688.5 1
4 5 424.6 517.0 1
1 9 276.6 647.6 1
7 8 138.7 568.7 1
1 3 84.4 512.9 1
1 8 137.1 306.0 1
6 3 492.8 1072.1 1
6 7 183.9 747.8 1
EOF
