NUM_STATIONS: 10
NUM_REQUESTS: 40
NUM_VEHICLES: 1
VEHICLE_CAPACITY: 8
DISTANCES
0 1 2.8
1 2 2.9
2 3 8.4
3 4 7.3
4 5 6.1
5 6 1.6
6 7 8.4
7 8 7.7
8 9 3.2
9 0 1.5
REQUEST_SECTION
4 8 175.0 282.2 1
3 10 58.4 203.3 1
6 4 11.1 150.0 1
1 6 26.5 89.1 1
0 4 136.0 205.7 1
5 3 178.9 320.4 1
6 9 6.5 90.6 1
1 10 98.2 173.7 1
1 9 61.2 185.8 1
0 6 186.2 272.0 1
6 9 18.9 153.0 1
5 6 30.5 184.5 1
9 3 113.5 268.6 1
6 2 40.1 108.5 1
9 3 157.4 320.3 1
0 2 163.2 235.7 1
9 5 13.0 86.1 1
7 4 63.0 156.2 1
1 5 99.0 151.0 1
5 4 172.4 248.7 1
8 5 92.5 168.5 1
7 6 154.2 308.1 1
4 1 61.7 172.9 1
4 10 166.0 227.1 1
7 5 132.4 243.3 1
1 10 150.4 285.8 1
3 5 119.6 201.7 1
2 5 120.6 196.6 1
6 8 89.0 251.5 1
4 7 22.2 191.7 1
9 1 100.5 189.9 1
6 3 90.2 246.0 1
8 9 98.1 219.3 1
6 3 93.0 163.8 1
5 2 69.2 242.6 1
8 5 63.3 171.1 1
7 9 128.1 231.6 1
5 4 161.9 257.7 1
0 2 85.7 236.2 1
2 4 31.1 154.4 1
EOF
