NUM_STATIONS: 10
NUM_REQUESTS: 80
NUM_VEHICLES: 1
VEHICLE_CAPACITY: 8
DISTANCES
0 1 5.3
1 2 5.1
2 3 4.1
3 4 5.8
4 5 8.8
5 6 4.0
6 7 7.4
7 8 2.6
8 9 6.4
9 0 5.7
REQUEST_SECTION
7 4 537.6 668.4 1
7 1 473.2 839.1 1
9 2 202.9 654.2 1
2 9 217.4 435.2 1
6 10 103.2 495.0 1
0 9 146.1 340.5 1
6 8 46.8 416.3 1
2 3 24.1 307.2 1
4 7 324.8 546.5 1
1 4 461.0 699.4 1
5 9 442.2 902.7 1
7 1 438.1 680.7 1
5 3 125.8 182.5 1
4 10 459.1 521.6 1
0 1 285.9 396.2 1
8 9 329.1 711.5 1
8 2 231.3 486.1 1
8 4 112.7 398.4 1
1 5 380.5 838.0 1
5 3 436.5 780.6 1
8 2 158.2 591.4 1
3 6 223.2 555.8 1
5 4 321.4 567.0 1
7 9 136.2 340.4 1
3 5 506.0 602.2 1
7 8 462.3 824.8 1
0 8 134.4 533.6 1
9 2 58.5 424.4 1
1 6 85.9 225.4 1
4 7 509.4 872.4 1
0 7 53.4 447.1 1
5 7 94.1 357.8 1
4 7 0.5 278.2 1
1 6 432.5 550.4 1
0 9 92.8 549.0 1
8 9 497.5 921.0 1
2 5 359.5 599.3 1
1 10 312.0 779.7 1
3 2 514.3 617.3 1
9 6 30.9 475.2 1
7 8 92.7 282.4 1
6 8 207.8 286.7 1
6 3 434.8 879.7 1
0 6 508.9 844.9 1
1 6 410.8 784.2 1
0 7 471.9 581.8 1
6 3 83.4 432.1 1
3 2 124.2 380.2 1
8 10 350.6 754.8 1
6 3 201.4 459.3 1
9 8 97.3 182.9 1
1 6 333.0 631.1 1
3 2 373.9 625.3 1
2 5 441.6 666.3 1
6 1 62.0 136.0 1
9 4 419.3 751.8 1
7 9 252.8 708.1 1
1 2 23.5 432.8 1
8 4 147.7 234.8 1
3 7 112.6 423.9 1
1 8 53.0 380.6 1
3 5 5.9 179.2 1
6 4 337.3 502.6 1
5 9 347.4 558.8 1
4 3 359.0 694.6 1
1 8 201.4 490.0 1
0 9 548.9 888.2 1
9 5 512.0 954.8 1
2 9 91.9 496.9 1
6 2 452.1 518.7 1
9 1 1.4 407.9 1
9 3 446.5 690.3 1
5 2 175.7 518.1 1
8 10 46.2 369.3 1
3 7 228.1 399.3 1
7 5 32.5 289.5 1
0 5 391.5 698.1 1
6 1 233.3 430.4 1
7 1 174.2 323.9 1
3 9 227.3 428.6 1
EOF
