NUM_STATIONS: 10
NUM_REQUESTS: 40
NUM_VEHICLES: 3
VEHICLE_CAPACITY: 8
DISTANCES
0 1 5.5
1 2 7.8
2 3 7.1
3 4 4.8
4 5 4.5
5 6 3.9
6 7 2.7
7 8 6.4
8 9 8.5
9 0 7.6
REQUEST_SECTION
8 7 24.8 101.8 1
8 6 45.1 107.3 1
7 5 44.1 140.8 1
5 10 57.2 151.5 1
6 9 28.5 93.1 1
3 4 7.9 85.3 1
4 2 82.0 148.0 1
5 3 34.9 108.2 1
5 10 31.2 121.4 1
2 9 23.2 85.6 1
2 8 23.1 114.8 1
0 7 24.0 102.1 1
4 5 24.8 112.4 1
3 9 79.3 140.8 1
5 7 24.9 106.7 1
8 4 3.4 75.9 1
9 8 46.9 121.6 1
2 10 16.7 119.5 1
4 7 14.5 115.5 1
4 10 48.1 126.0 1
7 2 46.1 108.4 1
3 5 67.2 140.3 1
1 9 46.7 123.8 1
9 8 43.7 107.4 1
5 1 51.0 145.0 1
5 3 38.2 100.6 1
5 8 90.1 163.6 1
5 6 0.3 63.4 1
0 1 59.5 129.6 1
5 2 70.8 176.4 1
5 3 19.2 124.6 1
1 10 84.0 160.5 1
2 4 37.8 128.8 1
8 3 44.2 143.6 1
5 7 10.5 93.4 1
1 10 76.6 177.9 1
5 1 28.9 128.3 1
2 6 65.5 158.9 1
7 5 71.0 150.0 1
8 7 17.6 113.4 1
EOF
