NUM_STATIONS: 10
NUM_REQUESTS: 40
NUM_VEHICLES: 3
VEHICLE_CAPACITY: 2
DISTANCES
0 1 2.8
1 2 2.9
2 3 8.4
3 4 7.3
4 5 6.1
5 6 1.6
6 7 8.4
7 8 7.7
8 9 3.2
9 0 1.5
REQUEST_SECTION
4 8 119.1 280.9 1
3 10 136.2 306.9 1
6 4 324.4 505.1 1
1 6 229.8 352.4 1
0 4 301.9 454.4 1
5 3 291.3 372.3 1
6 9 250.2 428.4 1
1 10 144.7 223.5 1
1 9 198.0 324.9 1
0 6 273.7 368.5 1
6 9 198.0 311.2 1
5 6 321.6 404.1 1
9 3 198.6 328.0 1
6 2 16.1 197.5 1
9 3 145.0 308.3 1
0 2 162.3 324.4 1
9 5 29.2 90.5 1
7 4 184.2 245.9 1
1 5 106.2 244.2 1
5 4 157.7 219.7 1
8 5 1.2 129.4 1
7 6 159.2 234.6 1
4 1 245.0 388.1 1
4 10 223.6 301.6 1
7 5 313.1 374.6 1
1 10 47.6 207.2 1
3 5 28.2 215.7 1
2 5 69.9 240.6 1
6 8 60.1 166.0 1
4 7 75.5 167.9 1
9 1 80.6 139.5 1
6 3 276.9 456.1 1
8 9 271.8 388.1 1
6 3 23.8 198.5 1
5 2 94.3 228.2 1
8 5 89.9 227.9 1
7 9 15.4 104.0 1
5 4 34.1 220.9 1
0 2 101.8 235.5 1
2 4 239.7 439.8 1
EOF
