NUM_STATIONS: 10
NUM_REQUESTS: 40
NUM_VEHICLES: 1
VEHICLE_CAPACITY: 4
DISTANCES
0 1 4.3
1 2 4.7
2 3 7.7
3 4 5.3
4 5 3.2
5 6 1.5
6 7 9.1
7 8 3.7
8 9 3.4
9 0 3.5
REQUEST_SECTION
2 7 174.7 372.7 1
8 10 51.0 222.0 1
4 9 179.2 315.7 1
1 7 194.8 391.2 1
9 5 94.6 307.3 1
8 6 198.7 391.3 1
2 6 124.4 253.6 1
6 5 174.7 236.7 1
4 9 199.1 358.7 1
6 9 20.2 109.1 1
1 5 385.2 600.9 1
3 8 427.7 694.5 1
9 10 336.7 455.0 1
4 5 390.4 626.8 1
5 6 185.5 450.7 1
3 9 217.3 467.9 1
5 7 386.9 537.3 1
0 5 259.6 470.1 1
5 10 128.4 326.4 1
0 2 182.6 388.6 1
0 4 182.9 366.9 1
1 7 132.5 204.4 1
0 3 56.1 231.5 1
9 3 271.4 501.9 1
3 6 420.3 696.9 1
9 7 30.1 200.9 1
4 7 220.4 458.4 1
2 5 54.3 141.5 1
2 5 372.3 464.9 1
0 4 297.8 466.0 1
0 9 188.6 277.0 1
7 1 25.4 298.7 1
7 2 309.2 462.5 1
1 9 147.2 207.8 1
2 7 130.3 311.2 1
9 8 174.4 388.2 1
7 6 258.4 469.7 1
4 2 439.1 626.4 1
1 6 303.5 473.0 1
4 1 10.3 93.6 1
EOF
