NUM_STATIONS: 10
NUM_REQUESTS: 20
NUM_VEHICLES: 1
VEHICLE_CAPACITY: 4
DISTANCES
0 1 6.6
1 2 8.7
2 3 5.9
3 4 9.0
4 5 3.2
5 6 7.2
6 7 4.7
7 8 8.2
8 9 3.5
9 0 6.8
REQUEST_SECTION
3 5 124.1 244.7 1
1 7 64.1 256.2 1
4 5 61.0 219.2 1
0 6 99.8 198.9 1
1 7 26.6 182.2 1
6 7 36.4 246.3 1
0 8 105.9 171.6 1
1 4 131.9 288.9 1
0 5 205.5 340.3 1
6 1 88.5 200.5 1
0 8 144.5 246.1 1
8 2 173.3 334.0 1
8 2 219.9 382.3 1
4 1 137.3 227.5 1
4 7 157.2 373.2 1
5 10 130.7 263.5 1
7 3 226.5 431.7 1
6 2 30.8 125.7 1
0 8 41.3 187.1 1
5 8 182.5 313.7 1
EOF
