NUM_STATIONS: 10
NUM_REQUESTS: 40
NUM_VEHICLES: 2
VEHICLE_CAPACITY: 8
DISTANCES
0 1 2.8
1 2 2.9
2 3 8.4
3 4 7.3
4 5 6.1
5 6 1.6
6 7 8.4
7 8 7.7
8 9 3.2
9 0 1.5
REQUEST_SECTION
4 8 49.4 157.9 1
3 10 64.7 136.4 1
6 4 45.8 139.4 1
1 6 70.1 140.5 1
0 4 53.5 163.0 1
5 3 73.1 180.8 1
6 9 42.1 93.6 1
1 10 29.1 118.0 1
1 9 4.2 88.3 1
0 6 64.4 116.9 1
6 9 90.8 189.7 1
5 6 30.1 135.8 1
9 3 70.9 156.6 1
6 2 87.4 189.0 1
9 3 48.4 157.7 1
0 2 74.4 147.3 1
9 5 18.4 69.4 1
7 4 27.9 127.1 1
1 5 8.7 59.1 1
5 4 76.4 137.9 1
8 5 72.4 133.2 1
7 6 22.0 103.9 1
4 1 6.1 84.2 1
4 10 3.8 110.3 1
7 5 22.7 102.1 1
1 10 40.4 91.4 1
3 5 12.2 120.7 1
2 5 27.5 120.3 1
6 8 18.8 125.8 1
4 7 45.3 140.5 1
9 1 36.6 88.1 1
6 3 30.3 84.0 1
8 9 69.6 128.4 1
6 3 64.8 119.1 1
5 2 53.0 136.8 1
8 5 61.2 132.7 1
7 9 21.9 79.4 1
5 4 92.7 186.4 1
0 2 29.8 118.3 1
2 4 54.3 146.7 1
EOF
