NUM_STATIONS: 10
NUM_REQUESTS: 40
NUM_VEHICLES: 1
VEHICLE_CAPACITY: 2
DISTANCES
0 1 2.8
1 2 2.9
2 3 8.4
3 4 7.3
4 5 6.1
5 6 1.6
6 7 8.4
7 8 7.7
8 9 3.2
9 0 1.5
REQUEST_SECTION
4 8 205.7 405.0 1
3 10 406.6 885.4 1
6 4 408.5 606.5 1
1 6 570.2 863.9 1
0 4 684.6 1220.3 1
5 3 305.8 607.7 1
6 9 126.0 648.0 1
1 10 342.3 818.4 1
1 9 183.9 473.7 1
0 6 649.2 826.3 1
6 9 110.7 845.7 1
5 6 711.2 1497.2 1
9 3 368.3 853.7 1
6 2 494.0 778.8 1
9 3 292.2 677.8 1
0 2 535.1 713.4 1
9 5 592.0 792.8 1
7 4 716.6 1389.8 1
1 5 714.7 981.1 1
5 4 639.0 1410.0 1
8 5 156.4 418.5 1
7 6 406.3 524.2 1
4 1 477.4 839.2 1
4 10 255.0 839.2 1
7 5 660.0 1336.8 1
1 10 80.6 758.8 1
3 5 505.0 1009.8 1
2 5 284.2 483.7 1
6 8 220.3 997.4 1
4 7 508.0 1272.0 1
9 1 432.6 1186.3 1
6 3 671.5 842.3 1
8 9 495.6 1073.0 1
6 3 130.1 757.2 1
5 2 68.5 809.3 1
8 5 116.4 512.5 1
7 9 346.9 703.6 1
5 4 51.5 149.8 1
0 2 202.5 439.0 1
2 4 362.7 1067.0 1
EOF
