NUM_STATIONS: 10
NUM_REQUESTS: 20
NUM_VEHICLES: 2
VEHICLE_CAPACITY: 8
DISTANCES
0 1 6.6
1 2 8.7
2 3 5.9
3 4 9.0
4 5 3.2
5 6 7.2
6 7 4.7
7 8 8.2
8 9 3.5
9 0 6.8
REQUEST_SECTION
3 5 37.8 134.9 1
1 7 53.1 163.0 1
4 5 25.5 104.6 1
0 6 45.6 142.8 1
1 7 48.3 166.2 1
6 7 18.8 129.6 1
0 8 22.1 134.7 1
1 4 49.3 138.6 1
0 5 14.6 132.6 1
6 1 5.8 124.0 1
0 8 5.2 121.7 1
8 2 30.5 101.8 1
8 2 40.9 136.3 1
4 1 45.5 126.5 1
4 7 58.5 167.9 1
5 10 21.8 119.4 1
7 3 47.5 146.0 1
6 2 25.7 143.2 1
0 8 3.0 100.1 1
5 8 43.7 159.9 1
EOF
