NUM_STATIONS: 10
NUM_REQUESTS: 80
NUM_VEHICLES: 1
VEHICLE_CAPACITY: 8
DISTANCES
0 1 2.4
1 2 8.8
2 3 9.2
3 4 4.4
4 5 2.3
5 6 10.0
6 7 6.1
7 8 3.9
8 9 6.9
9 0 4.1
REQUEST_SECTION
4 2 12.6 438.5 1
1 6 334.1 735.5 1
9 8 263.7 525.6 1
7 1 64.4 320.4 1
1 5 70.2 556.1 1
5 9 274.1 475.4 1
1 5 380.1 803.1 1
5 6 447.5 571.7 1
2 8 50.9 393.7 1
6 1 276.5 351.2 1
5 3 0.9 244.7 1
2 7 525.2 863.9 1
5 9 82.4 263.8 1
0 2 42.0 186.7 1
1 8 254.2 338.3 1
7 10 61.0 533.5 1
1 3 474.4 741.9 1
5 3 471.6 540.8 1
2 5 420.5 574.7 1
4 8 360.1 533.8 1
2 4 439.2 776.3 1
4 2 297.3 376.1 1
7 10 178.5 436.5 1
5 6 64.9 402.9 1
5 9 375.2 504.7 1
7 6 346.3 452.9 1
1 5 180.9 425.2 1
1 2 327.6 522.1 1
9 1 151.5 344.5 1
3 7 317.5 379.1 1
7 2 375.1 669.9 1
1 7 168.8 502.0 1
3 8 373.5 720.2 1
1 5 282.8 659.5 1
1 8 141.2 317.6 1
3 9 51.3 386.0 1
1 10 230.9 389.7 1
7 2 517.1 727.2 1
3 6 249.3 323.1 1
8 7 292.1 454.3 1
1 2 72.5 207.4 1
0 7 237.2 520.1 1
0 3 234.4 621.8 1
0 4 128.4 210.4 1
6 5 562.9 686.8 1
5 8 484.9 802.9 1
1 10 498.3 992.4 1
5 6 346.4 765.7 1
4 7 167.3 346.9 1
8 9 103.4 344.7 1
5 8 412.7 811.1 1
6 7 166.6 445.0 1
0 8 270.8 654.8 1
1 9 510.6 857.7 1
0 5 566.1 1041.5 1
0 4 17.4 479.6 1
4 9 481.7 554.7 1
3 1 76.0 503.3 1
7 2 429.9 607.5 1
5 8 311.1 431.0 1
2 10 406.0 792.8 1
7 9 203.1 684.9 1
8 5 170.3 237.1 1
5 6 291.3 503.3 1
8 2 331.5 445.3 1
5 2 432.9 826.0 1
5 1 204.2 399.2 1
8 7 444.4 710.7 1
3 7 239.4 335.2 1
4 7 18.2 328.5 1
6 4 247.9 311.9 1
9 7 328.9 536.4 1
9 3 51.7 540.9 1
9 5 153.1 584.8 1
9 10 182.2 350.6 1
8 10 550.4 827.1 1
9 6 533.7 1014.2 1
3 9 457.7 647.0 1
2 9 409.7 729.7 1
2 4 155.3 506.5 1
EOF
