NUM_STATIONS: 10
NUM_REQUESTS: 40
NUM_VEHICLES: 2
VEHICLE_CAPACITY: 4
DISTANCES
0 1 2.8
1 2 2.9
2 3 8.4
3 4 7.3
4 5 6.1
5 6 1.6
6 7 8.4
7 8 7.7
8 9 3.2
9 0 1.5
REQUEST_SECTION
4 8 0.7 158.8 1
3 10 65.2 191.1 1
6 4 12.6 114.4 1
1 6 90.5 253.8 1
0 4 140.7 200.0 1
5 3 114.4 181.4 1
6 9 14.7 174.2 1
1 10 173.5 405.9 1
1 9 16.1 80.0 1
0 6 79.4 152.0 1
6 9 36.9 228.8 1
5 6 62.9 189.8 1
9 3 89.3 284.5 1
6 2 142.4 290.9 1
9 3 86.4 192.2 1
0 2 67.8 205.2 1
9 5 131.7 276.4 1
7 4 102.6 267.9 1
1 5 131.6 265.3 1
5 4 11.0 179.7 1
8 5 67.5 169.8 1
7 6 62.7 289.8 1
4 1 117.7 345.2 1
4 10 114.0 187.5 1
7 5 94.7 302.5 1
1 10 18.1 240.9 1
3 5 5.6 134.3 1
2 5 37.8 140.0 1
6 8 80.9 200.9 1
4 7 30.2 84.1 1
9 1 20.7 137.4 1
6 3 0.9 163.8 1
8 9 104.8 301.3 1
6 3 48.4 215.9 1
5 2 177.4 370.0 1
8 5 54.1 184.8 1
7 9 85.7 260.9 1
5 4 130.3 279.5 1
0 2 14.6 140.6 1
2 4 124.2 212.8 1
EOF
