NUM_STATIONS: 10
NUM_REQUESTS: 80
NUM_VEHICLES: 1
VEHICLE_CAPACITY: 2
DISTANCES
0 1 5.3
1 2 5.1
2 3 4.1
3 4 5.8
4 5 8.8
5 6 4.0
6 7 7.4
7 8 2.6
8 9 6.4
9 0 5.7
REQUEST_SECTION
7 4 474.2 940.9 1
7 1 397.8 1324.2 1
9 2 970.2 1743.0 1
2 9 357.7 850.6 1
6 10 459.9 1300.5 1
0 9 1039.9 1492.2 1
6 8 1322.1 2324.4 1
2 3 345.6 495.5 1
4 7 1080.6 2167.9 1
1 4 1447.5 2544.1 1
5 9 1361.1 1627.8 1
7 1 1304.5 1645.0 1
5 3 757.9 1202.5 1
4 10 1211.8 1554.3 1
0 1 983.7 1688.0 1
8 9 1439.7 2553.0 1
8 2 335.9 937.1 1
8 4 664.1 1052.4 1
1 5 550.5 1460.5 1
5 3 241.3 877.0 1
8 2 1074.5 1974.8 1
3 6 985.2 1204.4 1
5 4 221.6 789.5 1
7 9 763.0 1311.6 1
3 5 370.6 659.1 1
7 8 391.6 1423.2 1
0 8 324.3 1141.8 1
9 2 1367.8 1815.3 1
1 6 76.4 579.8 1
4 7 1266.3 2048.9 1
0 7 1101.2 1452.9 1
5 7 71.4 281.4 1
4 7 982.1 1570.7 1
1 6 150.2 1141.6 1
0 9 187.3 650.5 1
8 9 1569.4 1827.2 1
2 5 1634.7 1991.5 1
1 10 241.5 704.3 1
3 2 1031.4 1347.5 1
9 6 517.2 1373.2 1
7 8 1493.8 2180.4 1
6 8 147.9 309.5 1
6 3 873.6 938.9 1
0 6 535.0 982.5 1
1 6 163.5 816.8 1
0 7 191.5 706.4 1
6 3 1232.0 2041.2 1
3 2 1203.9 1938.6 1
8 10 961.2 1264.5 1
6 3 1486.1 2540.8 1
9 8 1249.2 1523.7 1
1 6 964.1 1847.6 1
3 2 650.4 913.4 1
2 5 1090.3 1289.7 1
6 1 331.7 1085.2 1
9 4 1044.5 1722.2 1
7 9 30.4 413.9 1
1 2 1410.6 2088.5 1
8 4 170.2 829.5 1
3 7 513.1 1018.6 1
1 8 690.6 1416.2 1
3 5 811.2 1586.7 1
6 4 1182.9 1718.9 1
5 9 620.3 1003.3 1
4 3 1144.8 1625.0 1
1 8 125.8 1260.6 1
0 9 1645.6 2040.5 1
9 5 261.8 478.7 1
2 9 606.2 936.4 1
6 2 289.4 971.6 1
9 1 1156.0 1650.2 1
9 3 735.2 939.6 1
5 2 491.4 1035.8 1
8 10 1001.8 1402.4 1
3 7 175.9 1329.4 1
7 5 1615.8 1885.5 1
0 5 348.1 659.0 1
6 1 425.0 1057.1 1
7 1 605.8 1109.2 1
3 9 970.1 1709.4 1
EOF
