NUM_STATIONS: 10
NUM_REQUESTS: 40
NUM_VEHICLES: 3
VEHICLE_CAPACITY: 2
DISTANCES
0 1 4.3
1 2 4.7
2 3 7.7
3 4 5.3
4 5 3.2
5 6 1.5
6 7 9.1
7 8 3.7
8 9 3.4
9 0 3.5
REQUEST_SECTION
2 7 161.4 315.9 1
8 10 204.1 421.5 1
4 9 253.2 364.0 1
1 7 112.8 267.5 1
9 5 89.5 202.8 1
8 6 258.1 357.9 1
2 6 143.4 290.2 1
6 5 64.1 172.6 1
4 9 41.4 155.5 1
6 9 109.3 306.1 1
1 5 180.4 239.8 1
3 8 29.9 121.7 1
9 10 286.0 358.2 1
4 5 185.5 461.9 1
5 6 228.3 452.5 1
3 9 86.6 183.3 1
5 7 197.2 284.0 1
0 5 60.9 258.8 1
5 10 290.1 559.0 1
0 2 89.1 267.4 1
0 4 21.3 202.9 1
1 7 117.3 240.3 1
0 3 281.5 327.9 1
9 3 112.9 270.0 1
3 6 206.1 394.6 1
9 7 146.7 322.4 1
4 7 152.8 210.7 1
2 5 4.6 169.3 1
2 5 148.2 391.2 1
0 4 160.9 408.0 1
0 9 50.2 210.6 1
7 1 210.9 384.3 1
7 2 77.0 338.6 1
1 9 0.2 178.3 1
2 7 205.5 252.9 1
9 8 168.5 302.5 1
7 6 189.4 452.6 1
4 2 221.0 307.4 1
1 6 245.4 351.6 1
4 1 139.0 399.8 1
EOF
