NUM_STATIONS: 10
NUM_REQUESTS: 80
NUM_VEHICLES: 1
VEHICLE_CAPACITY: 8
DISTANCES
0 1 9.9
1 2 5.8
2 3 2.8
3 4 4.2
4 5 8.2
5 6 9.6
6 7 7.3
7 8 4.0
8 9 8.9
9 0 4.1
REQUEST_SECTION
8 2 46.9 370.3 1
3 8 503.4 595.4 1
0 4 38.6 272.2 1
4 8 379.4 490.6 1
7 10 539.7 843.1 1
4 1 260.5 347.6 1
1 9 225.6 348.5 1
3 6 81.5 429.8 1
5 9 626.9 949.2 1
9 5 189.8 427.7 1
1 7 298.0 704.2 1
7 3 343.3 529.1 1
9 7 253.2 721.9 1
1 6 80.1 286.7 1
5 3 310.1 778.5 1
0 4 399.0 720.1 1
7 1 82.9 329.8 1
0 4 517.4 876.7 1
2 9 504.5 810.6 1
0 6 42.2 295.6 1
0 9 133.0 324.6 1
4 10 318.6 549.3 1
2 5 310.1 655.9 1
1 10 349.8 416.4 1
7 10 435.0 813.4 1
2 10 544.4 759.5 1
3 8 19.2 126.1 1
5 8 587.8 669.4 1
6 8 479.4 691.7 1
6 5 146.5 299.6 1
5 10 597.3 688.4 1
2 8 396.6 721.9 1
8 9 40.4 510.1 1
2 7 142.5 312.7 1
4 6 325.9 404.6 1
5 8 108.5 411.8 1
9 8 81.7 367.7 1
3 1 75.6 435.5 1
3 4 621.0 787.8 1
2 6 495.8 1036.4 1
4 9 495.5 789.3 1
7 5 402.7 684.9 1
6 4 240.1 401.3 1
7 3 2.8 530.5 1
5 10 521.6 740.3 1
3 8 415.9 645.8 1
9 6 613.3 862.1 1
5 1 503.4 885.2 1
8 4 545.8 737.4 1
0 5 143.5 505.7 1
5 10 212.8 724.7 1
7 5 147.7 524.7 1
6 10 83.2 497.9 1
6 1 382.4 526.1 1
2 6 46.3 307.2 1
4 5 581.3 872.8 1
7 3 389.3 548.2 1
0 4 214.7 737.7 1
0 9 138.0 243.7 1
4 10 604.1 1125.0 1
2 1 6.0 482.0 1
1 10 450.1 533.3 1
0 7 636.7 1073.2 1
0 4 303.9 389.3 1
2 6 134.3 528.2 1
6 8 5.8 271.3 1
7 9 408.3 614.3 1
0 1 74.2 375.8 1
3 6 342.8 580.7 1
5 1 161.4 341.1 1
1 8 255.3 659.8 1
7 5 363.4 838.1 1
3 2 204.8 588.7 1
2 5 450.6 939.0 1
4 2 372.2 900.0 1
7 10 205.1 435.8 1
3 7 366.2 683.1 1
4 6 480.9 768.6 1
1 2 479.3 704.2 1
1 8 377.5 580.8 1
EOF
