NUM_STATIONS: 10
NUM_REQUESTS: 20
NUM_VEHICLES: 1
VEHICLE_CAPACITY: 4
DISTANCES
0 1 10.0
1 2 3.1
2 3 7.4
3 4 2.1
4 5 5.5
5 6 6.0
6 7 3.5
7 8 7.1
8 9 7.6
9 0 5.4
REQUEST_SECTION
4 9 229.7 389.0 1
8 3 97.2 299.8 1
4 3 161.5 362.1 1
5 2 74.4 264.5 1
7 5 20.5 238.7 1
3 6 73.8 262.3 1
9 4 287.3 492.8 1
5 4 15.1 94.1 1
7 6 179.2 273.1 1
5 4 120.2 356.4 1
6 8 49.4 283.7 1
3 1 39.4 309.4 1
3 10 240.6 342.8 1
8 9 161.3 385.4 1
8 3 229.3 479.2 1
3 2 57.7 257.7 1
0 3 22.7 296.9 1
1 3 142.8 262.3 1
7 5 131.2 337.8 1
8 7 51.1 200.7 1
EOF
