NUM_STATIONS: 10
NUM_REQUESTS: 20
NUM_VEHICLES: 2
VEHICLE_CAPACITY: 1
DISTANCES
0 1 6.6
1 2 8.7
2 3 5.9
3 4 9.0
4 5 3.2
5 6 7.2
6 7 4.7
7 8 8.2
8 9 3.5
9 0 6.8
REQUEST_SECTION
3 5 158.1 388.2 1
1 7 230.9 449.5 1
4 5 411.4 782.4 1
0 6 170.9 367.2 1
1 7 456.8 640.7 1
6 7 459.2 605.0 1
0 8 449.8 679.5 1
1 4 156.7 371.1 1
0 5 95.0 302.5 1
6 1 78.4 404.3 1
0 8 162.9 274.6 1
8 2 284.9 414.9 1
8 2 150.9 311.8 1
4 1 220.9 581.8 1
4 7 124.0 472.6 1
5 10 77.0 230.6 1
7 3 165.8 470.2 1
6 2 279.0 619.2 1
0 8 208.4 521.1 1
5 8 75.8 323.9 1
EOF
