NUM_STATIONS: 10
NUM_REQUESTS: 20
NUM_VEHICLES: 3
VEHICLE_CAPACITY: 4
DISTANCES
0 1 8.9
1 2 4.6
2 3 7.4
3 4 8.4
4 5 9.1
5 6 4.1
6 7 8.9
7 8 3.5
8 9 7.1
9 0 5.5
REQUEST_SECTION
2 3 77.8 225.7 1
4 1 27.1 115.2 1
1 10 56.4 165.0 1
5 4 21.2 115.6 1
6 5 39.2 124.3 1
0 8 22.0 112.1 1
2 9 17.0 143.0 1
9 1 31.9 118.5 1
2 3 26.7 145.1 1
5 9 16.8 98.3 1
6 4 10.3 147.3 1
5 1 7.7 109.4 1
8 4 75.4 170.7 1
8 1 20.0 138.9 1
9 2 42.5 144.7 1
5 8 45.8 128.6 1
3 5 72.8 179.1 1
8 1 80.6 186.2 1
4 9 83.0 228.2 1
6 4 16.6 132.8 1
EOF
