NUM_STATIONS: 10
NUM_REQUESTS: 40
NUM_VEHICLES: 1
VEHICLE_CAPACITY: 2
DISTANCES
0 1 5.8
1 2 5.9
2 3 5.5
3 4 4.6
4 5 6.6
5 6 8.5
6 7 2.2
7 8 4.0
8 9 2.7
9 0 5.9
REQUEST_SECTION
5 3 387.5 508.5 1
6 3 137.5 798.4 1
4 5 402.1 928.2 1
3 7 41.5 309.3 1
8 3 241.8 692.3 1
2 5 165.1 265.2 1
2 8 457.9 928.8 1
4 7 224.4 379.1 1
9 1 137.1 420.4 1
2 4 575.9 1220.3 1
1 10 606.1 1080.9 1
7 2 93.4 420.6 1
5 4 465.8 545.6 1
2 8 500.3 768.1 1
2 5 679.0 1080.8 1
8 3 423.2 885.5 1
6 2 68.2 472.2 1
9 5 17.8 411.7 1
5 8 720.5 1074.2 1
6 9 208.4 457.7 1
3 2 558.4 1128.1 1
7 2 341.7 1033.0 1
3 5 322.4 657.2 1
9 2 771.7 1011.2 1
9 5 672.6 770.0 1
5 3 225.8 780.5 1
5 9 383.8 783.3 1
1 9 669.1 751.0 1
0 4 13.4 667.6 1
3 5 217.7 511.7 1
8 7 316.8 827.3 1
3 4 766.4 1109.1 1
7 2 566.8 1295.9 1
9 8 33.9 517.8 1
4 6 773.9 879.7 1
2 3 113.1 271.9 1
2 9 565.9 658.0 1
3 1 682.3 929.5 1
4 2 272.9 747.5 1
3 8 438.1 1239.0 1
EOF
