NUM_STATIONS: 10
NUM_REQUESTS: 80
NUM_VEHICLES: 3
VEHICLE_CAPACITY: 8
DISTANCES
0 1 9.9
1 2 5.8
2 3 2.8
3 4 4.2
4 5 8.2
5 6 9.6
6 7 7.3
7 8 4.0
8 9 8.9
9 0 4.1
REQUEST_SECTION
8 2 61.6 169.4 1
3 8 30.5 134.4 1
0 4 71.6 264.6 1
4 8 52.8 147.3 1
7 10 15.1 205.4 1
4 1 69.0 154.7 1
1 9 55.7 168.8 1
3 6 69.2 166.1 1
5 9 84.4 279.4 1
9 5 39.4 180.1 1
1 7 71.1 170.2 1
7 3 79.2 213.0 1
9 7 25.4 136.8 1
1 6 90.6 210.3 1
5 3 161.2 261.0 1
0 4 160.3 359.0 1
7 1 152.2 375.8 1
0 4 76.2 206.3 1
2 9 23.1 172.1 1
0 6 75.9 187.8 1
0 9 101.6 208.2 1
4 10 130.6 237.5 1
2 5 137.9 360.7 1
1 10 24.0 219.4 1
7 10 54.9 213.6 1
2 10 129.4 261.3 1
3 8 159.3 360.2 1
5 8 108.2 210.0 1
6 8 30.0 181.8 1
6 5 144.5 350.4 1
5 10 84.6 174.2 1
2 8 152.3 331.9 1
8 9 6.7 161.4 1
2 7 106.7 230.2 1
4 6 145.9 331.3 1
5 8 23.7 204.0 1
9 8 71.9 169.5 1
3 1 139.3 236.1 1
3 4 72.3 275.0 1
2 6 138.9 316.0 1
4 9 97.8 185.8 1
7 5 98.8 282.1 1
6 4 159.2 285.7 1
7 3 40.5 164.8 1
5 10 90.5 267.4 1
3 8 111.7 250.7 1
9 6 83.5 276.8 1
5 1 80.4 247.6 1
8 4 71.0 136.6 1
0 5 155.9 341.5 1
5 10 13.3 174.1 1
7 5 37.2 117.0 1
6 10 139.6 352.5 1
6 1 150.5 242.6 1
2 6 113.8 254.5 1
4 5 28.1 130.7 1
7 3 72.9 192.5 1
0 4 65.0 210.6 1
0 9 73.1 144.8 1
4 10 141.4 237.0 1
2 1 78.1 204.8 1
1 10 50.1 160.7 1
0 7 110.8 216.4 1
0 4 89.4 181.8 1
2 6 105.9 171.2 1
6 8 100.3 178.1 1
7 9 56.8 177.8 1
0 1 19.0 162.3 1
3 6 158.2 278.8 1
5 1 62.3 176.7 1
1 8 75.7 225.9 1
7 5 42.2 140.0 1
3 2 129.2 301.0 1
2 5 150.7 329.2 1
4 2 111.6 206.9 1
7 10 112.9 250.9 1
3 7 153.2 363.4 1
4 6 22.7 157.3 1
1 2 2.6 198.8 1
1 8 85.8 200.3 1
EOF
