NUM_STATIONS: 10
NUM_REQUESTS: 80
NUM_VEHICLES: 2
VEHICLE_CAPACITY: 4
DISTANCES
0 1 8.0
1 2 8.3
2 3 3.5
3 4 6.0
4 5 1.1
5 6 2.5
6 7 5.2
7 8 7.5
8 9 5.8
9 0 8.4
REQUEST_SECTION
9 3 219.5 424.3 1
9 7 292.1 580.3 1
9 1 209.0 536.5 1
2 6 237.7 547.7 1
5 4 222.9 294.8 1
6 5 317.0 602.6 1
3 2 307.1 513.4 1
6 2 175.9 389.2 1
0 9 73.0 260.0 1
3 8 387.5 686.2 1
1 2 329.3 470.8 1
9 2 343.0 621.9 1
4 3 257.8 471.5 1
3 8 407.7 483.3 1
8 3 24.2 331.1 1
8 5 169.8 262.3 1
8 5 333.2 639.0 1
0 3 30.5 214.5 1
7 10 365.3 517.1 1
2 10 74.9 191.5 1
7 9 397.7 528.9 1
6 5 92.2 360.9 1
4 8 403.1 593.1 1
6 10 178.3 497.3 1
3 4 83.4 408.8 1
9 5 296.0 599.5 1
7 6 85.9 387.2 1
9 7 336.7 439.6 1
5 9 136.0 313.5 1
5 7 330.1 657.9 1
6 1 176.1 357.4 1
7 4 230.4 334.6 1
2 8 243.6 524.9 1
9 1 192.8 270.5 1
4 1 105.6 355.4 1
5 6 349.0 569.9 1
0 9 300.4 591.0 1
8 2 147.4 350.1 1
6 3 110.3 309.3 1
6 9 71.7 142.9 1
9 7 31.1 264.4 1
2 8 308.7 585.2 1
6 8 36.6 290.4 1
5 2 26.1 218.9 1
4 6 359.7 669.0 1
4 9 280.9 364.6 1
4 9 313.4 385.5 1
9 8 274.1 591.6 1
6 4 182.5 484.2 1
8 6 116.6 354.1 1
4 3 19.7 95.2 1
9 10 240.9 318.5 1
8 7 377.4 668.7 1
7 1 61.6 216.8 1
1 3 74.9 213.4 1
6 3 387.1 555.5 1
8 3 260.0 398.3 1
4 6 351.2 506.5 1
6 9 144.0 288.3 1
9 4 130.5 437.6 1
7 8 8.4 275.0 1
6 3 215.0 282.1 1
7 5 243.6 396.8 1
9 3 46.5 231.3 1
1 9 183.2 272.1 1
8 1 315.2 586.2 1
9 8 288.0 471.7 1
9 7 318.3 630.6 1
6 7 31.4 302.8 1
5 9 166.3 263.5 1
1 5 110.7 280.0 1
8 6 84.4 310.2 1
2 1 70.6 171.9 1
1 7 256.4 319.2 1
4 6 383.9 475.7 1
0 3 220.4 469.0 1
1 10 76.4 179.8 1
7 8 417.8 477.3 1
9 6 209.8 500.4 1
3 10 257.1 586.7 1
EOF
