NUM_STATIONS: 10
NUM_REQUESTS: 40
NUM_VEHICLES: 3
VEHICLE_CAPACITY: 2
DISTANCES
0 1 5.5
1 2 7.8
2 3 7.1
3 4 4.8
4 5 4.5
5 6 3.9
6 7 2.7
7 8 6.4
8 9 8.5
9 0 7.6
REQUEST_SECTION
8 7 200.0 286.2 1
8 6 282.5 412.7 1
7 5 188.2 360.2 1
5 10 95.8 220.0 1
6 9 80.2 319.9 1
3 4 286.9 355.0 1
4 2 255.5 449.1 1
5 3 207.0 406.3 1
5 10 166.7 349.2 1
2 9 74.4 232.6 1
2 8 62.7 266.8 1
0 7 159.9 312.7 1
4 5 173.3 273.8 1
3 9 255.8 445.7 1
5 7 109.5 208.2 1
8 4 208.5 317.5 1
9 8 208.9 403.3 1
2 10 93.5 228.3 1
4 7 259.7 352.2 1
4 10 227.2 422.1 1
7 2 261.8 411.6 1
3 5 180.5 242.1 1
1 9 122.0 276.3 1
9 8 210.7 336.4 1
5 1 13.3 108.6 1
5 3 175.7 350.1 1
5 8 53.3 201.1 1
5 6 225.2 309.5 1
0 1 151.9 274.2 1
5 2 91.6 281.2 1
5 3 148.5 242.8 1
1 10 102.5 262.9 1
2 4 210.1 330.1 1
8 3 152.9 357.4 1
5 7 145.8 313.4 1
1 10 50.1 158.0 1
5 1 245.2 369.4 1
2 6 107.3 230.9 1
7 5 246.5 471.4 1
8 7 125.9 324.9 1
EOF
