NUM_STATIONS: 10
NUM_REQUESTS: 80
NUM_VEHICLES: 1
VEHICLE_CAPACITY: 2
DISTANCES
0 1 7.9
1 2 8.1
2 3 2.5
3 4 7.9
4 5 2.3
5 6 7.4
6 7 8.2
7 8 1.4
8 9 7.4
9 0 3.5
REQUEST_SECTION
9 4 857.3 1655.6 1
8 6 567.8 1086.8 1
1 2 1443.6 1547.8 1
8 4 1488.4 2411.1 1
2 7 944.3 1436.4 1
1 8 162.5 770.9 1
5 7 1538.6 2564.3 1
1 9 1510.7 1700.0 1
1 4 40.4 493.9 1
4 6 547.0 1470.5 1
0 8 334.6 1066.2 1
7 6 1491.5 2025.6 1
7 6 1037.4 1237.9 1
4 10 373.4 1394.5 1
8 2 389.8 1280.7 1
1 4 680.2 787.4 1
2 8 214.7 965.9 1
0 3 232.0 910.5 1
8 6 89.8 1012.4 1
8 1 188.5 1010.7 1
9 8 860.3 1974.4 1
6 3 1492.2 2574.0 1
2 4 170.2 942.5 1
3 10 665.0 1238.6 1
5 6 828.4 1398.8 1
5 6 1117.4 1620.8 1
2 9 1127.9 1567.6 1
6 8 1031.6 1318.0 1
9 10 1498.4 2596.1 1
5 8 1101.6 1394.1 1
0 5 1691.0 2468.9 1
2 4 1667.6 2604.1 1
3 9 842.5 1736.3 1
0 3 317.4 1154.1 1
5 6 44.0 1087.0 1
5 10 178.9 891.4 1
4 8 1113.2 1586.3 1
9 4 985.9 2039.0 1
1 9 1197.7 2304.0 1
0 9 92.7 320.9 1
6 3 638.8 1632.3 1
0 1 948.8 1231.9 1
8 1 1686.7 2102.7 1
3 9 268.2 1366.5 1
4 2 240.3 704.9 1
5 10 562.0 889.1 1
9 2 753.0 1245.6 1
2 5 625.7 757.6 1
3 4 536.0 803.3 1
3 1 476.9 1316.9 1
3 2 724.0 1506.4 1
4 3 457.1 1078.2 1
1 4 306.0 821.2 1
2 7 481.8 1000.8 1
1 9 1668.2 1973.3 1
0 6 1187.8 2355.4 1
5 2 1001.8 1077.2 1
8 2 1097.9 1790.4 1
8 4 501.5 1073.1 1
2 4 26.0 498.7 1
6 8 448.6 571.9 1
2 9 1148.8 2288.3 1
2 8 1324.1 2055.8 1
1 8 1624.0 2762.1 1
9 7 1169.6 2225.7 1
6 2 1475.6 2046.5 1
2 8 1388.5 2164.2 1
0 4 284.9 1461.4 1
7 10 1121.1 1799.9 1
2 4 1235.0 1877.1 1
6 1 164.8 519.6 1
5 2 524.1 879.9 1
6 8 745.6 1187.6 1
7 5 343.1 1409.5 1
8 10 989.6 2124.7 1
5 2 1394.8 2427.9 1
9 7 912.1 1431.1 1
7 6 1283.0 1802.6 1
4 9 213.0 462.5 1
3 10 521.0 610.2 1
EOF
