NUM_STATIONS: 10
NUM_REQUESTS: 20
NUM_VEHICLES: 1
VEHICLE_CAPACITY: 8
DISTANCES
0 1 5.2
1 2 3.6
2 3 9.0
3 4 5.2
4 5 4.6
5 6 6.8
6 7 9.5
7 8 9.5
8 9 7.9
9 0 8.3
REQUEST_SECTION
3 5 153.4 290.4 1
5 3 160.8 327.0 1
0 4 130.3 215.6 1
0 7 2.4 100.0 1
0 5 131.4 311.0 1
3 5 94.6 262.8 1
2 7 9.5 109.1 1
4 5 61.9 250.5 1
7 10 49.0 125.4 1
4 5 107.8 206.8 1
9 5 26.7 176.9 1
5 8 91.0 197.8 1
0 8 164.3 296.4 1
4 5 136.8 247.0 1
1 9 62.9 253.9 1
7 8 135.6 325.6 1
1 3 147.5 245.8 1
1 8 91.2 195.1 1
6 3 148.6 331.2 1
6 7 63.0 147.9 1
EOF
