NUM_STATIONS: 10
NUM_REQUESTS: 20
NUM_VEHICLES: 1
VEHICLE_CAPACITY: 4
DISTANCES
0 1 5.2
1 2 3.6
2 3 9.0
3 4 5.2
4 5 4.6
5 6 6.8
6 7 9.5
7 8 9.5
8 9 7.9
9 0 8.3
REQUEST_SECTION
3 5 206.5 332.0 1
5 3 193.4 520.9 1
0 4 161.1 378.2 1
0 7 228.6 298.9 1
0 5 99.2 341.5 1
3 5 2.8 224.8 1
2 7 234.6 475.5 1
4 5 93.9 314.6 1
7 10 173.7 366.6 1
4 5 118.8 444.5 1
9 5 111.4 228.5 1
5 8 168.4 384.7 1
0 8 240.2 551.4 1
4 5 247.1 431.5 1
1 9 205.1 352.6 1
7 8 138.8 402.5 1
1 3 51.5 273.7 1
1 8 164.1 243.0 1
6 3 60.8 331.3 1
6 7 32.0 266.6 1
EOF
