NUM_STATIONS: 10
NUM_REQUESTS: 40
NUM_VEHICLES: 2
VEHICLE_CAPACITY: 4
DISTANCES
0 1 5.5
1 2 7.8
2 3 7.1
3 4 4.8
4 5 4.5
5 6 3.9
6 7 2.7
7 8 6.4
8 9 8.5
9 0 7.6
REQUEST_SECTION
8 7 99.4 278.6 1
8 6 147.7 258.6 1
7 5 213.5 343.8 1
5 10 21.8 186.3 1
6 9 14.3 119.8 1
3 4 18.8 187.3 1
4 2 193.5 305.4 1
5 3 126.7 294.2 1
5 10 176.1 256.3 1
2 9 53.2 177.4 1
2 8 255.5 378.3 1
0 7 57.1 139.4 1
4 5 72.0 196.6 1
3 9 216.0 400.3 1
5 7 290.4 391.1 1
8 4 77.7 192.2 1
9 8 128.2 316.3 1
2 10 208.0 299.0 1
4 7 224.5 319.5 1
4 10 260.2 451.6 1
7 2 278.5 376.9 1
3 5 56.8 196.7 1
1 9 71.2 260.3 1
9 8 67.8 213.8 1
5 1 33.7 222.9 1
5 3 159.4 250.0 1
5 8 18.8 94.6 1
5 6 27.3 166.0 1
0 1 53.1 168.5 1
5 2 189.4 263.6 1
5 3 262.8 451.0 1
1 10 214.6 359.7 1
2 4 236.5 339.7 1
8 3 91.4 217.7 1
5 7 287.9 427.2 1
1 10 242.9 364.4 1
5 1 197.4 291.9 1
2 6 233.0 338.6 1
7 5 238.1 420.9 1
8 7 164.8 280.1 1
EOF
