NUM_STATIONS: 10
NUM_REQUESTS: 80
NUM_VEHICLES: 2
VEHICLE_CAPACITY: 4
DISTANCES
0 1 9.9
1 2 5.8
2 3 2.8
3 4 4.2
4 5 8.2
5 6 9.6
6 7 7.3
7 8 4.0
8 9 8.9
9 0 4.1
REQUEST_SECTION
8 2 222.8 534.3 1
3 8 28.9 141.2 1
0 4 516.6 584.8 1
4 8 199.4 523.6 1
7 10 38.1 406.1 1
4 1 173.7 278.7 1
1 9 186.5 307.0 1
3 6 118.6 276.6 1
5 9 438.1 687.2 1
9 5 489.6 555.6 1
1 7 77.5 400.3 1
7 3 227.3 452.2 1
9 7 314.4 446.1 1
1 6 385.2 563.4 1
5 3 68.9 434.0 1
0 4 135.7 399.1 1
7 1 466.3 761.3 1
0 4 360.3 687.9 1
2 9 279.4 547.8 1
0 6 470.1 622.4 1
0 9 609.1 695.4 1
4 10 415.0 630.8 1
2 5 389.5 491.7 1
1 10 23.7 310.9 1
7 10 360.9 699.3 1
2 10 488.3 814.7 1
3 8 343.9 573.7 1
5 8 133.6 345.3 1
6 8 311.4 454.2 1
6 5 329.3 498.5 1
5 10 487.0 618.0 1
2 8 44.7 419.1 1
8 9 572.5 895.1 1
2 7 98.2 400.2 1
4 6 478.3 831.4 1
5 8 150.4 342.0 1
9 8 60.5 347.2 1
3 1 399.1 731.5 1
3 4 239.7 356.0 1
2 6 117.0 327.9 1
4 9 406.2 691.3 1
7 5 445.8 816.0 1
6 4 333.1 653.0 1
7 3 338.0 592.4 1
5 10 202.4 495.7 1
3 8 205.8 290.5 1
9 6 470.9 725.3 1
5 1 221.0 585.2 1
8 4 376.0 450.1 1
0 5 27.4 266.2 1
5 10 57.1 420.8 1
7 5 454.0 780.9 1
6 10 546.5 639.6 1
6 1 347.6 551.2 1
2 6 107.3 445.7 1
4 5 155.7 530.3 1
7 3 12.8 375.5 1
0 4 182.6 405.5 1
0 9 54.5 389.5 1
4 10 602.7 744.0 1
2 1 121.6 259.8 1
1 10 246.3 554.3 1
0 7 482.1 606.5 1
0 4 594.2 689.1 1
2 6 218.9 310.8 1
6 8 303.5 614.1 1
7 9 91.2 158.7 1
0 1 341.3 591.2 1
3 6 180.9 323.0 1
5 1 502.4 699.8 1
1 8 544.9 890.5 1
7 5 241.9 623.1 1
3 2 426.2 509.6 1
2 5 189.4 393.5 1
4 2 350.4 418.2 1
7 10 385.6 502.7 1
3 7 60.7 156.6 1
4 6 53.2 270.7 1
1 2 515.0 670.3 1
1 8 140.0 349.6 1
EOF
