NUM_STATIONS: 10
NUM_REQUESTS: 40
NUM_VEHICLES: 2
VEHICLE_CAPACITY: 8
DISTANCES
0 1 4.3
1 2 4.7
2 3 7.7
3 4 5.3
4 5 3.2
5 6 1.5
6 7 9.1
7 8 3.7
8 9 3.4
9 0 3.5
REQUEST_SECTION
2 7 43.1 95.5 1
8 10 22.3 131.0 1
4 9 41.2 141.5 1
1 7 39.9 167.2 1
9 5 54.5 165.4 1
8 6 49.5 168.1 1
2 6 100.4 202.5 1
6 5 39.8 141.5 1
4 9 70.5 158.2 1
6 9 6.1 109.4 1
1 5 82.5 205.1 1
3 8 17.5 78.6 1
9 10 71.8 129.6 1
4 5 46.9 133.2 1
5 6 31.7 131.0 1
3 9 75.3 184.5 1
5 7 50.9 131.8 1
0 5 110.6 176.2 1
5 10 50.4 161.6 1
0 2 53.2 132.8 1
0 4 108.1 179.8 1
1 7 92.6 153.3 1
0 3 112.4 214.4 1
9 3 57.6 146.0 1
3 6 98.4 170.7 1
9 7 32.2 158.4 1
4 7 7.2 99.5 1
2 5 75.3 171.7 1
2 5 105.7 162.0 1
0 4 82.5 154.3 1
0 9 111.7 210.4 1
7 1 65.9 114.9 1
7 2 2.2 51.1 1
1 9 29.9 137.6 1
2 7 86.0 192.5 1
9 8 70.3 138.7 1
7 6 67.3 195.3 1
4 2 105.5 169.5 1
1 6 22.3 120.0 1
4 1 99.5 192.7 1
EOF
