NUM_STATIONS: 10
NUM_REQUESTS: 40
NUM_VEHICLES: 2
VEHICLE_CAPACITY: 1
DISTANCES
0 1 5.8
1 2 5.9
2 3 5.5
3 4 4.6
4 5 6.6
5 6 8.5
6 7 2.2
7 8 4.0
8 9 2.7
9 0 5.9
REQUEST_SECTION
5 3 435.9 794.0 1
6 3 705.4 1225.9 1
4 5 33.3 515.0 1
3 7 498.9 1000.0 1
8 3 88.4 348.1 1
2 5 471.2 975.4 1
2 8 487.4 836.0 1
4 7 773.8 1245.9 1
9 1 772.8 1028.8 1
2 4 269.1 615.5 1
1 10 471.6 545.1 1
7 2 452.2 748.8 1
5 4 490.4 566.3 1
2 8 378.0 717.2 1
2 5 274.4 800.9 1
8 3 732.0 1000.9 1
6 2 537.2 694.0 1
9 5 697.2 1262.0 1
5 8 59.7 368.1 1
6 9 332.4 871.6 1
3 2 239.2 529.8 1
7 2 639.9 715.7 1
3 5 462.7 703.9 1
9 2 85.3 281.5 1
9 5 309.7 452.3 1
5 3 674.5 1203.2 1
5 9 183.7 615.9 1
1 9 650.3 938.5 1
0 4 103.6 196.3 1
3 5 87.5 412.7 1
8 7 652.9 895.9 1
3 4 325.7 776.1 1
7 2 393.6 726.9 1
9 8 267.7 711.3 1
4 6 717.5 849.8 1
2 3 706.9 1212.3 1
2 9 42.8 333.3 1
3 1 338.3 596.4 1
4 2 725.8 930.9 1
3 8 40.9 361.2 1
EOF
