NUM_STATIONS: 10
NUM_REQUESTS: 20
NUM_VEHICLES: 1
VEHICLE_CAPACITY: 4
DISTANCES
0 1 5.2
1 2 3.6
2 3 9.0
3 4 5.2
4 5 4.6
5 6 6.8
6 7 9.5
7 8 9.5
8 9 7.9
9 0 8.3
REQUEST_SECTION
3 5 190.7 444.8 1
5 3 279.1 532.8 1
0 4 75.5 184.8 1
0 7 11.3 222.6 1
0 5 150.5 318.7 1
3 5 198.5 475.5 1
2 7 192.3 517.9 1
4 5 37.1 221.2 1
7 10 343.9 463.3 1
4 5 24.3 183.4 1
9 5 61.2 149.7 1
5 8 222.3 383.2 1
0 8 331.8 539.3 1
4 5 125.8 338.1 1
1 9 126.7 198.0 1
7 8 228.3 529.4 1
1 3 148.1 301.7 1
1 8 340.7 621.5 1
6 3 311.0 508.1 1
6 7 327.5 401.6 1
EOF
