NUM_STATIONS: 10
NUM_REQUESTS: 80
NUM_VEHICLES: 3
VEHICLE_CAPACITY: 4
DISTANCES
0 1 9.9
1 2 5.8
2 3 2.8
3 4 4.2
4 5 8.2
5 6 9.6
6 7 7.3
7 8 4.0
8 9 8.9
9 0 4.1
REQUEST_SECTION
8 2 389.7 773.5 1
3 8 129.8 457.2 1
0 4 406.2 779.6 1
4 8 48.6 221.7 1
7 10 61.7 127.5 1
4 1 409.8 756.2 1
1 9 165.1 529.8 1
3 6 347.4 696.4 1
5 9 155.3 480.9 1
9 5 123.2 316.1 1
1 7 394.7 713.7 1
7 3 224.8 583.6 1
9 7 227.9 332.8 1
1 6 25.4 168.1 1
5 3 317.7 593.9 1
0 4 294.7 624.5 1
7 1 232.0 327.4 1
0 4 208.8 589.1 1
2 9 226.5 409.9 1
0 6 79.1 367.2 1
0 9 362.2 522.4 1
4 10 16.0 234.5 1
2 5 273.5 617.3 1
1 10 114.3 406.6 1
7 10 88.0 297.7 1
2 10 174.0 293.2 1
3 8 182.0 299.4 1
5 8 213.2 333.1 1
6 8 274.8 578.0 1
6 5 216.8 562.2 1
5 10 310.0 385.2 1
2 8 380.9 511.9 1
8 9 159.9 465.3 1
2 7 294.5 434.0 1
4 6 170.2 302.8 1
5 8 51.7 438.7 1
9 8 13.9 84.4 1
3 1 3.9 357.9 1
3 4 35.4 194.5 1
2 6 411.6 708.0 1
4 9 391.2 545.4 1
7 5 305.4 418.8 1
6 4 432.7 575.3 1
7 3 279.1 366.7 1
5 10 135.6 264.8 1
3 8 296.9 471.7 1
9 6 392.1 623.3 1
5 1 268.6 480.6 1
8 4 69.8 423.2 1
0 5 105.0 425.6 1
5 10 81.4 409.5 1
7 5 78.4 377.1 1
6 10 243.0 610.3 1
6 1 365.4 568.2 1
2 6 29.1 244.0 1
4 5 163.9 427.4 1
7 3 264.2 356.8 1
0 4 25.6 414.5 1
0 9 401.9 604.7 1
4 10 0.3 319.5 1
2 1 122.7 382.9 1
1 10 264.6 629.0 1
0 7 337.0 698.6 1
0 4 296.8 512.8 1
2 6 196.5 313.8 1
6 8 238.0 547.7 1
7 9 359.1 637.5 1
0 1 68.5 377.2 1
3 6 15.6 225.5 1
5 1 240.1 397.9 1
1 8 88.4 405.0 1
7 5 258.3 486.4 1
3 2 111.2 282.7 1
2 5 155.8 309.6 1
4 2 333.1 489.4 1
7 10 50.5 404.5 1
3 7 21.1 308.1 1
4 6 132.3 450.1 1
1 2 39.5 174.1 1
1 8 168.2 411.7 1
EOF
