NUM_STATIONS: 10
NUM_REQUESTS: 80
NUM_VEHICLES: 2
VEHICLE_CAPACITY: 1
DISTANCES
0 1 8.0
1 2 8.3
2 3 3.5
3 4 6.0
4 5 1.1
5 6 2.5
6 7 5.2
7 8 7.5
8 9 5.8
9 0 8.4
REQUEST_SECTION
9 3 902.8 1441.8 1
9 7 877.5 1390.2 1
9 1 331.7 680.2 1
2 6 2211.1 3670.0 1
5 4 396.7 1844.1 1
6 5 533.5 923.0 1
3 2 936.1 2426.3 1
6 2 1415.4 2366.9 1
0 9 392.9 1254.0 1
3 8 1146.5 1471.5 1
1 2 1754.4 2263.0 1
9 2 187.2 769.1 1
4 3 1205.9 2692.0 1
3 8 776.8 2377.0 1
8 3 980.7 1740.9 1
8 5 1448.8 2388.3 1
8 5 1121.4 1783.9 1
0 3 70.9 1649.6 1
7 10 366.0 1556.6 1
2 10 130.9 652.2 1
7 9 1440.6 2429.8 1
6 5 333.6 1758.5 1
4 8 1389.1 2958.6 1
6 10 542.8 1141.6 1
3 4 537.7 2257.7 1
9 5 1881.8 3238.6 1
7 6 1707.8 2040.5 1
9 7 217.5 1215.9 1
5 9 1721.8 3080.7 1
5 7 426.2 761.6 1
6 1 908.4 1148.5 1
7 4 1083.2 1402.6 1
2 8 1096.4 2407.3 1
9 1 1764.5 1956.5 1
4 1 2028.5 3596.9 1
5 6 633.7 1222.9 1
0 9 491.8 940.3 1
8 2 696.7 1365.4 1
6 3 2093.1 3523.7 1
6 9 1410.1 2552.0 1
9 7 396.3 1271.8 1
2 8 789.5 1377.4 1
6 8 962.1 1876.5 1
5 2 479.4 795.3 1
4 6 2183.4 3408.7 1
4 9 615.7 692.8 1
4 9 1445.1 2888.5 1
9 8 1734.6 3322.1 1
6 4 1605.3 2762.7 1
8 6 559.9 1029.6 1
4 3 682.3 1187.5 1
9 10 1429.1 1906.9 1
8 7 599.1 748.5 1
7 1 890.4 1081.7 1
1 3 2091.3 2359.7 1
6 3 1039.7 2290.4 1
8 3 1344.9 2069.8 1
4 6 112.7 267.8 1
6 9 550.1 902.4 1
9 4 126.2 988.5 1
7 8 603.6 1511.2 1
6 3 366.4 436.3 1
7 5 1669.2 1773.9 1
9 3 742.6 1752.7 1
1 9 115.3 1367.8 1
8 1 1834.6 2711.7 1
9 8 776.0 1022.4 1
9 7 860.2 1816.8 1
6 7 1501.5 2603.9 1
5 9 1943.1 3425.2 1
1 5 497.1 997.2 1
8 6 1595.8 3145.5 1
2 1 1449.3 2420.8 1
1 7 1602.0 3215.4 1
4 6 1575.0 3233.0 1
0 3 1198.7 1357.4 1
1 10 700.4 1615.0 1
7 8 460.3 1127.4 1
9 6 729.2 981.9 1
3 10 588.1 777.2 1
EOF
