NUM_STATIONS: 10
NUM_REQUESTS: 80
NUM_VEHICLES: 2
VEHICLE_CAPACITY: 8
DISTANCES
0 1 8.0
1 2 8.3
2 3 3.5
3 4 6.0
4 5 1.1
5 6 2.5
6 7 5.2
7 8 7.5
8 9 5.8
9 0 8.4
REQUEST_SECTION
9 3 148.4 289.8 1
9 7 48.7 189.3 1
9 1 26.4 122.1 1
2 6 207.7 273.8 1
5 4 170.4 281.3 1
6 5 97.3 240.9 1
3 2 142.6 333.4 1
6 2 147.2 336.3 1
0 9 33.3 111.0 1
3 8 140.8 264.2 1
1 2 48.5 246.8 1
9 2 206.9 293.7 1
4 3 193.8 402.1 1
3 8 142.2 211.3 1
8 3 141.0 300.5 1
8 5 159.4 280.7 1
8 5 100.9 226.6 1
0 3 137.4 338.6 1
7 10 43.3 182.8 1
2 10 47.0 131.6 1
7 9 201.2 280.2 1
6 5 106.5 194.4 1
4 8 199.5 290.4 1
6 10 171.9 242.9 1
3 4 166.8 298.6 1
9 5 84.1 301.6 1
7 6 116.3 174.6 1
9 7 57.5 271.0 1
5 9 107.6 224.4 1
5 7 83.9 194.5 1
6 1 11.1 104.7 1
7 4 182.5 312.8 1
2 8 119.9 265.3 1
9 1 49.9 206.7 1
4 1 162.3 254.3 1
5 6 149.1 342.4 1
0 9 72.7 264.9 1
8 2 46.0 248.2 1
6 3 74.9 257.3 1
6 9 47.7 229.7 1
9 7 54.2 288.8 1
2 8 48.1 219.0 1
6 8 208.3 400.8 1
5 2 156.9 339.0 1
4 6 210.5 312.6 1
4 9 186.4 371.4 1
4 9 137.8 231.2 1
9 8 36.9 174.3 1
6 4 189.3 279.7 1
8 6 168.3 350.5 1
4 3 123.6 275.0 1
9 10 183.8 351.8 1
8 7 87.2 317.2 1
7 1 206.9 295.3 1
1 3 171.3 327.5 1
6 3 119.5 293.7 1
8 3 157.8 266.2 1
4 6 74.6 196.6 1
6 9 173.9 434.9 1
9 4 98.8 306.4 1
7 8 121.4 214.1 1
6 3 83.9 258.6 1
7 5 81.5 344.5 1
9 3 97.0 225.5 1
1 9 193.6 342.0 1
8 1 194.3 362.3 1
9 8 96.9 170.1 1
9 7 91.4 331.9 1
6 7 25.5 83.4 1
5 9 200.3 321.2 1
1 5 52.2 159.0 1
8 6 157.6 313.2 1
2 1 207.3 401.7 1
1 7 159.3 295.9 1
4 6 79.9 195.4 1
0 3 170.2 285.9 1
1 10 205.5 308.0 1
7 8 209.7 310.6 1
9 6 43.0 307.1 1
3 10 163.1 285.1 1
EOF
