NUM_STATIONS: 10
NUM_REQUESTS: 40
NUM_VEHICLES: 3
VEHICLE_CAPACITY: 8
DISTANCES
0 1 5.8
1 2 5.9
2 3 5.5
3 4 4.6
4 5 6.6
5 6 8.5
6 7 2.2
7 8 4.0
8 9 2.7
9 0 5.9
REQUEST_SECTION
5 3 1.3 108.3 1
6 3 43.4 131.3 1
4 5 28.7 143.7 1
3 7 51.2 147.5 1
8 3 46.4 147.7 1
2 5 52.7 157.5 1
2 8 41.1 114.5 1
4 7 25.1 111.7 1
9 1 24.1 131.3 1
2 4 25.1 108.3 1
1 10 42.9 136.4 1
7 2 54.7 121.6 1
5 4 20.3 88.5 1
2 8 44.8 139.4 1
2 5 9.9 75.6 1
8 3 47.6 141.5 1
6 2 9.8 84.8 1
9 5 51.2 123.3 1
5 8 50.6 122.1 1
6 9 23.2 113.8 1
3 2 23.0 83.0 1
7 2 47.8 134.7 1
3 5 27.6 125.7 1
9 2 3.1 113.1 1
9 5 62.4 174.2 1
5 3 61.3 146.0 1
5 9 28.0 142.0 1
1 9 39.0 98.2 1
0 4 27.2 83.4 1
3 5 43.7 157.2 1
8 7 0.6 58.6 1
3 4 53.9 163.6 1
7 2 33.0 142.9 1
9 8 41.4 117.4 1
4 6 47.8 109.5 1
2 3 15.5 129.3 1
2 9 30.4 120.3 1
3 1 48.8 151.8 1
4 2 15.8 81.3 1
3 8 51.8 147.8 1
EOF
