NUM_STATIONS: 10
NUM_REQUESTS: 160
NUM_VEHICLES: 1
VEHICLE_CAPACITY: 8
DISTANCES
0 1 3.3
1 2 8.6
2 3 9.8
3 4 4.8
4 5 3.7
5 6 5.0
6 7 1.8
7 8 2.0
8 9 1.3
9 0 2.7
REQUEST_SECTION
9 3 306.2 737.8 1
8 4 279.7 423.0 1
4 8 181.9 715.2 1
6 3 32.3 444.7 1
8 2 408.9 882.4 1
7 2 20.0 523.8 1
8 1 248.0 675.2 1
6 4 387.9 608.0 1
7 2 542.6 1185.0 1
2 6 83.5 194.3 1
3 7 80.9 635.5 1
8 4 236.2 322.1 1
0 8 477.4 1074.5 1
8 10 91.3 545.6 1
8 2 571.1 714.4 1
4 2 50.7 318.5 1
3 5 185.5 298.4 1
5 7 358.9 738.5 1
3 7 27.9 492.8 1
7 4 353.3 669.5 1
6 7 234.7 703.2 1
3 7 303.3 527.0 1
5 2 392.9 715.7 1
4 7 482.5 683.6 1
3 5 336.3 791.9 1
1 3 141.0 714.4 1
9 10 48.4 336.5 1
3 6 11.0 566.2 1
3 7 541.6 1036.3 1
7 10 98.1 239.3 1
8 9 191.1 466.0 1
3 9 242.9 350.2 1
4 7 592.4 681.3 1
4 6 342.5 805.1 1
6 10 369.8 454.0 1
1 3 12.1 594.3 1
8 7 635.3 810.5 1
8 10 354.0 434.5 1
2 1 524.7 874.1 1
5 1 551.4 992.8 1
2 4 91.0 187.0 1
5 10 302.0 346.6 1
8 6 538.5 1210.9 1
5 2 167.0 751.6 1
6 2 456.1 566.3 1
5 4 575.8 758.4 1
0 9 509.4 598.2 1
3 4 552.0 731.3 1
0 2 479.0 931.9 1
9 7 112.0 378.0 1
8 3 463.3 963.4 1
1 4 337.7 932.8 1
3 1 407.4 560.6 1
2 7 580.7 874.4 1
3 10 145.0 381.3 1
2 4 283.0 392.4 1
5 8 535.0 643.0 1
8 1 377.9 912.7 1
2 3 174.8 392.8 1
6 8 196.8 769.1 1
8 10 472.4 606.3 1
6 8 257.2 302.9 1
2 6 74.5 321.6 1
6 7 435.8 780.3 1
7 2 423.3 697.4 1
0 7 50.8 135.4 1
3 5 226.4 419.0 1
4 5 271.1 752.4 1
5 2 615.4 1196.0 1
5 4 608.9 829.4 1
5 3 59.6 354.4 1
3 10 188.5 589.3 1
6 7 169.0 823.9 1
2 9 39.6 663.0 1
1 8 169.7 755.1 1
0 1 416.2 790.1 1
2 9 541.2 773.3 1
9 5 303.1 564.4 1
6 5 23.5 91.3 1
3 7 174.8 738.9 1
7 1 59.6 227.1 1
3 2 401.6 1036.4 1
2 7 239.4 389.6 1
1 8 218.2 686.5 1
1 10 96.2 708.5 1
9 8 566.3 847.1 1
7 8 452.6 586.2 1
2 7 317.6 1002.3 1
6 1 403.6 637.7 1
7 3 101.9 697.0 1
8 2 471.2 635.8 1
2 6 36.9 624.9 1
8 6 312.1 644.3 1
1 3 449.6 946.8 1
9 5 229.2 322.1 1
0 3 230.0 487.9 1
5 10 5.9 372.3 1
7 3 624.9 1110.4 1
5 10 460.4 1119.3 1
6 2 123.3 364.6 1
6 8 596.4 902.6 1
8 5 439.8 1114.1 1
0 2 243.5 829.4 1
9 5 258.6 689.4 1
8 3 421.8 594.6 1
4 9 596.9 1111.0 1
4 9 405.5 901.1 1
1 6 378.0 1007.0 1
9 4 418.0 1040.6 1
9 6 292.6 492.9 1
0 2 584.5 746.5 1
6 8 600.9 830.7 1
6 2 579.0 659.8 1
2 6 40.1 594.1 1
6 3 225.4 885.9 1
7 3 111.4 339.6 1
3 9 350.8 974.0 1
6 10 76.0 171.4 1
3 2 298.6 796.3 1
9 1 422.2 915.6 1
6 9 389.8 522.5 1
4 9 132.0 355.7 1
3 9 602.9 1093.0 1
8 5 370.4 1024.1 1
4 5 548.6 816.8 1
0 4 571.5 1094.8 1
5 8 360.2 414.8 1
9 10 183.4 283.3 1
0 2 510.4 576.3 1
1 3 395.4 647.3 1
4 2 174.9 495.6 1
4 3 488.0 803.0 1
0 1 504.1 720.4 1
9 3 465.1 694.0 1
5 6 219.8 801.5 1
4 9 115.8 658.4 1
5 2 173.2 851.2 1
0 6 384.8 1015.7 1
1 9 429.5 713.2 1
9 3 410.0 687.3 1
4 10 92.7 713.7 1
2 7 601.0 1073.0 1
5 1 131.7 263.6 1
3 10 622.5 853.4 1
3 6 157.1 210.7 1
2 4 87.2 142.1 1
0 4 327.2 714.2 1
0 8 455.0 943.1 1
3 5 615.7 1183.9 1
0 3 530.6 1142.6 1
3 8 271.3 477.1 1
4 9 111.3 460.6 1
3 10 620.4 686.3 1
6 3 323.9 819.3 1
7 3 555.9 1149.9 1
6 10 431.0 930.7 1
9 7 64.5 147.9 1
0 6 197.6 313.0 1
6 5 494.1 547.1 1
7 4 533.1 976.7 1
EOF
