NUM_STATIONS: 10
NUM_REQUESTS: 160
NUM_VEHICLES: 2
VEHICLE_CAPACITY: 1
DISTANCES
0 1 7.9
1 2 8.7
2 3 5.6
3 4 8.4
4 5 6.3
5 6 1.2
6 7 4.8
7 8 8.8
8 9 1.4
9 0 2.6
REQUEST_SECTION
0 1 537.3 833.4 1
7 1 496.5 2138.9 1
6 4 1575.2 3478.4 1
1 3 1327.7 2772.0 1
3 4 297.4 2482.0 1
6 5 3276.4 3975.0 1
7 4 3188.5 4285.0 1
2 1 193.2 1185.4 1
6 2 2835.5 4587.3 1
1 2 2363.9 3512.0 1
1 6 2511.2 3046.7 1
5 4 1165.4 1378.1 1
4 2 3152.8 4321.1 1
8 6 3153.5 5149.5 1
6 7 62.5 471.8 1
7 1 1210.4 1829.7 1
6 5 1556.2 2743.1 1
0 8 2793.3 3982.4 1
9 7 3214.9 4067.2 1
7 3 2976.3 4533.0 1
5 6 172.0 1601.8 1
1 10 2264.5 2694.3 1
9 4 1185.1 1883.7 1
0 1 335.3 475.3 1
3 5 3219.4 5288.7 1
8 7 2163.8 2404.3 1
3 8 621.7 2709.1 1
0 1 1120.8 2622.8 1
7 2 986.5 1200.6 1
4 6 2245.7 3122.6 1
1 9 1431.7 2292.2 1
1 7 133.1 1592.2 1
7 10 1030.2 2093.0 1
4 6 1383.7 1561.5 1
7 5 3114.0 3754.1 1
8 1 2712.1 4484.7 1
2 8 2957.6 4432.1 1
3 10 1292.1 3015.4 1
7 8 1482.6 3036.7 1
7 10 1921.9 1981.6 1
3 7 372.2 2051.2 1
9 10 636.2 2733.1 1
5 2 2521.2 4019.8 1
7 1 2959.4 4113.2 1
1 10 3296.9 3846.3 1
9 10 2933.5 4763.2 1
3 4 3226.2 4248.4 1
9 10 1175.2 2060.4 1
5 6 837.0 2019.5 1
1 4 1469.5 3604.9 1
1 3 2954.9 3642.9 1
8 2 630.7 859.8 1
2 7 1155.4 3426.7 1
8 1 1407.9 2217.7 1
3 6 1819.1 3876.1 1
6 7 2985.2 3771.6 1
4 9 1657.2 3671.1 1
3 5 2199.3 2866.0 1
5 6 2839.7 3990.3 1
9 5 142.4 1800.9 1
4 10 3055.7 4242.3 1
0 4 467.2 2004.9 1
9 10 1147.4 2281.7 1
1 7 749.3 2921.7 1
8 6 452.2 1376.2 1
2 8 3342.0 3691.7 1
5 1 345.3 2225.5 1
9 1 275.6 1816.9 1
8 4 1580.0 3472.4 1
6 4 2093.7 3605.5 1
3 5 2544.8 4609.4 1
7 1 1661.9 3808.4 1
0 7 2004.7 2401.8 1
5 9 3017.7 4967.0 1
1 9 2162.7 2592.8 1
4 1 2952.0 3791.9 1
9 3 861.1 2347.3 1
8 5 1903.1 3950.8 1
6 10 194.5 865.1 1
7 1 2058.9 3758.0 1
3 10 291.0 2533.4 1
6 8 2382.3 2540.5 1
5 8 2191.0 4297.3 1
9 8 1950.9 3150.7 1
7 4 1956.7 2943.6 1
0 4 1264.0 3135.0 1
2 9 3278.7 3945.9 1
0 7 2879.4 4408.2 1
0 4 628.9 1815.8 1
1 6 1031.9 2737.1 1
0 6 343.7 530.4 1
0 5 1714.7 2485.6 1
7 1 1594.9 2752.0 1
1 3 2700.7 4554.3 1
3 8 1292.2 1859.7 1
7 2 1726.0 1818.5 1
6 2 1709.1 2463.8 1
8 9 2434.1 3551.5 1
0 3 1294.0 2011.7 1
2 7 2722.3 3895.0 1
6 1 950.9 1503.0 1
8 9 1952.8 2787.3 1
6 4 2908.0 3555.4 1
0 4 1640.2 2210.6 1
7 3 1027.1 1201.2 1
6 4 2645.4 3703.3 1
3 8 3192.1 3695.6 1
9 7 235.2 1321.4 1
3 1 1049.5 1306.0 1
2 8 95.2 450.9 1
3 2 1290.8 2286.3 1
1 10 3162.9 5391.9 1
8 5 316.2 1657.5 1
1 8 2430.3 3890.9 1
1 10 3097.6 3855.7 1
8 10 3103.4 4093.9 1
6 8 1511.6 3445.5 1
3 6 2283.6 2767.2 1
8 9 2932.4 4724.6 1
2 7 3080.4 3780.4 1
0 7 950.7 1135.2 1
6 2 2664.4 4701.2 1
3 1 2412.4 3110.1 1
5 8 2422.3 3634.4 1
4 6 2643.9 4062.7 1
5 3 3128.1 3215.8 1
6 1 2995.6 4354.3 1
2 9 3200.4 4832.0 1
1 10 2691.8 3007.3 1
0 5 3080.4 3406.7 1
1 5 2284.0 4560.0 1
7 6 368.7 2572.2 1
1 6 841.7 981.3 1
5 10 2155.8 3732.3 1
4 10 776.5 1670.4 1
7 8 2411.5 3319.5 1
5 7 2434.4 4597.9 1
5 8 1014.7 1904.6 1
3 8 2351.2 3900.2 1
6 8 2259.8 2624.8 1
7 1 708.1 1647.7 1
9 6 2557.2 4817.8 1
1 10 1794.2 2089.2 1
1 5 2116.8 2646.3 1
1 9 2982.8 4008.2 1
4 6 183.2 2399.4 1
7 6 2834.1 2930.1 1
6 9 1927.1 3622.3 1
7 2 427.5 2096.5 1
5 7 3245.4 4564.1 1
7 10 3163.7 3828.8 1
3 8 1635.7 3840.6 1
1 3 1767.0 2484.8 1
2 8 2741.4 4198.6 1
4 2 3280.2 4122.3 1
5 8 522.0 2533.0 1
4 2 541.7 2691.6 1
4 2 946.2 1021.4 1
9 8 2372.4 2506.4 1
0 9 294.8 1238.1 1
EOF
