NUM_STATIONS: 10
NUM_REQUESTS: 20
NUM_VEHICLES: 2
VEHICLE_CAPACITY: 1
DISTANCES
0 1 8.9
1 2 4.6
2 3 7.4
3 4 8.4
4 5 9.1
5 6 4.1
6 7 8.9
7 8 3.5
8 9 7.1
9 0 5.5
REQUEST_SECTION
2 3 10.8 326.4 1
4 1 47.9 288.3 1
1 10 135.8 535.9 1
5 4 171.4 536.6 1
6 5 298.5 540.8 1
0 8 444.4 840.2 1
2 9 420.7 597.3 1
9 1 332.2 637.9 1
2 3 241.9 545.7 1
5 9 7.6 360.6 1
6 4 185.3 335.8 1
5 1 173.6 301.5 1
8 4 393.9 695.9 1
8 1 96.5 264.4 1
9 2 357.4 511.7 1
5 8 442.3 816.6 1
3 5 282.4 558.4 1
8 1 55.1 144.2 1
4 9 49.7 200.3 1
6 4 353.1 492.3 1
EOF
