NUM_STATIONS: 10
NUM_REQUESTS: 40
NUM_VEHICLES: 1
VEHICLE_CAPACITY: 2
DISTANCES
0 1 2.8
1 2 2.9
2 3 8.4
3 4 7.3
4 5 6.1
5 6 1.6
6 7 8.4
7 8 7.7
8 9 3.2
9 0 1.5
REQUEST_SECTION
4 8 453.7 862.8 1
3 10 565.0 934.3 1
6 4 114.6 263.1 1
1 6 422.0 836.6 1
0 4 464.1 863.2 1
5 3 716.3 1257.6 1
6 9 92.5 480.6 1
1 10 534.2 681.3 1
1 9 312.0 849.0 1
0 6 344.4 635.0 1
6 9 455.0 670.8 1
5 6 238.5 785.5 1
9 3 159.6 621.0 1
6 2 495.6 677.3 1
9 3 159.4 375.7 1
0 2 666.9 961.3 1
9 5 203.7 506.1 1
7 4 470.2 817.0 1
1 5 575.3 773.5 1
5 4 185.0 361.2 1
8 5 596.7 937.9 1
7 6 102.7 512.8 1
4 1 594.6 1097.9 1
4 10 456.5 881.9 1
7 5 713.3 1196.3 1
1 10 641.2 862.4 1
3 5 55.6 196.6 1
2 5 641.3 1006.2 1
6 8 6.9 545.4 1
4 7 486.8 889.2 1
9 1 272.4 487.1 1
6 3 657.1 1012.8 1
8 9 452.6 772.8 1
6 3 744.8 961.8 1
5 2 171.1 359.0 1
8 5 49.6 120.1 1
7 9 115.4 661.8 1
5 4 403.3 637.7 1
0 2 743.2 1181.9 1
2 4 692.9 761.7 1
EOF
