NUM_STATIONS: 10
NUM_REQUESTS: 160
NUM_VEHICLES: 1
VEHICLE_CAPACITY: 8
DISTANCES
0 1 3.6
1 2 7.3
2 3 7.4
3 4 1.6
4 5 9.1
5 6 1.1
6 7 5.1
7 8 5.3
8 9 9.0
9 0 2.6
REQUEST_SECTION
0 6 374.7 538.2 1
6 7 739.0 881.2 1
7 6 47.6 446.3 1
0 1 433.8 897.3 1
4 3 695.3 824.3 1
6 10 237.2 640.4 1
5 2 490.3 740.3 1
1 3 303.1 736.1 1
0 6 469.8 943.0 1
6 1 557.0 1127.4 1
4 5 754.0 1174.6 1
6 2 575.4 999.6 1
3 4 442.0 601.6 1
3 4 410.2 896.2 1
7 9 522.6 980.9 1
9 3 324.4 696.5 1
9 7 122.1 283.8 1
4 8 148.9 585.0 1
3 7 324.9 702.6 1
2 3 149.1 512.1 1
0 7 399.7 727.7 1
1 5 188.2 311.7 1
8 2 667.5 970.4 1
5 3 645.8 1200.2 1
5 9 765.1 998.9 1
1 6 310.7 369.4 1
1 6 482.0 918.9 1
4 2 193.1 569.6 1
5 3 550.6 909.9 1
4 7 637.4 777.9 1
6 5 374.7 687.2 1
3 7 676.9 828.6 1
5 3 268.3 726.3 1
4 9 344.7 475.9 1
2 6 485.8 945.7 1
8 4 766.9 1194.1 1
0 3 694.8 1037.8 1
8 9 399.3 859.4 1
9 5 14.4 234.9 1
5 7 269.5 334.2 1
1 5 484.8 961.8 1
6 8 118.6 334.2 1
3 8 762.5 830.6 1
8 5 657.3 1066.7 1
3 10 156.2 431.7 1
8 7 102.0 271.4 1
9 4 583.1 658.9 1
6 2 208.2 582.3 1
9 7 684.0 1080.0 1
0 8 555.3 932.8 1
3 9 257.0 534.0 1
7 10 220.7 435.4 1
7 3 624.5 750.5 1
4 1 497.6 695.9 1
1 3 273.2 581.4 1
4 9 348.1 754.1 1
6 7 394.1 719.7 1
3 9 202.2 408.1 1
1 5 60.2 484.4 1
9 7 305.4 624.7 1
4 8 373.1 797.0 1
7 10 599.9 848.2 1
2 9 451.9 677.2 1
8 1 104.6 470.2 1
1 7 676.4 1122.9 1
8 5 426.4 872.6 1
7 3 762.0 1088.5 1
3 5 389.0 670.4 1
0 5 237.2 470.9 1
9 4 527.0 953.5 1
5 8 662.3 831.4 1
9 8 512.1 869.1 1
6 9 694.5 1247.3 1
8 1 415.6 868.0 1
6 7 589.3 933.7 1
6 1 636.5 1011.9 1
3 5 183.9 540.3 1
4 7 422.9 687.9 1
6 3 681.9 1217.5 1
4 5 8.8 457.5 1
0 1 557.3 673.8 1
8 5 20.4 363.7 1
3 4 600.5 1003.5 1
2 6 38.3 126.6 1
9 4 586.0 844.8 1
6 8 163.7 518.4 1
6 2 228.5 500.4 1
7 2 416.2 632.3 1
1 8 240.0 685.0 1
9 5 244.9 789.9 1
6 2 471.5 527.8 1
1 5 37.1 313.0 1
5 4 359.9 589.2 1
8 10 631.7 951.4 1
3 6 234.3 312.7 1
5 2 371.8 746.6 1
6 3 75.0 638.0 1
4 6 600.0 887.7 1
5 7 553.0 674.9 1
2 3 312.3 405.0 1
4 9 592.1 990.6 1
4 1 284.8 735.4 1
5 6 199.5 582.3 1
5 10 524.0 756.6 1
8 9 457.2 873.1 1
3 5 377.4 662.9 1
3 8 9.4 140.6 1
7 8 55.1 247.5 1
4 8 324.6 605.4 1
1 6 351.3 553.4 1
3 9 250.9 610.9 1
0 8 101.2 469.7 1
0 5 766.5 1177.4 1
1 8 708.2 895.7 1
3 6 444.3 931.3 1
7 1 26.3 206.9 1
7 1 181.4 590.4 1
4 1 615.6 964.2 1
1 2 63.3 151.8 1
8 5 539.2 623.1 1
6 4 641.2 1079.2 1
3 6 348.3 559.6 1
2 8 118.4 555.5 1
6 1 694.5 942.1 1
6 10 506.3 814.0 1
0 2 691.6 1128.6 1
0 1 134.0 227.0 1
3 9 481.4 564.0 1
2 8 468.8 926.3 1
4 5 88.8 252.0 1
1 5 711.9 943.2 1
4 2 373.0 561.7 1
1 3 284.6 412.4 1
1 3 513.7 932.5 1
6 1 704.4 1068.6 1
8 9 190.2 634.4 1
7 6 307.4 872.9 1
1 7 109.7 658.7 1
6 1 758.0 898.3 1
4 6 415.6 930.5 1
3 9 769.7 958.4 1
2 9 42.1 235.9 1
6 9 682.3 1106.5 1
2 4 468.8 635.6 1
9 6 376.0 912.5 1
1 6 470.1 1018.1 1
3 2 53.4 575.3 1
4 1 216.9 644.3 1
8 9 484.4 1004.7 1
4 3 537.6 735.1 1
7 5 483.6 920.8 1
3 5 14.1 383.9 1
6 7 760.1 1171.7 1
9 5 30.0 199.6 1
6 5 148.1 465.9 1
3 8 55.4 551.9 1
4 9 415.8 822.5 1
4 10 346.0 767.8 1
6 8 170.8 400.3 1
3 1 612.6 788.6 1
EOF
