NUM_STATIONS: 10
NUM_REQUESTS: 160
NUM_VEHICLES: 2
VEHICLE_CAPACITY: 2
DISTANCES
0 1 6.3
1 2 1.5
2 3 7.8
3 4 9.8
4 5 9.9
5 6 6.9
6 7 1.6
7 8 5.2
8 9 2.2
9 0 6.8
REQUEST_SECTION
3 7 429.1 744.2 1
2 4 618.1 1411.0 1
2 7 744.5 1361.3 1
7 4 809.9 1440.7 1
4 10 573.6 1095.6 1
1 4 789.4 2355.0 1
2 1 282.5 571.9 1
5 9 996.7 1157.3 1
7 3 1358.0 2018.3 1
0 7 1843.1 2786.8 1
0 3 2165.6 2604.2 1
0 5 922.0 1196.6 1
0 3 1272.1 2687.2 1
8 4 286.1 1803.6 1
3 4 863.6 1758.7 1
0 7 657.2 1095.6 1
5 4 1628.6 3317.3 1
9 8 46.6 757.1 1
8 6 201.3 876.1 1
9 7 1499.0 1688.0 1
9 4 1423.3 2886.5 1
2 4 1024.7 1900.3 1
9 3 820.3 901.8 1
9 5 2206.8 2844.9 1
1 6 607.5 2006.2 1
9 4 696.8 1160.1 1
9 2 696.5 1979.4 1
7 2 1333.2 2302.8 1
3 9 169.6 1079.5 1
1 2 1812.5 2884.7 1
5 6 1748.3 2153.2 1
0 8 1004.3 1382.1 1
1 4 1346.4 3027.3 1
8 3 654.3 1447.3 1
0 1 1650.3 2378.0 1
3 2 545.8 768.8 1
9 8 1643.7 2598.1 1
0 9 2277.3 3971.1 1
7 6 1023.0 2755.6 1
6 2 844.4 2026.7 1
2 3 1589.3 2293.2 1
2 3 66.1 184.3 1
2 8 467.6 1018.3 1
7 3 875.4 1493.8 1
5 1 1334.4 2692.1 1
9 6 836.8 2405.4 1
0 2 1373.3 1963.5 1
5 2 322.5 931.9 1
0 4 1024.6 1987.9 1
0 1 334.2 1329.1 1
8 5 1212.1 2448.3 1
1 9 1327.8 1858.7 1
9 10 301.6 1832.1 1
9 10 1950.7 3545.7 1
3 10 1888.2 3580.6 1
0 5 87.5 387.0 1
9 3 1575.4 3243.5 1
1 7 2086.2 2846.7 1
2 9 971.6 2530.2 1
2 9 786.3 1138.1 1
2 7 823.8 2445.5 1
5 1 165.6 774.0 1
6 4 627.8 2254.0 1
1 4 810.9 912.6 1
5 3 727.2 2295.0 1
2 5 822.8 2147.9 1
4 10 1751.9 3162.4 1
0 6 622.7 717.7 1
3 2 2048.0 2172.1 1
6 1 1291.8 2981.5 1
6 1 1875.5 2256.5 1
7 1 1156.0 2057.8 1
9 10 1101.2 2882.6 1
3 4 1132.9 2688.8 1
3 6 1484.0 2634.5 1
1 4 345.9 830.7 1
2 4 279.0 463.6 1
6 9 1807.1 2877.1 1
3 7 183.0 880.0 1
9 4 389.5 878.1 1
5 4 1461.0 3124.9 1
0 3 738.3 844.6 1
1 3 1275.9 2226.1 1
9 1 212.6 775.3 1
4 3 873.4 1122.0 1
9 10 750.0 2152.0 1
8 7 1547.3 1996.4 1
1 7 991.0 2595.2 1
7 6 1644.8 3278.7 1
2 5 66.7 1791.5 1
0 2 1062.3 1203.6 1
5 7 1517.5 2033.6 1
3 7 2284.3 2654.0 1
4 10 10.1 674.3 1
5 10 492.9 1190.6 1
7 5 1982.3 2830.0 1
1 6 534.1 1315.5 1
7 1 221.5 1159.0 1
1 5 2214.3 3999.1 1
6 8 2241.9 3267.1 1
3 5 993.5 2549.9 1
9 7 2297.5 2508.1 1
4 9 1248.9 2803.9 1
7 4 1537.4 1743.6 1
4 9 985.9 2421.2 1
8 2 950.7 1492.3 1
4 9 867.8 2443.2 1
2 1 1985.3 2855.0 1
8 10 1083.8 2722.5 1
5 1 2149.8 2787.0 1
9 1 1793.7 3325.5 1
0 4 1914.1 3095.0 1
0 2 839.1 2389.1 1
6 1 936.8 1446.3 1
5 4 2137.9 3250.0 1
5 1 2255.5 3753.5 1
0 9 605.0 2182.8 1
6 9 146.7 1276.1 1
6 5 1107.7 1473.9 1
7 9 461.6 1114.6 1
8 6 167.5 1181.6 1
1 6 408.4 1225.1 1
2 8 1843.6 2127.9 1
1 9 2117.2 3270.3 1
0 8 1147.2 2479.1 1
7 1 879.3 1428.7 1
3 9 1783.5 1894.8 1
7 10 1513.5 2188.1 1
2 4 1569.6 2567.1 1
8 7 1429.6 2219.1 1
7 1 721.2 821.2 1
3 7 802.6 1983.7 1
9 5 1168.1 2112.1 1
0 8 1636.5 1901.4 1
9 3 1033.5 2035.1 1
5 8 433.6 1286.7 1
1 3 1175.5 2734.4 1
1 9 1228.1 1420.8 1
5 9 74.1 366.0 1
2 5 322.6 480.9 1
8 3 924.9 2555.3 1
1 8 1978.3 3734.1 1
6 9 263.1 1063.0 1
0 9 150.9 1331.0 1
4 7 541.4 1533.7 1
2 8 1768.4 2086.1 1
1 6 2062.1 2468.3 1
1 10 1115.3 1314.5 1
0 5 443.9 2089.8 1
3 9 1704.6 2444.4 1
5 9 718.8 1826.1 1
4 5 2166.0 3545.3 1
7 1 2297.2 2693.7 1
9 1 758.8 2347.4 1
4 10 708.9 1598.7 1
6 1 15.3 1098.3 1
7 3 2130.9 2984.5 1
3 8 1145.8 1590.2 1
0 9 1457.8 2946.4 1
5 3 2201.0 2453.2 1
EOF
