NUM_STATIONS: 10
NUM_REQUESTS: 40
NUM_VEHICLES: 2
VEHICLE_CAPACITY: 4
DISTANCES
0 1 4.3
1 2 4.7
2 3 7.7
3 4 5.3
4 5 3.2
5 6 1.5
6 7 9.1
7 8 3.7
8 9 3.4
9 0 3.5
REQUEST_SECTION
2 7 19.5 87.0 1
8 10 23.3 96.1 1
4 9 34.0 99.8 1
1 7 57.6 175.9 1
9 5 7.9 122.3 1
8 6 209.0 312.8 1
2 6 63.7 135.3 1
6 5 30.1 179.5 1
4 9 112.5 219.0 1
6 9 34.7 188.6 1
1 5 113.9 263.1 1
3 8 146.4 250.2 1
9 10 104.1 258.1 1
4 5 8.7 153.9 1
5 6 28.3 102.7 1
3 9 91.3 250.1 1
5 7 227.2 362.8 1
0 5 84.5 234.3 1
5 10 58.0 129.7 1
0 2 20.9 168.9 1
0 4 145.3 264.5 1
1 7 151.7 269.4 1
0 3 168.8 279.9 1
9 3 138.2 219.4 1
3 6 4.5 164.6 1
9 7 91.1 234.0 1
4 7 75.2 164.8 1
2 5 66.8 222.0 1
2 5 133.8 187.6 1
0 4 91.9 195.5 1
0 9 231.8 318.0 1
7 1 110.5 252.0 1
7 2 76.6 168.4 1
1 9 67.7 141.3 1
2 7 66.6 174.8 1
9 8 220.4 343.4 1
7 6 206.7 354.3 1
4 2 31.5 139.7 1
1 6 192.7 334.7 1
4 1 151.5 294.4 1
EOF
