NUM_STATIONS: 10
NUM_REQUESTS: 20
NUM_VEHICLES: 3
VEHICLE_CAPACITY: 4
DISTANCES
0 1 8.3
1 2 2.5
2 3 8.9
3 4 6.4
4 5 8.5
5 6 5.9
6 7 7.6
7 8 9.1
8 9 7.1
9 0 6.5
REQUEST_SECTION
4 1 23.3 96.8 1
9 3 7.2 115.7 1
9 10 71.1 165.3 1
7 2 12.0 131.9 1
9 1 31.8 108.1 1
4 2 75.0 161.2 1
1 10 27.4 123.0 1
1 5 13.9 89.8 1
5 7 112.3 222.9 1
6 7 14.8 126.4 1
2 1 48.6 119.7 1
0 3 51.1 157.5 1
8 5 115.5 241.6 1
0 6 6.4 105.7 1
3 2 9.6 109.4 1
1 2 64.9 154.7 1
0 9 25.5 111.6 1
2 5 44.6 146.3 1
2 1 39.0 133.3 1
9 8 66.2 138.6 1
EOF
