NUM_STATIONS: 10
NUM_REQUESTS: 160
NUM_VEHICLES: 3
VEHICLE_CAPACITY: 4
DISTANCES
0 1 6.3
1 2 1.5
2 3 7.8
3 4 9.8
4 5 9.9
5 6 6.9
6 7 1.6
7 8 5.2
8 9 2.2
9 0 6.8
REQUEST_SECTION
3 7 266.9 495.6 1
2 4 57.4 432.3 1
2 7 447.4 761.2 1
7 4 443.6 614.8 1
4 10 579.0 1162.7 1
1 4 542.0 1171.6 1
2 1 434.6 629.2 1
5 9 206.2 274.1 1
7 3 110.4 185.8 1
0 7 250.7 867.5 1
0 3 89.4 577.7 1
0 5 266.2 606.5 1
0 3 295.4 754.2 1
8 4 113.0 546.0 1
3 4 330.8 946.5 1
0 7 467.9 638.1 1
5 4 482.0 729.3 1
9 8 411.9 568.1 1
8 6 463.9 1024.6 1
9 7 200.7 667.9 1
9 4 128.1 436.4 1
2 4 241.9 553.2 1
9 3 267.4 676.8 1
9 5 359.1 667.8 1
1 6 199.2 448.4 1
9 4 231.2 317.3 1
9 2 122.3 666.0 1
7 2 444.2 858.6 1
3 9 288.7 384.2 1
1 2 404.0 665.7 1
5 6 344.0 509.0 1
0 8 88.6 399.3 1
1 4 160.8 464.2 1
8 3 147.3 560.7 1
0 1 295.8 829.0 1
3 2 364.9 574.4 1
9 8 496.0 598.2 1
0 9 279.5 525.4 1
7 6 185.8 341.2 1
6 2 233.3 292.2 1
2 3 518.8 1070.8 1
2 3 260.6 681.0 1
2 8 326.4 816.5 1
7 3 316.0 722.5 1
5 1 48.3 179.2 1
9 6 406.6 959.8 1
0 2 175.6 295.7 1
5 2 70.3 504.9 1
0 4 171.2 429.6 1
0 1 404.9 593.4 1
8 5 60.9 663.7 1
1 9 547.5 676.2 1
9 10 216.7 664.2 1
9 10 513.2 935.9 1
3 10 366.7 574.1 1
0 5 550.6 749.3 1
9 3 314.7 806.4 1
1 7 220.3 600.8 1
2 9 502.5 992.6 1
2 9 118.5 449.7 1
2 7 256.4 660.0 1
5 1 169.8 315.5 1
6 4 555.2 732.2 1
1 4 310.0 725.8 1
5 3 456.9 883.7 1
2 5 385.9 668.3 1
4 10 403.1 546.4 1
0 6 450.7 553.8 1
3 2 380.3 919.6 1
6 1 22.0 291.0 1
6 1 352.5 695.2 1
7 1 383.2 558.8 1
9 10 228.4 837.8 1
3 4 372.0 858.4 1
3 6 396.7 686.3 1
1 4 179.3 690.1 1
2 4 90.6 716.0 1
6 9 123.0 339.1 1
3 7 418.0 612.6 1
9 4 215.1 651.4 1
5 4 36.6 452.8 1
0 3 252.5 605.9 1
1 3 171.2 604.0 1
9 1 447.4 766.6 1
4 3 572.3 1178.3 1
9 10 5.8 396.6 1
8 7 211.3 713.4 1
1 7 54.1 380.0 1
7 6 557.0 716.2 1
2 5 198.0 313.4 1
0 2 281.3 658.8 1
5 7 336.7 752.4 1
3 7 124.3 505.4 1
4 10 496.5 715.3 1
5 10 385.0 580.4 1
7 5 444.2 850.3 1
1 6 485.6 772.9 1
7 1 547.6 625.9 1
1 5 480.5 1071.7 1
6 8 421.1 532.6 1
3 5 33.6 202.7 1
9 7 305.2 556.7 1
4 9 537.0 746.2 1
7 4 557.2 690.8 1
4 9 92.5 681.3 1
8 2 141.5 545.3 1
4 9 373.9 619.9 1
2 1 519.2 924.0 1
8 10 6.4 295.5 1
5 1 160.6 367.5 1
9 1 442.8 807.3 1
0 4 5.9 549.4 1
0 2 133.7 687.9 1
6 1 454.4 766.4 1
5 4 70.9 553.2 1
5 1 346.0 628.8 1
0 9 561.5 925.0 1
6 9 561.1 1054.4 1
6 5 128.6 439.8 1
7 9 76.4 627.5 1
8 6 183.6 501.9 1
1 6 446.4 631.3 1
2 8 257.7 387.8 1
1 9 166.2 731.1 1
0 8 201.7 462.1 1
7 1 107.1 358.1 1
3 9 523.6 994.1 1
7 10 320.2 534.9 1
2 4 447.5 891.0 1
8 7 116.9 304.3 1
7 1 529.1 661.9 1
3 7 286.5 490.5 1
9 5 127.9 584.6 1
0 8 214.9 830.9 1
9 3 51.5 129.2 1
5 8 366.8 885.5 1
1 3 93.9 635.3 1
1 9 576.8 1208.0 1
5 9 41.6 470.0 1
2 5 548.0 678.6 1
8 3 250.2 329.6 1
1 8 547.9 988.4 1
6 9 505.0 950.0 1
0 9 577.0 831.4 1
4 7 228.0 443.6 1
2 8 59.9 655.7 1
1 6 486.3 799.1 1
1 10 398.3 532.3 1
0 5 421.1 590.8 1
3 9 249.3 386.8 1
5 9 156.1 258.6 1
4 5 373.9 818.7 1
7 1 483.0 1067.7 1
9 1 377.5 990.1 1
4 10 360.2 902.5 1
6 1 124.8 510.3 1
7 3 507.9 1071.7 1
3 8 335.3 637.6 1
0 9 210.5 593.2 1
5 3 56.9 121.8 1
EOF
