NUM_STATIONS: 10
NUM_REQUESTS: 40
NUM_VEHICLES: 1
VEHICLE_CAPACITY: 1
DISTANCES
0 1 2.8
1 2 2.9
2 3 8.4
3 4 7.3
4 5 6.1
5 6 1.6
6 7 8.4
7 8 7.7
8 9 3.2
9 0 1.5
REQUEST_SECTION
4 8 1037.6 2366.9 1
3 10 1023.2 1843.2 1
6 4 385.5 1611.0 1
1 6 1170.1 2055.9 1
0 4 1360.2 1721.8 1
5 3 792.4 1836.2 1
6 9 898.6 1778.5 1
1 10 1349.8 1459.9 1
1 9 319.3 1093.9 1
0 6 44.2 1116.9 1
6 9 1896.5 2937.1 1
5 6 1337.2 2399.4 1
9 3 1388.4 2383.3 1
6 2 35.2 479.7 1
9 3 1747.5 2998.1 1
0 2 1535.3 1596.7 1
9 5 487.2 675.8 1
7 4 309.1 1551.8 1
1 5 1842.9 2260.3 1
5 4 155.8 1690.4 1
8 5 221.9 824.8 1
7 6 1289.9 2057.3 1
4 1 33.7 1150.1 1
4 10 1915.7 3353.6 1
7 5 456.2 834.2 1
1 10 1143.8 1234.4 1
3 5 261.7 1636.9 1
2 5 1071.7 2582.7 1
6 8 1090.9 1838.1 1
4 7 863.4 954.7 1
9 1 514.4 1360.0 1
6 3 581.6 1128.6 1
8 9 1106.7 1823.2 1
6 3 1628.7 3042.5 1
5 2 961.8 1397.5 1
8 5 1616.8 1667.4 1
7 9 1841.3 1996.0 1
5 4 423.1 1300.7 1
0 2 382.4 1764.1 1
2 4 1296.1 1663.4 1
EOF
