NUM_STATIONS: 10
NUM_REQUESTS: 20
NUM_VEHICLES: 2
VEHICLE_CAPACITY: 1
DISTANCES
0 1 10.0
1 2 3.1
2 3 7.4
3 4 2.1
4 5 5.5
5 6 6.0
6 7 3.5
7 8 7.1
8 9 7.6
9 0 5.4
REQUEST_SECTION
4 9 400.8 666.3 1
8 3 288.5 743.5 1
4 3 65.9 439.9 1
5 2 389.7 843.7 1
7 5 49.4 466.8 1
3 6 34.9 354.9 1
9 4 125.0 486.8 1
5 4 380.2 522.1 1
7 6 410.7 624.7 1
5 4 105.3 297.0 1
6 8 100.5 513.1 1
3 1 148.4 364.5 1
3 10 291.7 628.1 1
8 9 213.0 643.8 1
8 3 408.4 826.5 1
3 2 69.3 341.1 1
0 3 48.2 173.8 1
1 3 243.2 528.8 1
7 5 88.0 423.9 1
8 7 372.2 550.1 1
EOF
