NUM_STATIONS: 10
NUM_REQUESTS: 80
NUM_VEHICLES: 1
VEHICLE_CAPACITY: 8
DISTANCES
0 1 7.9
1 2 8.1
2 3 2.5
3 4 7.9
4 5 2.3
5 6 7.4
6 7 8.2
7 8 1.4
8 9 7.4
9 0 3.5
REQUEST_SECTION
9 4 409.3 775.7 1
8 6 47.7 514.9 1
1 2 338.6 566.5 1
8 4 389.8 458.3 1
2 7 122.8 430.4 1
1 8 159.5 465.7 1
5 7 353.2 507.5 1
1 9 344.1 721.3 1
1 4 140.7 392.8 1
4 6 320.0 621.8 1
0 8 102.1 420.6 1
7 6 256.7 378.1 1
7 6 371.1 610.1 1
4 10 273.8 635.0 1
8 2 322.0 423.3 1
1 4 178.5 507.0 1
2 8 124.9 369.3 1
0 3 8.1 360.3 1
8 6 226.3 554.0 1
8 1 119.6 414.3 1
9 8 144.3 598.6 1
6 3 204.9 646.9 1
2 4 301.5 689.4 1
3 10 209.5 279.8 1
5 6 233.2 552.6 1
5 6 415.1 633.6 1
2 9 282.2 355.1 1
6 8 274.7 729.8 1
9 10 120.1 325.4 1
5 8 39.7 446.9 1
0 5 358.0 550.9 1
2 4 106.0 185.1 1
3 9 161.8 291.4 1
0 3 0.9 403.2 1
5 6 102.9 382.6 1
5 10 412.9 578.6 1
4 8 192.4 439.6 1
9 4 14.8 104.8 1
1 9 211.0 370.3 1
0 9 230.0 677.8 1
6 3 333.2 449.6 1
0 1 368.4 820.6 1
8 1 260.8 564.3 1
3 9 96.8 318.8 1
4 2 371.8 509.6 1
5 10 145.9 556.0 1
9 2 133.5 250.3 1
2 5 417.6 721.4 1
3 4 253.5 333.0 1
3 1 383.0 459.7 1
3 2 1.5 91.7 1
4 3 85.2 459.3 1
1 4 414.6 612.0 1
2 7 280.5 529.3 1
1 9 157.8 351.4 1
0 6 32.5 224.7 1
5 2 260.6 550.6 1
8 2 40.1 296.7 1
8 4 263.2 703.6 1
2 4 266.9 706.0 1
6 8 300.1 377.9 1
2 9 151.2 255.1 1
2 8 128.5 362.4 1
1 8 137.5 359.4 1
9 7 305.8 365.0 1
6 2 94.1 213.4 1
2 8 339.4 647.9 1
0 4 137.5 279.7 1
7 10 282.9 582.6 1
2 4 276.0 511.5 1
6 1 178.6 241.8 1
5 2 157.6 488.0 1
6 8 7.0 130.1 1
7 5 416.2 586.6 1
8 10 51.0 508.0 1
5 2 123.7 353.1 1
9 7 98.8 496.3 1
7 6 316.4 399.9 1
4 9 359.7 536.0 1
3 10 51.3 176.6 1
EOF
