NUM_STATIONS: 10
NUM_REQUESTS: 20
NUM_VEHICLES: 2
VEHICLE_CAPACITY: 1
DISTANCES
0 1 10.0
1 2 3.1
2 3 7.4
3 4 2.1
4 5 5.5
5 6 6.0
6 7 3.5
7 8 7.1
8 9 7.6
9 0 5.4
REQUEST_SECTION
4 9 106.7 293.2 1
8 3 75.3 297.3 1
4 3 207.1 402.9 1
5 2 335.6 406.1 1
7 5 48.1 312.8 1
3 6 293.9 461.0 1
9 4 116.9 422.3 1
5 4 40.4 256.6 1
7 6 311.2 376.6 1
5 4 384.7 650.2 1
6 8 69.1 129.2 1
3 1 227.8 444.2 1
3 10 413.1 535.2 1
8 9 328.1 461.2 1
8 3 227.4 462.8 1
3 2 248.7 562.2 1
0 3 111.5 201.0 1
1 3 207.7 434.6 1
7 5 62.0 346.2 1
8 7 256.1 449.6 1
EOF
