NUM_STATIONS: 10
NUM_REQUESTS: 20
NUM_VEHICLES: 1
VEHICLE_CAPACITY: 8
DISTANCES
0 1 10.0
1 2 3.1
2 3 7.4
3 4 2.1
4 5 5.5
5 6 6.0
6 7 3.5
7 8 7.1
8 9 7.6
9 0 5.4
REQUEST_SECTION
4 9 55.5 215.9 1
8 3 54.9 162.2 1
4 3 55.4 194.9 1
5 2 119.1 249.1 1
7 5 98.5 204.4 1
3 6 136.3 294.7 1
9 4 71.0 221.8 1
5 4 38.1 203.5 1
7 6 11.5 86.1 1
5 4 135.6 195.4 1
6 8 90.0 187.4 1
3 1 100.9 250.1 1
3 10 1.4 70.8 1
8 9 47.5 179.4 1
8 3 53.7 124.8 1
3 2 100.9 176.9 1
0 3 90.7 232.1 1
1 3 127.5 195.4 1
7 5 117.2 192.9 1
8 7 58.0 206.4 1
EOF
