NUM_STATIONS: 10
NUM_REQUESTS: 20
NUM_VEHICLES: 1
VEHICLE_CAPACITY: 4
DISTANCES
0 1 6.6
1 2 8.7
2 3 5.9
3 4 9.0
4 5 3.2
5 6 7.2
6 7 4.7
7 8 8.2
8 9 3.5
9 0 6.8
REQUEST_SECTION
3 5 166.5 330.7 1
1 7 216.2 419.3 1
4 5 88.6 246.0 1
0 6 23.2 179.9 1
1 7 155.4 429.3 1
6 7 100.4 359.9 1
0 8 224.8 520.1 1
1 4 43.4 278.9 1
0 5 205.1 471.4 1
6 1 51.1 334.6 1
0 8 106.4 235.5 1
8 2 19.9 251.5 1
8 2 96.5 162.9 1
4 1 96.6 160.8 1
4 7 25.6 305.1 1
5 10 62.3 186.2 1
7 3 167.5 400.2 1
6 2 69.1 197.5 1
0 8 8.8 168.4 1
5 8 103.6 195.4 1
EOF
