NUM_STATIONS: 10
NUM_REQUESTS: 40
NUM_VEHICLES: 1
VEHICLE_CAPACITY: 4
DISTANCES
0 1 5.5
1 2 7.8
2 3 7.1
3 4 4.8
4 5 4.5
5 6 3.9
6 7 2.7
7 8 6.4
8 9 8.5
9 0 7.6
REQUEST_SECTION
8 7 473.4 697.5 1
8 6 13.4 79.7 1
7 5 408.4 672.2 1
5 10 566.1 877.8 1
6 9 9.9 281.2 1
3 4 279.0 616.5 1
4 2 450.6 747.8 1
5 3 585.1 806.6 1
5 10 493.8 767.5 1
2 9 245.4 580.9 1
2 8 92.4 164.5 1
0 7 351.1 527.2 1
4 5 446.4 631.4 1
3 9 302.0 488.7 1
5 7 171.2 505.0 1
8 4 375.6 512.8 1
9 8 410.6 595.5 1
2 10 435.2 508.2 1
4 7 384.8 736.1 1
4 10 433.6 762.6 1
7 2 308.5 558.2 1
3 5 459.1 637.4 1
1 9 200.1 269.6 1
9 8 124.8 228.3 1
5 1 385.7 585.5 1
5 3 320.1 551.6 1
5 8 420.3 522.0 1
5 6 93.1 305.6 1
0 1 472.8 694.6 1
5 2 474.2 587.1 1
5 3 139.5 286.1 1
1 10 390.2 672.3 1
2 4 490.8 601.1 1
8 3 581.0 928.9 1
5 7 213.7 439.4 1
1 10 84.4 362.7 1
5 1 444.1 601.5 1
2 6 26.7 177.8 1
7 5 361.8 707.2 1
8 7 457.6 563.2 1
EOF
