NUM_STATIONS: 10
NUM_REQUESTS: 40
NUM_VEHICLES: 2
VEHICLE_CAPACITY: 8
DISTANCES
0 1 5.8
1 2 5.9
2 3 5.5
3 4 4.6
4 5 6.6
5 6 8.5
6 7 2.2
7 8 4.0
8 9 2.7
9 0 5.9
REQUEST_SECTION
5 3 33.8 90.8 1
6 3 15.6 125.0 1
4 5 31.1 131.2 1
3 7 55.5 151.8 1
8 3 96.8 168.4 1
2 5 19.3 95.8 1
2 8 124.6 190.0 1
4 7 60.7 130.7 1
9 1 105.3 196.3 1
2 4 83.5 136.2 1
1 10 97.1 190.7 1
7 2 28.4 110.8 1
5 4 3.2 72.9 1
2 8 98.9 164.8 1
2 5 80.3 135.4 1
8 3 71.6 129.7 1
6 2 66.4 119.4 1
9 5 7.0 83.1 1
5 8 49.0 112.5 1
6 9 85.0 148.4 1
3 2 57.9 147.0 1
7 2 72.9 155.3 1
3 5 81.8 166.9 1
9 2 25.7 104.9 1
9 5 77.7 193.5 1
5 3 12.2 88.9 1
5 9 121.3 225.5 1
1 9 81.5 152.7 1
0 4 8.7 90.9 1
3 5 70.7 174.0 1
8 7 9.2 80.1 1
3 4 80.0 181.6 1
7 2 11.3 121.3 1
9 8 54.9 153.4 1
4 6 53.9 136.8 1
2 3 76.4 169.3 1
2 9 1.5 116.2 1
3 1 56.4 152.1 1
4 2 64.0 155.6 1
3 8 53.0 137.9 1
EOF
