NUM_STATIONS: 10
NUM_REQUESTS: 40
NUM_VEHICLES: 2
VEHICLE_CAPACITY: 8
DISTANCES
0 1 4.3
1 2 4.7
2 3 7.7
3 4 5.3
4 5 3.2
5 6 1.5
6 7 9.1
7 8 3.7
8 9 3.4
9 0 3.5
REQUEST_SECTION
2 7 26.1 106.3 1
8 10 42.4 96.2 1
4 9 69.9 145.0 1
1 7 20.1 80.0 1
9 5 15.9 73.8 1
8 6 75.7 135.8 1
2 6 77.6 151.5 1
6 5 12.1 71.0 1
4 9 29.8 115.4 1
6 9 61.8 135.0 1
1 5 24.1 84.1 1
3 8 71.3 128.4 1
9 10 67.6 129.2 1
4 5 48.6 112.3 1
5 6 3.7 98.1 1
3 9 17.5 66.9 1
5 7 54.5 153.0 1
0 5 42.6 135.0 1
5 10 21.6 96.9 1
0 2 24.6 109.1 1
0 4 76.4 129.2 1
1 7 40.8 112.9 1
0 3 17.9 114.4 1
9 3 48.3 122.8 1
3 6 17.4 93.2 1
9 7 72.8 162.7 1
4 7 75.6 164.9 1
2 5 47.9 95.3 1
2 5 78.5 177.2 1
0 4 80.4 147.6 1
0 9 30.8 110.3 1
7 1 45.3 132.9 1
7 2 0.6 51.6 1
1 9 68.9 165.2 1
2 7 51.1 127.1 1
9 8 20.7 100.4 1
7 6 41.1 97.3 1
4 2 8.0 65.4 1
1 6 6.1 58.4 1
4 1 80.2 150.8 1
EOF
