NUM_STATIONS: 10
NUM_REQUESTS: 160
NUM_VEHICLES: 2
VEHICLE_CAPACITY: 8
DISTANCES
0 1 7.9
1 2 8.7
2 3 5.6
3 4 8.4
4 5 6.3
5 6 1.2
6 7 4.8
7 8 8.8
8 9 1.4
9 0 2.6
REQUEST_SECTION
0 1 64.4 126.4 1
7 1 411.1 834.7 1
6 4 381.1 755.5 1
1 3 228.4 353.9 1
3 4 396.5 658.0 1
6 5 98.8 262.7 1
7 4 330.9 720.0 1
2 1 104.4 217.0 1
6 2 122.5 278.9 1
1 2 16.9 287.3 1
1 6 241.5 354.7 1
5 4 38.5 156.9 1
4 2 101.0 401.2 1
8 6 400.4 603.6 1
6 7 401.0 567.6 1
7 1 407.0 657.0 1
6 5 64.8 144.2 1
0 8 231.0 539.6 1
9 7 373.9 840.0 1
7 3 193.7 440.6 1
5 6 274.2 549.3 1
1 10 1.7 214.8 1
9 4 54.4 465.0 1
0 1 197.6 503.5 1
3 5 298.1 750.0 1
8 7 353.1 759.1 1
3 8 353.0 515.7 1
0 1 24.7 101.0 1
7 2 353.6 725.0 1
4 6 344.7 665.8 1
1 9 175.3 276.5 1
1 7 146.2 571.5 1
7 10 191.8 601.8 1
4 6 375.8 816.5 1
7 5 139.2 257.3 1
8 1 247.8 696.6 1
2 8 123.8 275.6 1
3 10 142.8 207.2 1
7 8 75.1 504.6 1
7 10 139.8 315.9 1
3 7 10.8 175.6 1
9 10 410.4 764.0 1
5 2 340.5 481.5 1
7 1 300.0 493.0 1
1 10 395.1 675.1 1
9 10 238.6 353.1 1
3 4 260.7 513.8 1
9 10 380.2 652.8 1
5 6 340.6 559.5 1
1 4 111.6 312.6 1
1 3 383.5 624.1 1
8 2 272.1 627.7 1
2 7 339.9 405.6 1
8 1 104.6 343.4 1
3 6 188.6 516.0 1
6 7 390.3 511.6 1
4 9 259.3 423.9 1
3 5 192.7 399.1 1
5 6 28.9 288.8 1
9 5 334.3 407.9 1
4 10 261.0 702.9 1
0 4 193.5 382.9 1
9 10 197.9 630.1 1
1 7 112.1 491.8 1
8 6 106.1 514.1 1
2 8 179.8 574.6 1
5 1 50.2 396.8 1
9 1 161.1 549.7 1
8 4 181.3 437.3 1
6 4 109.7 282.8 1
3 5 99.2 359.5 1
7 1 167.5 250.7 1
0 7 70.6 202.5 1
5 9 343.8 571.0 1
1 9 405.6 574.7 1
4 1 28.6 148.3 1
9 3 104.6 188.5 1
8 5 124.9 192.5 1
6 10 272.3 577.2 1
7 1 29.8 489.0 1
3 10 36.5 309.6 1
6 8 290.5 615.3 1
5 8 81.1 304.0 1
9 8 239.9 334.3 1
7 4 277.6 469.2 1
0 4 184.8 494.6 1
2 9 255.5 496.0 1
0 7 374.8 756.4 1
0 4 260.4 491.6 1
1 6 57.5 488.5 1
0 6 277.0 487.8 1
0 5 132.6 408.5 1
7 1 196.5 366.8 1
1 3 170.6 447.0 1
3 8 260.1 489.5 1
7 2 416.2 601.0 1
6 2 379.6 808.4 1
8 9 375.5 675.4 1
0 3 72.5 421.5 1
2 7 11.3 244.8 1
6 1 122.5 364.6 1
8 9 160.5 585.9 1
6 4 178.8 315.7 1
0 4 256.8 718.6 1
7 3 90.6 364.5 1
6 4 3.9 170.2 1
3 8 29.6 195.2 1
9 7 155.5 603.2 1
3 1 89.1 147.8 1
2 8 272.4 531.6 1
3 2 263.8 684.4 1
1 10 313.5 758.3 1
8 5 247.0 548.5 1
1 8 171.1 551.4 1
1 10 365.3 589.8 1
8 10 244.6 518.6 1
6 8 163.1 588.0 1
3 6 89.6 555.7 1
8 9 134.9 227.2 1
2 7 325.0 472.4 1
0 7 194.4 331.2 1
6 2 238.8 444.4 1
3 1 376.6 464.7 1
5 8 37.4 120.8 1
4 6 288.2 714.0 1
5 3 175.9 641.1 1
6 1 294.4 408.2 1
2 9 30.7 447.1 1
1 10 121.7 340.3 1
0 5 53.0 431.7 1
1 5 373.3 832.6 1
7 6 50.8 113.1 1
1 6 128.0 532.5 1
5 10 246.9 377.0 1
4 10 298.3 404.3 1
7 8 268.1 327.0 1
5 7 68.5 248.6 1
5 8 204.6 441.5 1
3 8 267.9 575.5 1
6 8 149.5 413.2 1
7 1 163.3 505.5 1
9 6 267.1 526.4 1
1 10 271.7 344.0 1
1 5 308.0 381.6 1
1 9 186.1 341.0 1
4 6 201.5 478.5 1
7 6 254.5 520.1 1
6 9 225.2 467.2 1
7 2 281.4 610.2 1
5 7 293.3 414.2 1
7 10 333.9 785.4 1
3 8 205.8 565.5 1
1 3 163.2 574.4 1
2 8 401.2 519.8 1
4 2 233.9 407.3 1
5 8 39.9 398.6 1
4 2 37.4 234.6 1
4 2 317.8 748.0 1
9 8 23.9 103.8 1
0 9 226.6 413.7 1
EOF
