NUM_STATIONS: 10
NUM_REQUESTS: 80
NUM_VEHICLES: 1
VEHICLE_CAPACITY: 8
DISTANCES
0 1 8.0
1 2 8.3
2 3 3.5
3 4 6.0
4 5 1.1
5 6 2.5
6 7 5.2
7 8 7.5
8 9 5.8
9 0 8.4
REQUEST_SECTION
9 3 281.4 370.2 1
9 7 362.9 554.4 1
9 1 79.1 268.6 1
2 6 225.4 474.7 1
5 4 199.6 299.2 1
6 5 72.9 368.4 1
3 2 150.0 353.8 1
6 2 246.1 399.5 1
0 9 356.6 604.3 1
3 8 254.1 526.8 1
1 2 132.4 330.8 1
9 2 25.4 274.6 1
4 3 168.3 395.9 1
3 8 37.4 187.3 1
8 3 0.3 319.1 1
8 5 178.8 326.4 1
8 5 132.8 273.4 1
0 3 369.3 671.5 1
7 10 114.4 368.6 1
2 10 255.9 473.8 1
7 9 134.9 357.3 1
6 5 164.0 297.7 1
4 8 397.5 720.4 1
6 10 201.3 275.9 1
3 4 339.4 523.6 1
9 5 114.6 429.3 1
7 6 409.6 605.1 1
9 7 177.8 235.6 1
5 9 23.7 162.3 1
5 7 218.9 343.3 1
6 1 319.9 651.4 1
7 4 20.5 92.1 1
2 8 267.1 558.8 1
9 1 316.1 637.6 1
4 1 241.3 452.4 1
5 6 10.3 300.6 1
0 9 353.8 603.4 1
8 2 253.1 528.7 1
6 3 41.0 164.2 1
6 9 11.1 78.2 1
9 7 145.0 334.8 1
2 8 104.2 167.9 1
6 8 48.4 360.8 1
5 2 349.6 468.5 1
4 6 390.7 628.1 1
4 9 21.1 227.7 1
4 9 125.7 428.4 1
9 8 211.9 309.8 1
6 4 136.9 435.9 1
8 6 135.2 309.4 1
4 3 59.3 145.8 1
9 10 320.3 602.4 1
8 7 100.7 173.2 1
7 1 90.6 254.8 1
1 3 3.8 85.9 1
6 3 167.3 230.2 1
8 3 183.1 261.6 1
4 6 320.1 561.2 1
6 9 133.7 273.6 1
9 4 375.1 645.6 1
7 8 414.7 746.4 1
6 3 416.0 629.3 1
7 5 347.6 480.9 1
9 3 36.4 358.0 1
1 9 264.2 579.7 1
8 1 88.8 340.2 1
9 8 26.1 188.3 1
9 7 23.4 358.2 1
6 7 112.3 372.4 1
5 9 179.8 451.8 1
1 5 377.2 464.8 1
8 6 12.4 332.9 1
2 1 243.0 303.7 1
1 7 344.3 407.2 1
4 6 73.4 160.8 1
0 3 208.0 320.4 1
1 10 310.9 372.4 1
7 8 170.0 316.4 1
9 6 238.3 499.8 1
3 10 163.7 482.5 1
EOF
