NUM_STATIONS: 10
NUM_REQUESTS: 40
NUM_VEHICLES: 1
VEHICLE_CAPACITY: 4
DISTANCES
0 1 3.4
1 2 6.2
2 3 7.9
3 4 7.1
4 5 5.2
5 6 1.5
6 7 5.2
7 8 1.2
8 9 5.0
9 0 2.1
REQUEST_SECTION
3 7 108.0 370.7 1
4 5 205.9 278.9 1
4 5 25.6 96.7 1
2 9 123.4 217.7 1
4 6 399.3 719.7 1
2 7 136.2 267.3 1
2 4 29.0 254.5 1
5 6 109.5 418.9 1
4 1 237.4 482.5 1
0 7 345.4 686.0 1
6 3 391.5 685.2 1
0 2 293.2 578.7 1
9 3 265.4 602.0 1
7 6 250.5 540.9 1
7 5 258.8 366.9 1
3 7 312.0 454.8 1
4 2 100.6 326.0 1
0 9 437.9 772.1 1
2 3 19.3 120.1 1
2 9 368.6 481.5 1
0 4 90.9 379.3 1
2 10 128.2 379.4 1
2 6 405.1 713.4 1
8 4 290.0 598.6 1
3 7 442.7 699.0 1
0 1 64.2 191.2 1
7 1 306.0 564.3 1
8 4 430.2 800.0 1
0 3 405.1 783.9 1
9 7 87.6 191.8 1
0 4 6.9 78.1 1
7 2 393.4 716.9 1
8 6 193.3 308.8 1
4 10 350.0 691.0 1
9 6 8.4 102.8 1
1 5 49.2 361.8 1
4 2 284.6 339.6 1
3 5 343.1 517.4 1
9 7 350.8 426.9 1
5 7 155.6 355.3 1
EOF
