NUM_STATIONS: 10
NUM_REQUESTS: 160
NUM_VEHICLES: 2
VEHICLE_CAPACITY: 8
DISTANCES
0 1 7.9
1 2 8.7
2 3 5.6
3 4 8.4
4 5 6.3
5 6 1.2
6 7 4.8
7 8 8.8
8 9 1.4
9 0 2.6
REQUEST_SECTION
0 1 245.3 376.2 1
7 1 357.7 542.2 1
6 4 101.7 302.5 1
1 3 26.2 111.8 1
3 4 35.2 357.1 1
6 5 15.3 321.7 1
7 4 382.8 652.1 1
2 1 361.8 440.2 1
6 2 417.5 676.7 1
1 2 20.1 123.9 1
1 6 95.2 231.9 1
5 4 155.4 477.3 1
4 2 131.7 363.4 1
8 6 340.6 507.9 1
6 7 55.6 189.4 1
7 1 362.7 509.0 1
6 5 363.2 492.2 1
0 8 77.8 149.5 1
9 7 63.5 217.1 1
7 3 409.6 714.5 1
5 6 337.2 511.1 1
1 10 19.7 251.1 1
9 4 163.0 354.6 1
0 1 355.7 674.1 1
3 5 69.6 227.1 1
8 7 233.7 541.8 1
3 8 284.8 511.0 1
0 1 183.5 358.1 1
7 2 244.3 485.1 1
4 6 218.5 518.4 1
1 9 359.8 630.6 1
1 7 395.2 645.7 1
7 10 53.7 313.4 1
4 6 361.5 495.5 1
7 5 65.0 388.6 1
8 1 152.5 447.8 1
2 8 106.1 423.9 1
3 10 105.9 373.6 1
7 8 295.3 506.4 1
7 10 66.6 325.1 1
3 7 370.0 531.4 1
9 10 348.5 584.6 1
5 2 88.7 253.5 1
7 1 26.0 203.1 1
1 10 261.2 380.9 1
9 10 39.7 198.7 1
3 4 292.0 469.1 1
9 10 0.6 239.3 1
5 6 35.0 305.9 1
1 4 357.2 551.0 1
1 3 172.8 262.8 1
8 2 63.3 244.4 1
2 7 141.5 201.4 1
8 1 156.8 318.5 1
3 6 353.4 489.2 1
6 7 45.3 305.3 1
4 9 214.9 534.3 1
3 5 250.6 435.8 1
5 6 363.6 622.6 1
9 5 80.0 242.0 1
4 10 204.9 376.5 1
0 4 216.0 321.1 1
9 10 7.0 177.1 1
1 7 362.9 682.9 1
8 6 306.7 539.6 1
2 8 271.1 458.1 1
5 1 362.0 491.4 1
9 1 127.9 188.0 1
8 4 106.8 249.6 1
6 4 277.4 607.8 1
3 5 237.4 472.4 1
7 1 19.6 120.7 1
0 7 289.6 455.9 1
5 9 48.2 335.4 1
1 9 203.1 365.4 1
4 1 337.9 552.1 1
9 3 215.5 401.6 1
8 5 127.6 460.5 1
6 10 404.0 596.6 1
7 1 171.7 291.8 1
3 10 150.1 409.9 1
6 8 113.5 276.2 1
5 8 98.6 285.1 1
9 8 345.3 628.1 1
7 4 201.0 439.5 1
0 4 376.8 566.2 1
2 9 174.0 299.2 1
0 7 148.3 239.3 1
0 4 143.2 259.6 1
1 6 71.8 301.3 1
0 6 281.2 549.3 1
0 5 387.1 501.1 1
7 1 132.7 407.4 1
1 3 212.6 527.3 1
3 8 201.3 293.2 1
7 2 219.3 293.7 1
6 2 218.0 448.0 1
8 9 116.6 399.9 1
0 3 10.8 199.9 1
2 7 309.4 368.6 1
6 1 322.4 385.1 1
8 9 168.3 271.6 1
6 4 298.3 461.2 1
0 4 185.5 419.4 1
7 3 278.4 348.3 1
6 4 37.6 129.6 1
3 8 344.4 661.5 1
9 7 246.2 418.7 1
3 1 331.7 645.6 1
2 8 295.0 488.3 1
3 2 115.1 291.6 1
1 10 57.3 370.8 1
8 5 26.8 92.7 1
1 8 317.0 583.7 1
1 10 217.4 465.1 1
8 10 45.2 290.1 1
6 8 69.2 279.2 1
3 6 4.8 276.4 1
8 9 236.2 566.4 1
2 7 316.2 545.9 1
0 7 61.2 310.9 1
6 2 302.1 369.3 1
3 1 48.2 280.5 1
5 8 364.6 482.5 1
4 6 51.5 275.4 1
5 3 3.4 227.5 1
6 1 352.5 454.5 1
2 9 86.2 192.3 1
1 10 46.5 336.8 1
0 5 137.3 360.3 1
1 5 327.9 426.3 1
7 6 8.7 284.8 1
1 6 410.7 615.1 1
5 10 43.8 214.2 1
4 10 357.9 592.8 1
7 8 320.5 629.5 1
5 7 229.4 315.4 1
5 8 190.0 372.3 1
3 8 210.0 330.1 1
6 8 368.9 578.2 1
7 1 320.1 566.9 1
9 6 23.7 243.1 1
1 10 193.2 457.4 1
1 5 301.5 389.5 1
1 9 28.5 105.5 1
4 6 57.8 154.7 1
7 6 278.4 495.9 1
6 9 251.1 371.3 1
7 2 344.4 515.0 1
5 7 246.4 472.2 1
7 10 106.5 331.2 1
3 8 409.4 528.8 1
1 3 384.3 551.4 1
2 8 83.8 383.1 1
4 2 302.2 571.6 1
5 8 316.8 439.2 1
4 2 193.8 305.0 1
4 2 10.4 114.2 1
9 8 79.3 206.5 1
0 9 294.0 605.4 1
EOF
