NUM_STATIONS: 10
NUM_REQUESTS: 40
NUM_VEHICLES: 2
VEHICLE_CAPACITY: 2
DISTANCES
0 1 5.5
1 2 7.8
2 3 7.1
3 4 4.8
4 5 4.5
5 6 3.9
6 7 2.7
7 8 6.4
8 9 8.5
9 0 7.6
REQUEST_SECTION
8 7 525.5 670.4 1
8 6 343.0 651.6 1
7 5 204.5 351.3 1
5 10 358.9 484.7 1
6 9 36.7 95.4 1
3 4 534.1 708.1 1
4 2 368.5 541.2 1
5 3 395.6 664.0 1
5 10 349.8 511.7 1
2 9 96.0 208.4 1
2 8 118.3 205.1 1
0 7 303.1 534.4 1
4 5 541.4 629.2 1
3 9 22.7 171.7 1
5 7 167.1 328.5 1
8 4 353.1 615.6 1
9 8 460.5 565.8 1
2 10 204.8 447.9 1
4 7 230.4 382.1 1
4 10 186.1 315.0 1
7 2 282.3 605.7 1
3 5 99.9 261.1 1
1 9 373.9 576.8 1
9 8 397.6 649.6 1
5 1 135.1 214.4 1
5 3 62.2 181.6 1
5 8 91.0 274.3 1
5 6 96.3 194.2 1
0 1 386.5 532.2 1
5 2 401.7 545.1 1
5 3 383.7 462.4 1
1 10 394.0 659.8 1
2 4 245.1 385.9 1
8 3 517.2 715.1 1
5 7 56.8 334.8 1
1 10 352.6 424.7 1
5 1 536.1 760.1 1
2 6 445.8 651.5 1
7 5 288.6 571.2 1
8 7 34.5 333.1 1
EOF
