NUM_STATIONS: 10
NUM_REQUESTS: 80
NUM_VEHICLES: 2
VEHICLE_CAPACITY: 4
DISTANCES
0 1 2.4
1 2 8.8
2 3 9.2
3 4 4.4
4 5 2.3
5 6 10.0
6 7 6.1
7 8 3.9
8 9 6.9
9 0 4.1
REQUEST_SECTION
4 2 353.6 579.2 1
1 6 457.4 708.6 1
9 8 128.3 245.7 1
7 1 394.4 705.2 1
1 5 360.5 757.5 1
5 9 253.9 603.0 1
1 5 24.3 138.2 1
5 6 296.5 411.5 1
2 8 237.9 441.9 1
6 1 131.1 276.4 1
5 3 517.6 929.9 1
2 7 42.8 401.3 1
5 9 403.2 673.7 1
0 2 68.0 295.4 1
1 8 4.2 326.4 1
7 10 397.2 723.4 1
1 3 282.8 733.0 1
5 3 580.1 1046.3 1
2 5 112.1 336.3 1
4 8 530.2 855.2 1
2 4 232.9 537.6 1
4 2 222.9 621.8 1
7 10 96.3 318.2 1
5 6 502.6 961.3 1
5 9 41.6 333.8 1
7 6 147.3 468.1 1
1 5 30.9 406.0 1
1 2 331.6 442.4 1
9 1 412.5 586.4 1
3 7 2.9 473.0 1
7 2 2.6 336.3 1
1 7 292.7 612.1 1
3 8 450.1 760.2 1
1 5 312.5 795.6 1
1 8 540.1 656.4 1
3 9 131.7 447.2 1
1 10 451.5 628.7 1
7 2 265.7 699.0 1
3 6 207.8 497.4 1
8 7 93.7 535.8 1
1 2 118.9 327.5 1
0 7 238.9 634.6 1
0 3 252.5 490.4 1
0 4 280.1 391.7 1
6 5 333.4 753.7 1
5 8 316.0 601.4 1
1 10 16.0 212.6 1
5 6 78.4 475.4 1
4 7 349.6 530.2 1
8 9 45.2 450.1 1
5 8 563.3 631.3 1
6 7 573.0 926.0 1
0 8 296.9 730.7 1
1 9 13.9 95.8 1
0 5 241.3 495.5 1
0 4 48.4 201.9 1
4 9 263.8 353.3 1
3 1 5.6 76.6 1
7 2 196.9 342.7 1
5 8 35.5 174.2 1
2 10 36.9 136.9 1
7 9 138.7 566.6 1
8 5 81.2 454.3 1
5 6 378.8 514.2 1
8 2 75.1 470.7 1
5 2 332.0 735.1 1
5 1 223.4 318.0 1
8 7 192.9 551.2 1
3 7 230.8 375.0 1
4 7 425.7 776.9 1
6 4 388.3 618.2 1
9 7 55.2 458.1 1
9 3 288.6 755.1 1
9 5 374.0 798.5 1
9 10 351.0 772.1 1
8 10 199.6 455.5 1
9 6 575.8 1019.3 1
3 9 511.3 922.2 1
2 9 544.3 737.9 1
2 4 527.6 797.8 1
EOF
