NUM_STATIONS: 10
NUM_REQUESTS: 80
NUM_VEHICLES: 2
VEHICLE_CAPACITY: 2
DISTANCES
0 1 8.0
1 2 8.3
2 3 3.5
3 4 6.0
4 5 1.1
5 6 2.5
6 7 5.2
7 8 7.5
8 9 5.8
9 0 8.4
REQUEST_SECTION
9 3 384.2 669.0 1
9 7 617.4 957.4 1
9 1 505.1 901.3 1
2 6 542.6 656.3 1
5 4 225.8 739.4 1
6 5 449.7 724.5 1
3 2 29.9 169.9 1
6 2 36.9 624.6 1
0 9 104.7 466.1 1
3 8 99.8 310.7 1
1 2 442.5 1058.1 1
9 2 273.7 584.6 1
4 3 164.7 561.3 1
3 8 764.5 1153.8 1
8 3 636.4 774.7 1
8 5 172.7 342.0 1
8 5 462.6 768.2 1
0 3 529.9 1111.2 1
7 10 455.5 719.3 1
2 10 662.0 1145.8 1
7 9 746.3 1208.9 1
6 5 832.6 958.3 1
4 8 526.5 1015.5 1
6 10 626.7 723.2 1
3 4 339.7 809.7 1
9 5 348.2 921.4 1
7 6 505.6 574.6 1
9 7 570.8 888.1 1
5 9 668.3 973.5 1
5 7 818.7 1047.7 1
6 1 811.7 995.8 1
7 4 467.6 674.5 1
2 8 283.5 412.9 1
9 1 307.7 626.0 1
4 1 239.5 502.2 1
5 6 251.8 352.3 1
0 9 135.5 583.4 1
8 2 83.5 318.0 1
6 3 439.4 729.3 1
6 9 416.9 830.2 1
9 7 499.4 868.8 1
2 8 621.6 1085.6 1
6 8 361.6 449.0 1
5 2 182.8 416.4 1
4 6 542.9 703.9 1
4 9 247.5 476.6 1
4 9 101.8 175.2 1
9 8 840.8 1053.0 1
6 4 534.6 746.5 1
8 6 646.6 1200.6 1
4 3 627.4 747.5 1
9 10 750.9 922.1 1
8 7 778.1 1126.7 1
7 1 648.2 1006.1 1
1 3 228.6 682.3 1
6 3 588.7 1032.0 1
8 3 650.9 717.3 1
4 6 255.9 481.5 1
6 9 371.4 461.1 1
9 4 244.9 428.9 1
7 8 284.9 524.0 1
6 3 558.8 890.3 1
7 5 670.1 797.9 1
9 3 56.8 600.1 1
1 9 662.5 773.1 1
8 1 367.5 774.5 1
9 8 725.7 799.5 1
9 7 455.0 756.1 1
6 7 436.8 709.3 1
5 9 561.7 621.0 1
1 5 380.3 529.2 1
8 6 25.7 332.3 1
2 1 464.9 824.9 1
1 7 92.2 662.4 1
4 6 77.2 646.4 1
0 3 439.5 820.7 1
1 10 839.4 1319.9 1
7 8 540.6 824.8 1
9 6 480.6 1096.5 1
3 10 498.8 1017.7 1
EOF
