NUM_STATIONS: 10
NUM_REQUESTS: 20
NUM_VEHICLES: 1
VEHICLE_CAPACITY: 2
DISTANCES
0 1 5.2
1 2 3.6
2 3 9.0
3 4 5.2
4 5 4.6
5 6 6.8
6 7 9.5
7 8 9.5
8 9 7.9
9 0 8.3
REQUEST_SECTION
3 5 279.5 645.6 1
5 3 49.3 203.7 1
0 4 497.6 716.2 1
0 7 317.8 846.4 1
0 5 127.9 417.8 1
3 5 78.0 381.2 1
2 7 441.6 548.3 1
4 5 385.8 659.2 1
7 10 477.9 582.6 1
4 5 227.0 480.5 1
9 5 298.1 581.9 1
5 8 356.0 512.9 1
0 8 158.2 303.4 1
4 5 155.5 239.2 1
1 9 53.9 176.2 1
7 8 457.7 734.1 1
1 3 175.7 455.7 1
1 8 463.5 971.5 1
6 3 464.1 612.9 1
6 7 132.8 418.0 1
EOF
