NUM_STATIONS: 10
NUM_REQUESTS: 20
NUM_VEHICLES: 1
VEHICLE_CAPACITY: 4
DISTANCES
0 1 8.3
1 2 2.5
2 3 8.9
3 4 6.4
4 5 8.5
5 6 5.9
6 7 7.6
7 8 9.1
8 9 7.1
9 0 6.5
REQUEST_SECTION
4 1 174.8 413.5 1
9 3 230.8 395.5 1
9 10 99.1 274.1 1
7 2 147.2 359.9 1
9 1 47.5 211.5 1
4 2 10.8 146.1 1
1 10 181.8 372.0 1
1 5 228.0 353.0 1
5 7 19.4 204.9 1
6 7 53.9 206.7 1
2 1 27.2 250.6 1
0 3 62.3 240.5 1
8 5 46.6 200.7 1
0 6 242.4 330.8 1
3 2 262.0 427.6 1
1 2 28.4 219.5 1
0 9 212.0 343.1 1
2 5 72.9 238.2 1
2 1 226.7 342.1 1
9 8 135.5 259.2 1
EOF
