NUM_STATIONS: 10
NUM_REQUESTS: 20
NUM_VEHICLES: 2
VEHICLE_CAPACITY: 1
DISTANCES
0 1 5.2
1 2 3.6
2 3 9.0
3 4 5.2
4 5 4.6
5 6 6.8
6 7 9.5
7 8 9.5
8 9 7.9
9 0 8.3
REQUEST_SECTION
3 5 393.1 508.6 1
5 3 128.1 659.7 1
0 4 174.2 388.7 1
0 7 469.8 643.6 1
0 5 372.5 803.0 1
3 5 220.2 327.5 1
2 7 310.7 435.3 1
4 5 173.9 706.3 1
7 10 249.6 615.6 1
4 5 181.9 473.7 1
9 5 382.8 610.5 1
5 8 148.2 357.6 1
0 8 23.1 358.9 1
4 5 152.4 332.2 1
1 9 392.2 700.9 1
7 8 101.9 376.8 1
1 3 65.2 546.7 1
1 8 108.8 310.0 1
6 3 54.4 347.6 1
6 7 431.0 1017.7 1
EOF
