NUM_STATIONS: 10
NUM_REQUESTS: 40
NUM_VEHICLES: 3
VEHICLE_CAPACITY: 2
DISTANCES
0 1 2.8
1 2 2.9
2 3 8.4
3 4 7.3
4 5 6.1
5 6 1.6
6 7 8.4
7 8 7.7
8 9 3.2
9 0 1.5
REQUEST_SECTION
4 8 327.0 527.7 1
3 10 192.5 280.7 1
6 4 136.0 387.4 1
1 6 103.0 306.6 1
0 4 11.9 297.6 1
5 3 216.3 492.3 1
6 9 159.9 428.7 1
1 10 128.3 202.4 1
1 9 255.6 385.1 1
0 6 172.2 279.1 1
6 9 37.2 114.8 1
5 6 194.3 244.6 1
9 3 325.2 535.5 1
6 2 172.5 424.2 1
9 3 35.0 198.6 1
0 2 321.2 475.2 1
9 5 197.3 385.8 1
7 4 154.6 216.6 1
1 5 256.2 424.2 1
5 4 129.0 221.9 1
8 5 315.4 515.6 1
7 6 22.1 264.4 1
4 1 251.1 509.8 1
4 10 328.2 469.8 1
7 5 59.9 123.6 1
1 10 160.2 356.0 1
3 5 0.1 165.6 1
2 5 266.2 451.2 1
6 8 246.0 383.4 1
4 7 331.0 590.7 1
9 1 272.7 388.8 1
6 3 166.0 328.5 1
8 9 16.2 106.3 1
6 3 272.2 382.8 1
5 2 39.0 221.5 1
8 5 83.5 254.4 1
7 9 85.3 155.3 1
5 4 4.4 69.6 1
0 2 234.2 516.2 1
2 4 236.4 460.1 1
EOF
