NUM_STATIONS: 10
NUM_REQUESTS: 20
NUM_VEHICLES: 1
VEHICLE_CAPACITY: 4
DISTANCES
0 1 8.9
1 2 4.6
2 3 7.4
3 4 8.4
4 5 9.1
5 6 4.1
6 7 8.9
7 8 3.5
8 9 7.1
9 0 5.5
REQUEST_SECTION
2 3 210.1 343.3 1
4 1 142.4 344.0 1
1 10 107.2 227.5 1
5 4 141.1 357.9 1
6 5 207.9 349.3 1
0 8 65.2 209.7 1
2 9 99.6 331.3 1
9 1 149.0 314.9 1
2 3 216.8 357.6 1
5 9 125.9 267.9 1
6 4 35.0 133.9 1
5 1 241.9 380.5 1
8 4 164.9 356.2 1
8 1 179.0 248.4 1
9 2 69.0 292.5 1
5 8 73.2 285.3 1
3 5 200.0 388.0 1
8 1 91.8 310.8 1
4 9 31.1 208.3 1
6 4 222.8 456.8 1
EOF
