NUM_STATIONS: 10
NUM_REQUESTS: 20
NUM_VEHICLES: 2
VEHICLE_CAPACITY: 8
DISTANCES
0 1 8.9
1 2 4.6
2 3 7.4
3 4 8.4
4 5 9.1
5 6 4.1
6 7 8.9
7 8 3.5
8 9 7.1
9 0 5.5
REQUEST_SECTION
2 3 19.3 101.1 1
4 1 3.0 72.2 1
1 10 41.3 167.3 1
5 4 40.0 139.5 1
6 5 43.1 168.2 1
0 8 1.6 105.7 1
2 9 49.9 141.0 1
9 1 63.1 156.8 1
2 3 32.1 104.8 1
5 9 41.5 170.3 1
6 4 41.0 112.9 1
5 1 62.8 159.0 1
8 4 32.5 107.7 1
8 1 5.6 126.9 1
9 2 61.5 171.6 1
5 8 63.0 155.4 1
3 5 41.8 130.4 1
8 1 53.2 145.2 1
4 9 7.0 114.5 1
6 4 9.9 98.1 1
EOF
