NUM_STATIONS: 10
NUM_REQUESTS: 160
NUM_VEHICLES: 2
VEHICLE_CAPACITY: 2
DISTANCES
0 1 7.9
1 2 8.7
2 3 5.6
3 4 8.4
4 5 6.3
5 6 1.2
6 7 4.8
7 8 8.8
8 9 1.4
9 0 2.6
REQUEST_SECTION
0 1 353.5 902.0 1
7 1 101.7 1238.0 1
6 4 1759.8 2663.9 1
1 3 1025.5 1312.2 1
3 4 961.2 1460.1 1
6 5 87.3 382.5 1
7 4 652.6 1945.0 1
2 1 823.0 1039.6 1
6 2 2204.1 3650.2 1
1 2 33.8 96.7 1
1 6 1990.6 3276.0 1
5 4 2114.0 3485.8 1
4 2 540.8 1013.9 1
8 6 1657.0 2238.8 1
6 7 338.9 998.4 1
7 1 2110.1 3706.5 1
6 5 424.8 711.1 1
0 8 1175.0 2374.7 1
9 7 1517.8 2339.1 1
7 3 1810.3 2261.5 1
5 6 835.5 1908.1 1
1 10 1819.2 2557.8 1
9 4 1473.1 2003.7 1
0 1 821.1 1660.6 1
3 5 2148.0 2235.9 1
8 7 2106.7 2584.5 1
3 8 1084.8 2111.0 1
0 1 1369.6 3018.0 1
7 2 2136.5 2785.5 1
4 6 2222.0 3719.5 1
1 9 1196.3 1691.7 1
1 7 1452.1 2916.1 1
7 10 1172.4 1610.7 1
4 6 1762.4 3155.7 1
7 5 150.4 1439.5 1
8 1 1633.4 3293.0 1
2 8 1013.5 1927.1 1
3 10 2219.2 2613.9 1
7 8 519.2 1985.3 1
7 10 981.2 1481.5 1
3 7 1644.2 2690.1 1
9 10 821.9 992.8 1
5 2 511.1 1265.6 1
7 1 2194.0 3857.4 1
1 10 622.3 1082.2 1
9 10 263.6 600.3 1
3 4 1257.9 2129.4 1
9 10 1405.9 1808.0 1
5 6 1619.7 1896.6 1
1 4 874.2 1892.8 1
1 3 1007.8 1209.9 1
8 2 558.5 1401.9 1
2 7 953.9 2612.3 1
8 1 1986.5 3438.1 1
3 6 740.6 1963.9 1
6 7 2220.4 3117.4 1
4 9 1144.1 1523.9 1
3 5 1353.8 2644.7 1
5 6 1147.1 1732.2 1
9 5 228.1 1840.8 1
4 10 227.7 1064.5 1
0 4 1531.0 2829.1 1
9 10 2115.3 2411.6 1
1 7 1809.0 2675.5 1
8 6 1416.6 2423.9 1
2 8 933.4 989.9 1
5 1 266.2 1832.9 1
9 1 947.7 2411.5 1
8 4 742.1 931.4 1
6 4 775.7 865.2 1
3 5 141.8 1508.1 1
7 1 1067.5 1295.2 1
0 7 1725.4 2822.4 1
5 9 1145.4 2796.1 1
1 9 1154.1 1212.2 1
4 1 97.9 1634.0 1
9 3 1351.8 2651.8 1
8 5 1812.7 2714.8 1
6 10 414.8 2133.1 1
7 1 339.2 480.3 1
3 10 840.4 1592.7 1
6 8 1089.4 1928.1 1
5 8 301.0 757.5 1
9 8 775.2 913.8 1
7 4 1090.3 1426.7 1
0 4 1653.9 3180.3 1
2 9 697.7 1910.8 1
0 7 807.4 2356.3 1
0 4 635.4 2086.5 1
1 6 1052.7 2466.6 1
0 6 434.8 1916.8 1
0 5 2040.8 3357.2 1
7 1 562.5 2193.8 1
1 3 310.6 1673.1 1
3 8 1230.7 2055.7 1
7 2 1431.1 1799.2 1
6 2 794.7 2034.5 1
8 9 1675.8 3036.7 1
0 3 770.9 2171.2 1
2 7 313.6 2000.8 1
6 1 1109.0 2285.0 1
8 9 2186.3 3815.4 1
6 4 1666.5 2845.3 1
0 4 337.4 1411.0 1
7 3 205.7 1834.5 1
6 4 886.9 2310.2 1
3 8 633.0 2209.1 1
9 7 1906.9 2586.7 1
3 1 1741.3 1943.2 1
2 8 1868.2 2425.7 1
3 2 234.3 1321.6 1
1 10 673.0 862.8 1
8 5 581.3 1696.4 1
1 8 1981.6 2279.4 1
1 10 847.1 2513.1 1
8 10 2133.9 2876.7 1
6 8 535.2 909.6 1
3 6 1121.8 1408.9 1
8 9 1819.1 2922.9 1
2 7 852.7 2397.5 1
0 7 1166.0 1572.0 1
6 2 1643.2 3172.4 1
3 1 676.2 2176.1 1
5 8 73.2 940.5 1
4 6 481.0 1140.1 1
5 3 1368.8 1756.6 1
6 1 1524.5 1911.5 1
2 9 409.9 1844.6 1
1 10 129.1 1085.6 1
0 5 250.6 597.4 1
1 5 1442.3 2732.0 1
7 6 2190.6 2330.0 1
1 6 1961.8 2835.4 1
5 10 622.3 2034.5 1
4 10 1667.4 1921.4 1
7 8 1389.8 1923.6 1
5 7 415.3 578.6 1
5 8 1043.2 1632.4 1
3 8 1233.1 1399.7 1
6 8 1444.1 2735.8 1
7 1 1917.0 2141.8 1
9 6 1566.3 1656.1 1
1 10 2026.5 3072.1 1
1 5 827.2 1587.4 1
1 9 2222.4 3825.9 1
4 6 368.7 1909.5 1
7 6 752.6 2157.4 1
6 9 965.0 1848.2 1
7 2 1922.1 2783.9 1
5 7 1804.9 3041.9 1
7 10 1235.9 1899.7 1
3 8 1054.6 1524.7 1
1 3 2165.8 2364.8 1
2 8 221.5 1704.8 1
4 2 256.2 1185.7 1
5 8 2078.3 3287.3 1
4 2 666.8 2064.1 1
4 2 1941.2 3191.7 1
9 8 406.5 1873.6 1
0 9 2180.1 3533.2 1
EOF
