NUM_STATIONS: 10
NUM_REQUESTS: 80
NUM_VEHICLES: 2
VEHICLE_CAPACITY: 4
DISTANCES
0 1 8.0
1 2 8.3
2 3 3.5
3 4 6.0
4 5 1.1
5 6 2.5
6 7 5.2
7 8 7.5
8 9 5.8
9 0 8.4
REQUEST_SECTION
9 3 100.0 474.5 1
9 7 360.8 594.2 1
9 1 234.1 693.9 1
2 6 378.3 544.6 1
5 4 311.1 441.8 1
6 5 158.2 263.0 1
3 2 245.1 600.6 1
6 2 332.4 443.2 1
0 9 333.7 626.1 1
3 8 169.0 449.3 1
1 2 480.7 628.1 1
9 2 293.2 672.8 1
4 3 26.3 156.3 1
3 8 178.6 439.0 1
8 3 106.2 164.0 1
8 5 359.2 577.0 1
8 5 33.9 188.5 1
0 3 434.1 684.3 1
7 10 329.7 744.1 1
2 10 559.3 907.1 1
7 9 514.3 851.0 1
6 5 317.4 658.7 1
4 8 344.9 558.1 1
6 10 405.5 577.6 1
3 4 497.5 776.2 1
9 5 468.5 851.3 1
7 6 107.7 277.1 1
9 7 207.5 517.3 1
5 9 132.4 208.5 1
5 7 473.0 586.8 1
6 1 363.9 482.6 1
7 4 202.7 530.0 1
2 8 187.8 361.2 1
9 1 562.9 970.0 1
4 1 494.8 556.2 1
5 6 321.2 434.0 1
0 9 496.0 712.6 1
8 2 8.0 135.5 1
6 3 377.0 581.3 1
6 9 20.4 268.8 1
9 7 157.6 440.7 1
2 8 84.8 523.6 1
6 8 58.9 479.2 1
5 2 444.3 553.8 1
4 6 70.2 333.4 1
4 9 354.8 432.4 1
4 9 71.0 466.7 1
9 8 455.0 910.5 1
6 4 457.0 806.7 1
8 6 84.2 272.7 1
4 3 116.2 580.1 1
9 10 59.9 426.7 1
8 7 155.7 257.9 1
7 1 297.1 423.1 1
1 3 84.5 251.8 1
6 3 528.0 891.7 1
8 3 485.7 796.4 1
4 6 265.3 547.6 1
6 9 11.5 475.8 1
9 4 69.8 364.7 1
7 8 170.4 645.6 1
6 3 266.0 374.2 1
7 5 106.4 391.3 1
9 3 292.4 740.7 1
1 9 472.2 824.2 1
8 1 465.6 666.8 1
9 8 288.3 398.3 1
9 7 329.4 720.6 1
6 7 255.4 330.1 1
5 9 438.3 870.2 1
1 5 355.0 678.5 1
8 6 57.1 242.7 1
2 1 135.4 251.1 1
1 7 444.2 891.6 1
4 6 223.5 472.5 1
0 3 562.9 742.8 1
1 10 499.9 744.8 1
7 8 525.3 964.5 1
9 6 239.7 649.9 1
3 10 176.7 394.3 1
EOF
