NUM_STATIONS: 10
NUM_REQUESTS: 80
NUM_VEHICLES: 3
VEHICLE_CAPACITY: 8
DISTANCES
0 1 2.4
1 2 8.8
2 3 9.2
3 4 4.4
4 5 2.3
5 6 10.0
6 7 6.1
7 8 3.9
8 9 6.9
9 0 4.1
REQUEST_SECTION
4 2 12.3 131.5 1
1 6 109.2 302.4 1
9 8 122.2 235.7 1
7 1 87.1 281.9 1
1 5 128.8 299.7 1
5 9 75.3 247.2 1
1 5 122.0 275.5 1
5 6 19.9 181.4 1
2 8 0.2 117.0 1
6 1 137.8 318.2 1
5 3 110.9 190.4 1
2 7 26.0 104.9 1
5 9 107.4 306.0 1
0 2 44.0 182.8 1
1 8 80.3 164.1 1
7 10 46.6 213.4 1
1 3 97.2 221.5 1
5 3 71.1 212.3 1
2 5 25.3 100.3 1
4 8 93.1 255.5 1
2 4 135.1 235.1 1
4 2 110.4 258.4 1
7 10 142.7 244.0 1
5 6 140.1 216.5 1
5 9 94.8 157.0 1
7 6 79.8 138.4 1
1 5 30.2 167.1 1
1 2 37.8 203.4 1
9 1 74.3 239.5 1
3 7 62.6 229.4 1
7 2 83.5 189.4 1
1 7 23.7 148.5 1
3 8 58.0 253.1 1
1 5 28.5 135.9 1
1 8 4.7 146.4 1
3 9 89.3 203.6 1
1 10 33.1 126.1 1
7 2 9.4 83.1 1
3 6 90.8 155.7 1
8 7 91.6 225.6 1
1 2 124.3 257.1 1
0 7 2.1 93.9 1
0 3 69.0 184.3 1
0 4 29.3 97.5 1
6 5 19.7 191.6 1
5 8 34.8 146.5 1
1 10 130.6 306.6 1
5 6 44.9 159.3 1
4 7 13.7 170.3 1
8 9 106.3 296.1 1
5 8 93.6 198.8 1
6 7 10.2 148.0 1
0 8 33.6 169.0 1
1 9 143.6 323.7 1
0 5 37.0 196.6 1
0 4 1.1 137.3 1
4 9 137.1 211.3 1
3 1 122.5 221.4 1
7 2 81.1 280.3 1
5 8 64.4 131.7 1
2 10 11.1 208.5 1
7 9 61.5 204.7 1
8 5 40.1 188.1 1
5 6 2.7 60.9 1
8 2 87.8 198.7 1
5 2 34.1 107.0 1
5 1 111.5 218.5 1
8 7 49.5 174.2 1
3 7 61.4 260.0 1
4 7 52.9 192.1 1
6 4 129.1 252.6 1
9 7 108.6 234.8 1
9 3 40.8 240.8 1
9 5 118.3 184.8 1
9 10 142.6 338.9 1
8 10 30.1 132.4 1
9 6 121.1 181.8 1
3 9 139.3 301.8 1
2 9 143.8 224.4 1
2 4 48.6 168.2 1
EOF
