NUM_STATIONS: 10
NUM_REQUESTS: 80
NUM_VEHICLES: 3
VEHICLE_CAPACITY: 2
DISTANCES
0 1 5.3
1 2 5.1
2 3 4.1
3 4 5.8
4 5 8.8
5 6 4.0
6 7 7.4
7 8 2.6
8 9 6.4
9 0 5.7
REQUEST_SECTION
7 4 653.4 754.6 1
7 1 492.1 673.7 1
9 2 518.4 589.2 1
2 9 399.3 707.5 1
6 10 191.7 302.1 1
0 9 203.7 326.0 1
6 8 65.2 327.0 1
2 3 651.4 785.6 1
4 7 151.5 269.3 1
1 4 273.4 425.8 1
5 9 180.4 371.7 1
7 1 119.0 426.1 1
5 3 530.2 727.7 1
4 10 568.8 937.6 1
0 1 160.2 525.8 1
8 9 529.0 797.8 1
8 2 560.7 892.3 1
8 4 133.4 264.3 1
1 5 144.1 400.0 1
5 3 364.8 515.1 1
8 2 572.5 760.3 1
3 6 723.0 822.3 1
5 4 635.3 753.5 1
7 9 100.5 363.2 1
3 5 641.1 1052.6 1
7 8 521.5 801.9 1
0 8 278.4 567.6 1
9 2 552.3 819.1 1
1 6 430.0 722.8 1
4 7 63.9 384.6 1
0 7 703.4 864.3 1
5 7 219.2 443.2 1
4 7 226.6 477.5 1
1 6 540.7 754.8 1
0 9 80.8 219.4 1
8 9 425.8 651.4 1
2 5 232.9 561.4 1
1 10 359.5 679.4 1
3 2 352.8 692.0 1
9 6 644.4 710.7 1
7 8 317.1 514.1 1
6 8 241.5 568.0 1
6 3 237.4 308.8 1
0 6 149.7 216.6 1
1 6 221.8 534.5 1
0 7 700.4 796.1 1
6 3 439.9 737.7 1
3 2 133.0 238.5 1
8 10 233.2 412.1 1
6 3 714.5 900.9 1
9 8 512.4 781.6 1
1 6 400.4 564.8 1
3 2 105.2 432.1 1
2 5 528.7 749.9 1
6 1 577.4 655.9 1
9 4 202.4 390.3 1
7 9 645.2 949.4 1
1 2 510.4 745.8 1
8 4 573.8 897.5 1
3 7 255.2 608.5 1
1 8 619.8 998.8 1
3 5 463.7 701.3 1
6 4 695.2 1043.8 1
5 9 82.7 369.3 1
4 3 727.2 1081.8 1
1 8 137.4 319.0 1
0 9 85.3 285.4 1
9 5 221.4 380.9 1
2 9 685.6 950.5 1
6 2 191.2 543.8 1
9 1 397.3 458.7 1
9 3 479.8 843.8 1
5 2 452.5 834.2 1
8 10 684.5 1014.8 1
3 7 266.7 366.0 1
7 5 124.8 255.8 1
0 5 434.1 600.0 1
6 1 23.7 224.2 1
7 1 522.8 878.9 1
3 9 729.7 963.9 1
EOF
