NUM_STATIONS: 10
NUM_REQUESTS: 80
NUM_VEHICLES: 2
VEHICLE_CAPACITY: 8
DISTANCES
0 1 8.0
1 2 8.3
2 3 3.5
3 4 6.0
4 5 1.1
5 6 2.5
6 7 5.2
7 8 7.5
8 9 5.8
9 0 8.4
REQUEST_SECTION
9 3 76.7 318.6 1
9 7 86.6 240.8 1
9 1 171.1 232.3 1
2 6 192.8 275.5 1
5 4 164.4 263.0 1
6 5 246.9 356.6 1
3 2 129.4 330.8 1
6 2 112.1 333.4 1
0 9 140.1 197.8 1
3 8 67.8 236.9 1
1 2 91.2 247.8 1
9 2 107.1 233.5 1
4 3 210.3 344.5 1
3 8 106.3 332.4 1
8 3 122.1 288.1 1
8 5 207.7 464.1 1
8 5 101.0 283.6 1
0 3 47.4 307.9 1
7 10 118.5 361.2 1
2 10 116.3 259.3 1
7 9 40.7 262.1 1
6 5 223.8 312.7 1
4 8 244.0 491.0 1
6 10 40.6 149.1 1
3 4 87.8 342.9 1
9 5 72.7 163.3 1
7 6 274.9 367.0 1
9 7 153.6 311.2 1
5 9 57.2 286.4 1
5 7 6.6 173.3 1
6 1 107.8 188.8 1
7 4 88.0 145.5 1
2 8 44.8 161.5 1
9 1 222.5 318.7 1
4 1 19.6 129.1 1
5 6 157.1 341.0 1
0 9 142.8 279.8 1
8 2 108.1 345.5 1
6 3 119.2 386.3 1
6 9 74.7 249.3 1
9 7 189.6 451.0 1
2 8 219.6 467.0 1
6 8 114.9 206.5 1
5 2 245.9 497.1 1
4 6 119.1 181.2 1
4 9 68.8 327.3 1
4 9 244.4 313.8 1
9 8 276.3 413.0 1
6 4 62.6 234.5 1
8 6 170.4 244.2 1
4 3 267.6 365.0 1
9 10 51.1 270.0 1
8 7 204.7 278.7 1
7 1 182.2 365.9 1
1 3 185.8 376.2 1
6 3 5.0 103.3 1
8 3 111.3 358.8 1
4 6 177.3 347.5 1
6 9 149.6 413.9 1
9 4 18.5 244.7 1
7 8 64.0 285.4 1
6 3 262.9 462.0 1
7 5 121.8 383.5 1
9 3 39.4 123.0 1
1 9 176.6 316.4 1
8 1 233.3 343.3 1
9 8 137.7 337.5 1
9 7 176.5 260.1 1
6 7 110.2 245.9 1
5 9 103.8 220.8 1
1 5 37.9 175.7 1
8 6 264.9 489.9 1
2 1 231.8 490.6 1
1 7 116.1 278.4 1
4 6 81.1 146.4 1
0 3 30.1 175.8 1
1 10 273.0 386.8 1
7 8 215.8 462.9 1
9 6 184.0 318.5 1
3 10 131.9 286.5 1
EOF
