NUM_STATIONS: 10
NUM_REQUESTS: 160
NUM_VEHICLES: 2
VEHICLE_CAPACITY: 1
DISTANCES
0 1 6.3
1 2 1.5
2 3 7.8
3 4 9.8
4 5 9.9
5 6 6.9
6 7 1.6
7 8 5.2
8 9 2.2
9 0 6.8
REQUEST_SECTION
3 7 1231.5 1371.5 1
2 4 1987.0 2556.5 1
2 7 3631.1 4498.5 1
7 4 543.5 1803.7 1
4 10 3492.3 5437.9 1
1 4 3618.5 6554.1 1
2 1 787.0 3995.8 1
5 9 1190.3 2902.8 1
7 3 3063.5 3479.1 1
0 7 3345.3 5901.2 1
0 3 2821.0 4604.4 1
0 5 251.7 2113.4 1
0 3 3662.5 4568.8 1
8 4 3765.2 5957.8 1
3 4 1386.1 3718.0 1
0 7 3720.2 6862.5 1
5 4 220.7 3090.1 1
9 8 3825.7 4898.4 1
8 6 2855.4 3391.5 1
9 7 2705.2 3582.9 1
9 4 3414.1 3769.5 1
2 4 1452.9 4350.5 1
9 3 927.1 2813.2 1
9 5 720.4 3669.2 1
1 6 2115.1 2471.9 1
9 4 3722.2 7122.7 1
9 2 3185.8 3394.2 1
7 2 2098.6 2263.6 1
3 9 3007.6 6303.5 1
1 2 2799.8 5507.2 1
5 6 225.9 2110.6 1
0 8 3306.3 6515.8 1
1 4 3481.9 4832.9 1
8 3 1197.9 1924.8 1
0 1 2656.7 4425.7 1
3 2 1085.0 4521.3 1
9 8 4562.1 6149.7 1
0 9 2800.8 6219.9 1
7 6 2102.3 3416.8 1
6 2 3492.4 3735.6 1
2 3 3526.3 4314.2 1
2 3 2148.9 3800.0 1
2 8 85.0 2851.5 1
7 3 2072.3 3103.0 1
5 1 3352.9 5842.6 1
9 6 4473.6 7176.4 1
0 2 2676.1 2987.0 1
5 2 2621.7 3331.9 1
0 4 1860.5 4989.8 1
0 1 2218.2 5249.1 1
8 5 4123.9 7110.1 1
1 9 3162.8 6582.2 1
9 10 2314.5 5302.8 1
9 10 873.4 4113.0 1
3 10 1231.3 3565.7 1
0 5 2662.8 5563.8 1
9 3 3726.8 3896.6 1
1 7 1300.6 3901.6 1
2 9 1352.2 4497.6 1
2 9 3374.0 4981.6 1
2 7 3339.9 5754.8 1
5 1 3521.0 4493.7 1
6 4 796.2 3217.6 1
1 4 2148.3 4541.7 1
5 3 2011.4 3073.9 1
2 5 4122.7 5272.0 1
4 10 3269.3 3375.2 1
0 6 3219.6 3860.4 1
3 2 3217.5 4359.2 1
6 1 1210.6 2418.2 1
6 1 4081.2 7365.7 1
7 1 1396.8 2587.0 1
9 10 1031.6 4195.6 1
3 4 2257.3 3467.4 1
3 6 461.3 3435.8 1
1 4 647.3 1540.9 1
2 4 3495.4 6251.7 1
6 9 2363.4 5745.5 1
3 7 135.6 217.8 1
9 4 3092.7 6025.6 1
5 4 3192.3 4364.5 1
0 3 2552.2 4831.7 1
1 3 311.9 779.9 1
9 1 903.0 1148.0 1
4 3 1778.4 4092.3 1
9 10 3115.9 6358.2 1
8 7 2058.8 5541.0 1
1 7 3584.2 4737.0 1
7 6 282.6 3509.8 1
2 5 4503.3 7492.9 1
0 2 4376.0 5756.7 1
5 7 3185.3 6402.3 1
3 7 1590.7 4027.7 1
4 10 1826.7 3807.0 1
5 10 1166.6 1229.2 1
7 5 2745.5 5078.7 1
1 6 1905.3 3661.3 1
7 1 834.7 4119.5 1
1 5 4317.9 6267.0 1
6 8 1227.1 3490.4 1
3 5 3673.4 5239.9 1
9 7 4296.5 5744.2 1
4 9 60.8 3284.9 1
7 4 4557.6 4794.0 1
4 9 3566.1 7064.2 1
8 2 1286.3 4402.6 1
4 9 1058.2 3010.0 1
2 1 2440.6 3272.0 1
8 10 1923.7 5023.5 1
5 1 1141.8 3991.8 1
9 1 3926.7 7075.4 1
0 4 3764.1 6211.5 1
0 2 1179.2 1529.5 1
6 1 703.0 1839.9 1
5 4 711.6 4115.9 1
5 1 648.7 2263.1 1
0 9 2539.9 2701.1 1
6 9 864.7 2825.3 1
6 5 2548.2 2853.2 1
7 9 374.9 1594.3 1
8 6 929.3 3802.1 1
1 6 2823.7 3181.1 1
2 8 1242.9 3534.5 1
1 9 4515.0 6278.7 1
0 8 1395.2 3540.2 1
7 1 2585.0 4324.3 1
3 9 3376.8 4039.1 1
7 10 247.9 3745.7 1
2 4 1287.1 1978.8 1
8 7 2294.1 5654.1 1
7 1 2330.5 3517.4 1
3 7 991.0 3019.1 1
9 5 3183.5 5263.6 1
0 8 1261.5 1845.1 1
9 3 4264.4 4724.8 1
5 8 1743.4 3510.4 1
1 3 2871.3 5838.0 1
1 9 3813.7 4364.0 1
5 9 1304.7 2288.3 1
2 5 2311.7 4277.8 1
8 3 3433.2 6606.8 1
1 8 2196.2 3663.2 1
6 9 3325.4 5635.3 1
0 9 946.3 1539.3 1
4 7 4387.8 6662.5 1
2 8 4149.7 4330.8 1
1 6 3011.3 6083.3 1
1 10 160.9 2283.1 1
0 5 3012.7 3112.4 1
3 9 3049.4 3239.4 1
5 9 4159.0 7602.2 1
4 5 1529.5 2923.5 1
7 1 3210.3 4363.2 1
9 1 2000.0 4679.7 1
4 10 1825.1 2896.2 1
6 1 3383.2 6104.2 1
7 3 4068.1 6130.6 1
3 8 3702.1 5182.2 1
0 9 2504.6 3876.2 1
5 3 1409.2 2544.0 1
EOF
