NUM_STATIONS: 10
NUM_REQUESTS: 160
NUM_VEHICLES: 3
VEHICLE_CAPACITY: 8
DISTANCES
0 1 6.3
1 2 7.7
2 3 3.8
3 4 4.5
4 5 9.5
5 6 2.1
6 7 8.1
7 8 3.8
8 9 3.5
9 0 1.8
REQUEST_SECTION
8 5 27.2 79.7 1
2 7 34.8 103.4 1
0 6 90.5 215.8 1
4 2 49.8 341.2 1
6 1 175.3 298.3 1
6 5 313.5 488.5 1
4 5 320.9 581.6 1
1 7 281.5 386.0 1
9 1 134.0 379.5 1
8 4 222.7 327.4 1
6 8 229.2 507.5 1
3 10 313.3 564.4 1
9 6 287.8 509.4 1
1 3 269.4 395.0 1
9 1 254.6 382.9 1
6 5 334.7 405.2 1
1 10 132.2 231.1 1
0 8 191.5 417.6 1
7 10 125.9 240.5 1
2 5 13.9 120.6 1
3 9 3.3 110.2 1
9 5 230.2 290.3 1
2 4 102.1 248.1 1
0 5 132.1 350.4 1
6 5 127.3 371.7 1
1 3 62.5 134.7 1
7 5 213.3 381.2 1
0 4 175.5 321.9 1
2 10 52.6 332.7 1
1 10 158.3 389.3 1
4 1 224.8 467.4 1
5 8 54.8 295.6 1
8 5 167.1 335.0 1
4 10 117.4 315.1 1
6 3 324.2 604.3 1
6 5 164.1 469.5 1
1 7 194.1 306.5 1
3 1 112.0 275.9 1
0 3 149.9 331.7 1
3 2 123.0 255.5 1
7 4 114.1 396.5 1
6 4 329.8 393.3 1
3 8 243.9 388.6 1
7 2 281.9 480.6 1
8 3 107.1 281.0 1
8 2 118.8 338.5 1
2 3 144.4 248.9 1
0 1 208.5 430.0 1
5 8 198.1 372.5 1
2 7 238.3 348.0 1
8 4 263.7 366.9 1
3 8 278.8 452.4 1
2 5 284.9 508.7 1
4 1 47.1 143.5 1
6 4 66.5 372.4 1
4 5 247.9 428.1 1
6 7 208.5 374.9 1
2 8 179.5 436.5 1
8 10 32.3 189.0 1
9 8 245.9 311.1 1
9 3 206.3 468.9 1
8 9 159.4 295.9 1
8 9 259.0 504.9 1
8 10 114.4 192.8 1
3 9 46.9 119.9 1
2 8 139.9 332.6 1
7 3 129.1 382.3 1
1 8 147.1 396.9 1
9 1 249.0 303.6 1
4 6 304.2 386.7 1
2 10 60.3 173.4 1
0 3 171.1 331.0 1
0 5 280.1 533.9 1
5 3 308.6 478.0 1
9 3 236.1 299.9 1
9 4 32.2 177.0 1
3 2 201.2 381.0 1
5 4 128.8 258.9 1
7 1 59.3 149.3 1
0 7 122.5 231.2 1
5 8 311.3 424.9 1
9 1 269.2 539.5 1
3 4 30.4 321.4 1
4 9 249.3 532.1 1
5 1 155.0 434.6 1
5 2 312.4 506.9 1
2 1 265.5 396.7 1
8 2 247.9 349.6 1
0 8 294.0 470.4 1
3 1 233.6 420.1 1
2 10 77.6 226.2 1
0 8 296.5 598.3 1
6 9 38.3 147.8 1
3 8 56.8 254.2 1
4 2 322.6 571.3 1
7 4 253.1 328.3 1
9 1 323.9 399.3 1
7 8 233.3 502.9 1
4 7 3.1 203.5 1
8 5 55.4 308.2 1
8 7 167.7 249.4 1
3 1 21.4 120.2 1
6 3 60.9 351.0 1
5 9 163.6 430.5 1
3 7 311.2 427.3 1
2 7 332.5 619.9 1
2 7 65.6 161.3 1
9 10 3.7 125.4 1
0 8 100.2 375.8 1
7 8 153.7 337.9 1
4 3 50.5 275.4 1
6 7 196.9 424.1 1
1 6 193.3 481.2 1
5 1 160.0 381.7 1
4 9 8.6 140.9 1
3 8 66.9 182.9 1
5 7 207.0 422.2 1
6 9 242.6 318.1 1
1 5 112.3 289.0 1
8 2 294.8 421.8 1
9 10 147.8 442.9 1
5 7 143.0 442.9 1
5 4 294.2 561.7 1
7 6 171.1 357.8 1
5 9 184.7 360.9 1
9 7 130.3 425.0 1
3 5 211.6 411.4 1
5 9 335.8 615.4 1
7 8 124.1 223.8 1
0 5 18.0 279.3 1
6 3 273.9 424.0 1
2 5 115.5 175.3 1
9 8 288.7 486.7 1
1 10 266.5 519.8 1
4 6 330.3 386.0 1
4 9 7.9 158.8 1
6 7 56.3 265.4 1
8 1 64.5 219.4 1
7 2 102.6 275.7 1
8 7 125.2 414.6 1
6 8 185.1 300.0 1
1 6 218.3 289.8 1
0 3 339.3 605.7 1
5 1 41.5 220.2 1
0 4 76.1 251.5 1
9 4 296.9 412.9 1
1 10 271.0 500.5 1
8 5 43.3 291.1 1
7 6 183.8 282.5 1
3 9 245.0 344.0 1
0 8 211.0 315.0 1
2 9 41.0 313.6 1
9 8 44.4 204.3 1
1 9 336.6 479.4 1
1 8 116.5 371.3 1
0 5 224.0 422.7 1
4 6 90.5 270.6 1
7 5 149.4 331.0 1
9 6 232.5 407.6 1
8 5 57.5 159.5 1
EOF
