NUM_STATIONS: 10
NUM_REQUESTS: 40
NUM_VEHICLES: 3
VEHICLE_CAPACITY: 8
DISTANCES
0 1 2.8
1 2 2.9
2 3 8.4
3 4 7.3
4 5 6.1
5 6 1.6
6 7 8.4
7 8 7.7
8 9 3.2
9 0 1.5
REQUEST_SECTION
4 8 26.9 130.0 1
3 10 19.3 91.0 1
6 4 21.1 88.0 1
1 6 0.4 50.3 1
0 4 21.0 125.2 1
5 3 8.4 119.7 1
6 9 50.3 130.1 1
1 10 40.7 124.2 1
1 9 57.6 120.2 1
0 6 49.5 140.6 1
6 9 17.7 93.0 1
5 6 39.9 101.8 1
9 3 3.4 98.3 1
6 2 78.6 137.2 1
9 3 35.6 92.3 1
0 2 39.4 119.4 1
9 5 54.6 136.2 1
7 4 32.0 101.2 1
1 5 68.2 125.4 1
5 4 13.5 93.4 1
8 5 74.7 174.2 1
7 6 25.8 118.0 1
4 1 63.1 156.0 1
4 10 55.6 110.8 1
7 5 21.7 104.8 1
1 10 49.6 128.1 1
3 5 9.4 103.3 1
2 5 75.8 184.1 1
6 8 53.0 138.9 1
4 7 1.4 69.4 1
9 1 7.8 66.8 1
6 3 7.8 116.9 1
8 9 60.5 142.4 1
6 3 65.8 152.2 1
5 2 16.8 81.8 1
8 5 25.8 105.4 1
7 9 45.5 101.2 1
5 4 22.4 104.4 1
0 2 26.5 90.0 1
2 4 24.7 79.7 1
EOF
