NUM_STATIONS: 10
NUM_REQUESTS: 80
NUM_VEHICLES: 1
VEHICLE_CAPACITY: 2
DISTANCES
0 1 8.0
1 2 8.3
2 3 3.5
3 4 6.0
4 5 1.1
5 6 2.5
6 7 5.2
7 8 7.5
8 9 5.8
9 0 8.4
REQUEST_SECTION
9 3 1227.2 2178.7 1
9 7 1604.4 3107.0 1
9 1 293.1 366.6 1
2 6 1562.5 1660.8 1
5 4 581.5 1609.8 1
6 5 1124.6 2021.0 1
3 2 1414.1 2125.9 1
6 2 512.1 1438.1 1
0 9 876.3 1885.5 1
3 8 1419.2 2364.5 1
1 2 298.3 1777.6 1
9 2 435.7 1311.2 1
4 3 1265.5 2195.3 1
3 8 1436.8 2311.4 1
8 3 914.2 1665.6 1
8 5 719.4 2065.6 1
8 5 569.9 916.3 1
0 3 930.2 2019.4 1
7 10 1366.9 2548.8 1
2 10 804.2 1207.4 1
7 9 215.1 1568.8 1
6 5 1545.8 3141.3 1
4 8 322.9 893.6 1
6 10 535.5 716.3 1
3 4 620.2 1446.3 1
9 5 1362.8 2842.8 1
7 6 265.9 957.8 1
9 7 724.8 851.2 1
5 9 1177.7 1796.7 1
5 7 1476.8 2610.8 1
6 1 820.1 1095.3 1
7 4 541.3 1986.1 1
2 8 445.0 678.6 1
9 1 961.3 1426.2 1
4 1 738.7 1614.5 1
5 6 186.0 952.6 1
0 9 1618.1 2297.3 1
8 2 492.8 2036.2 1
6 3 102.2 380.0 1
6 9 396.6 480.9 1
9 7 1313.7 2254.3 1
2 8 1116.3 1591.5 1
6 8 1038.3 1515.8 1
5 2 473.3 1317.2 1
4 6 536.1 1109.1 1
4 9 1531.0 2145.5 1
4 9 200.9 1710.5 1
9 8 1586.9 2367.9 1
6 4 643.3 2306.8 1
8 6 659.7 2135.6 1
4 3 54.8 1455.3 1
9 10 155.6 423.2 1
8 7 1213.8 2919.8 1
7 1 427.5 966.5 1
1 3 87.1 647.1 1
6 3 28.1 1289.0 1
8 3 1506.1 2562.3 1
4 6 302.0 1479.0 1
6 9 62.4 529.4 1
9 4 1211.8 1760.8 1
7 8 438.9 1739.7 1
6 3 495.7 1855.4 1
7 5 108.5 1829.8 1
9 3 645.9 1602.2 1
1 9 163.4 1465.3 1
8 1 308.1 624.0 1
9 8 1014.2 2476.4 1
9 7 1636.3 3266.8 1
6 7 1394.5 2454.7 1
5 9 60.9 1242.0 1
1 5 1355.9 1651.1 1
8 6 1528.6 2746.8 1
2 1 644.8 2207.7 1
1 7 1553.4 2732.1 1
4 6 1599.0 1731.4 1
0 3 1565.8 1973.4 1
1 10 1191.9 1809.0 1
7 8 277.7 1729.8 1
9 6 1647.8 3047.1 1
3 10 54.6 510.3 1
EOF
