NUM_STATIONS: 10
NUM_REQUESTS: 20
NUM_VEHICLES: 3
VEHICLE_CAPACITY: 2
DISTANCES
0 1 10.0
1 2 3.1
2 3 7.4
3 4 2.1
4 5 5.5
5 6 6.0
6 7 3.5
7 8 7.1
8 9 7.6
9 0 5.4
REQUEST_SECTION
4 9 1.4 134.2 1
8 3 91.7 266.9 1
4 3 122.1 199.9 1
5 2 45.0 168.2 1
7 5 12.1 130.8 1
3 6 3.8 194.2 1
9 4 135.5 319.3 1
5 4 52.2 210.8 1
7 6 105.7 254.3 1
5 4 8.0 151.9 1
6 8 70.2 250.1 1
3 1 72.1 185.3 1
3 10 82.4 263.8 1
8 9 125.3 256.5 1
8 3 30.5 199.8 1
3 2 136.9 303.4 1
0 3 19.9 175.7 1
1 3 24.3 119.3 1
7 5 19.7 90.2 1
8 7 127.4 302.6 1
EOF
