NUM_STATIONS: 10
NUM_REQUESTS: 80
NUM_VEHICLES: 2
VEHICLE_CAPACITY: 4
DISTANCES
0 1 9.9
1 2 5.8
2 3 2.8
3 4 4.2
4 5 8.2
5 6 9.6
6 7 7.3
7 8 4.0
8 9 8.9
9 0 4.1
REQUEST_SECTION
8 2 56.6 535.7 1
3 8 378.2 811.8 1
0 4 208.8 401.0 1
4 8 224.1 515.8 1
7 10 159.0 330.5 1
4 1 428.2 910.5 1
1 9 254.9 732.2 1
3 6 301.9 693.9 1
5 9 232.0 498.9 1
9 5 197.8 616.1 1
1 7 559.1 991.1 1
7 3 132.1 633.1 1
9 7 596.5 847.4 1
1 6 266.0 584.6 1
5 3 491.5 741.3 1
0 4 586.4 897.4 1
7 1 415.7 741.3 1
0 4 49.8 549.5 1
2 9 168.8 623.0 1
0 6 325.4 491.0 1
0 9 550.0 896.1 1
4 10 110.6 336.2 1
2 5 426.6 925.8 1
1 10 94.2 258.3 1
7 10 646.1 1169.1 1
2 10 644.5 774.8 1
3 8 274.3 385.3 1
5 8 603.8 1147.1 1
6 8 205.6 685.5 1
6 5 53.6 126.6 1
5 10 277.2 725.2 1
2 8 493.1 909.2 1
8 9 384.1 461.7 1
2 7 94.9 316.0 1
4 6 174.4 377.9 1
5 8 219.8 444.3 1
9 8 24.8 567.6 1
3 1 66.4 555.2 1
3 4 474.4 772.8 1
2 6 184.0 296.7 1
4 9 218.7 760.4 1
7 5 169.7 449.5 1
6 4 235.2 341.2 1
7 3 234.4 299.8 1
5 10 500.8 854.6 1
3 8 405.7 890.0 1
9 6 121.3 439.0 1
5 1 553.2 905.4 1
8 4 324.1 827.5 1
0 5 202.3 622.4 1
5 10 346.8 610.4 1
7 5 24.7 350.4 1
6 10 615.6 824.3 1
6 1 70.8 509.1 1
2 6 646.5 1059.3 1
4 5 531.7 980.6 1
7 3 215.8 735.7 1
0 4 96.3 544.5 1
0 9 329.7 633.5 1
4 10 288.6 530.5 1
2 1 195.1 649.0 1
1 10 457.8 666.7 1
0 7 363.5 554.5 1
0 4 249.7 679.4 1
2 6 456.1 710.7 1
6 8 80.9 492.4 1
7 9 340.5 412.6 1
0 1 202.8 727.4 1
3 6 314.7 400.1 1
5 1 568.5 737.9 1
1 8 74.4 556.4 1
7 5 143.1 263.8 1
3 2 461.7 949.0 1
2 5 468.2 639.6 1
4 2 628.4 808.5 1
7 10 427.2 923.2 1
3 7 457.8 677.8 1
4 6 15.2 309.0 1
1 2 226.8 703.1 1
1 8 60.5 243.0 1
EOF
