NUM_STATIONS: 10
NUM_REQUESTS: 20
NUM_VEHICLES: 1
VEHICLE_CAPACITY: 2
DISTANCES
0 1 8.9
1 2 4.6
2 3 7.4
3 4 8.4
4 5 9.1
5 6 4.1
6 7 8.9
7 8 3.5
8 9 7.1
9 0 5.5
REQUEST_SECTION
2 3 309.9 643.2 1
4 1 47.0 280.7 1
1 10 476.0 633.5 1
5 4 368.0 649.9 1
6 5 436.4 535.8 1
0 8 558.3 737.2 1
2 9 287.4 593.3 1
9 1 350.2 600.2 1
2 3 223.0 360.1 1
5 9 617.3 708.8 1
6 4 259.2 567.4 1
5 1 390.0 781.1 1
8 4 534.8 654.5 1
8 1 404.2 749.8 1
9 2 353.4 639.2 1
5 8 45.5 308.1 1
3 5 542.2 654.8 1
8 1 531.9 734.2 1
4 9 546.4 758.7 1
6 4 521.4 720.1 1
EOF
