NUM_STATIONS: 10
NUM_REQUESTS: 160
NUM_VEHICLES: 1
VEHICLE_CAPACITY: 4
DISTANCES
0 1 3.6
1 2 7.3
2 3 7.4
3 4 1.6
4 5 9.1
5 6 1.1
6 7 5.1
7 8 5.3
8 9 9.0
9 0 2.6
REQUEST_SECTION
0 6 1446.4 2028.6 1
6 7 1930.3 2285.9 1
7 6 26.3 139.8 1
0 1 1849.9 3381.9 1
4 3 769.2 1805.3 1
6 10 1558.6 2741.8 1
5 2 517.0 1321.7 1
1 3 701.3 1774.9 1
0 6 1941.7 2471.3 1
6 1 850.1 1454.5 1
4 5 912.7 2359.0 1
6 2 1065.9 2572.7 1
3 4 1443.9 1938.5 1
3 4 1207.4 2583.1 1
7 9 2088.3 3610.1 1
9 3 1292.1 2087.0 1
9 7 1157.3 2541.6 1
4 8 892.2 1861.6 1
3 7 179.1 575.7 1
2 3 1509.4 2441.2 1
0 7 695.3 1805.1 1
1 5 1274.6 2312.8 1
8 2 998.1 1948.4 1
5 3 1643.4 3073.0 1
5 9 449.3 1182.0 1
1 6 796.8 1405.9 1
1 6 1257.0 1331.9 1
4 2 1783.0 1843.1 1
5 3 714.7 872.0 1
4 7 1744.2 2980.1 1
6 5 1415.0 1956.7 1
3 7 719.1 1568.1 1
5 3 1079.0 2157.1 1
4 9 549.9 1134.2 1
2 6 2060.1 2383.1 1
8 4 1016.1 2111.4 1
0 3 70.1 1566.0 1
8 9 1362.4 2476.0 1
9 5 552.4 698.0 1
5 7 1800.1 3126.0 1
1 5 1339.5 1965.3 1
6 8 599.1 1516.2 1
3 8 473.9 1520.9 1
8 5 171.7 719.1 1
3 10 1287.6 1366.8 1
8 7 1036.5 2264.4 1
9 4 430.8 1773.0 1
6 2 1244.7 1565.6 1
9 7 2043.1 3364.4 1
0 8 1069.3 1856.8 1
3 9 1935.1 2780.4 1
7 10 1262.6 1668.3 1
7 3 1701.9 2674.5 1
4 1 958.6 1565.9 1
1 3 820.2 2185.6 1
4 9 251.0 339.7 1
6 7 1556.0 2760.7 1
3 9 978.5 1275.9 1
1 5 1919.2 2260.3 1
9 7 294.0 788.2 1
4 8 1037.2 1766.3 1
7 10 1913.3 1997.3 1
2 9 547.3 1686.8 1
8 1 1981.3 3581.5 1
1 7 1287.1 2166.9 1
8 5 1636.0 2302.7 1
7 3 1885.2 2694.7 1
3 5 1116.4 1351.8 1
0 5 622.8 754.4 1
9 4 310.8 1233.3 1
5 8 893.3 1665.0 1
9 8 323.2 1925.7 1
6 9 721.5 1295.3 1
8 1 1676.0 2968.8 1
6 7 126.7 1364.7 1
6 1 4.3 419.6 1
3 5 517.7 1770.3 1
4 7 2041.0 2351.1 1
6 3 627.7 1942.9 1
4 5 15.4 671.6 1
0 1 818.9 1151.9 1
8 5 455.7 1970.5 1
3 4 1443.5 1533.5 1
2 6 1600.8 1842.8 1
9 4 817.5 2195.1 1
6 8 777.6 1740.8 1
6 2 1497.2 1758.4 1
7 2 1226.8 1421.7 1
1 8 1137.9 1356.9 1
9 5 1452.8 2262.6 1
6 2 1719.5 1925.9 1
1 5 1404.4 2083.2 1
5 4 870.8 1911.8 1
8 10 196.8 541.4 1
3 6 1168.6 2312.6 1
5 2 863.0 2015.8 1
6 3 1143.4 1648.4 1
4 6 1026.8 1583.8 1
5 7 1776.4 2935.8 1
2 3 1713.8 3217.7 1
4 9 585.4 1672.9 1
4 1 646.0 916.1 1
5 6 808.8 1999.9 1
5 10 146.4 1170.8 1
8 9 1513.1 1816.2 1
3 5 180.7 1277.8 1
3 8 316.4 1333.8 1
7 8 388.2 1893.9 1
4 8 1735.8 3034.0 1
1 6 451.1 1282.1 1
3 9 118.3 1047.5 1
0 8 1741.3 2074.9 1
0 5 1262.5 2159.7 1
1 8 1685.7 2046.3 1
3 6 1502.0 2747.8 1
7 1 518.6 766.3 1
7 1 905.2 1493.1 1
4 1 1405.3 1995.1 1
1 2 729.7 1972.9 1
8 5 605.1 1866.3 1
6 4 1143.0 2376.9 1
3 6 933.4 1269.3 1
2 8 1625.7 2255.5 1
6 1 1279.2 2680.6 1
6 10 1248.6 1585.4 1
0 2 1712.0 3193.7 1
0 1 1240.9 1676.5 1
3 9 2024.0 3592.3 1
2 8 766.4 2021.9 1
4 5 1879.4 2872.7 1
1 5 872.0 1047.1 1
4 2 1325.8 1720.7 1
1 3 1252.6 2703.1 1
1 3 1473.4 2642.3 1
6 1 613.2 1309.6 1
8 9 2009.1 3074.1 1
7 6 2002.9 2530.4 1
1 7 1622.4 2102.9 1
6 1 442.6 610.6 1
4 6 102.2 395.0 1
3 9 224.6 1644.1 1
2 9 1907.1 2985.2 1
6 9 1569.7 2026.5 1
2 4 1149.9 1388.1 1
9 6 1924.1 3495.4 1
1 6 74.9 1666.7 1
3 2 1771.7 2142.3 1
4 1 1238.4 2252.6 1
8 9 1691.3 2478.8 1
4 3 379.1 702.4 1
7 5 1446.0 2305.2 1
3 5 1739.0 2187.2 1
6 7 382.9 1033.0 1
9 5 1270.2 2256.4 1
6 5 1560.3 1777.8 1
3 8 1311.2 2407.7 1
4 9 67.3 279.4 1
4 10 75.4 682.2 1
6 8 1862.8 3110.2 1
3 1 714.5 1701.9 1
EOF
