NUM_STATIONS: 10
NUM_REQUESTS: 160
NUM_VEHICLES: 1
VEHICLE_CAPACITY: 8
DISTANCES
0 1 7.9
1 2 8.7
2 3 5.6
3 4 8.4
4 5 6.3
5 6 1.2
6 7 4.8
7 8 8.8
8 9 1.4
9 0 2.6
REQUEST_SECTION
0 1 767.7 1593.2 1
7 1 232.0 400.1 1
6 4 189.8 354.4 1
1 3 722.1 1510.3 1
3 4 59.1 679.0 1
6 5 128.0 840.9 1
7 4 302.2 926.5 1
2 1 572.9 628.8 1
6 2 771.0 1231.9 1
1 2 437.2 990.3 1
1 6 192.6 277.5 1
5 4 162.9 537.5 1
4 2 135.9 419.1 1
8 6 549.5 1143.9 1
6 7 752.1 846.9 1
7 1 569.0 1136.2 1
6 5 539.3 1086.4 1
0 8 470.8 1306.9 1
9 7 262.1 368.1 1
7 3 488.2 1338.5 1
5 6 707.6 965.4 1
1 10 81.1 168.1 1
9 4 261.8 1028.8 1
0 1 563.3 1285.3 1
3 5 373.8 894.0 1
8 7 169.9 553.0 1
3 8 653.9 872.1 1
0 1 291.4 1006.3 1
7 2 32.3 290.9 1
4 6 232.1 458.0 1
1 9 766.0 867.5 1
1 7 51.2 544.3 1
7 10 799.1 1616.2 1
4 6 548.1 1428.4 1
7 5 515.6 908.9 1
8 1 727.3 1541.4 1
2 8 196.1 413.1 1
3 10 188.7 846.4 1
7 8 9.1 617.0 1
7 10 96.5 259.1 1
3 7 578.6 1051.2 1
9 10 139.8 726.8 1
5 2 80.1 770.0 1
7 1 183.4 448.3 1
1 10 113.5 499.9 1
9 10 680.1 1259.3 1
3 4 425.4 1181.0 1
9 10 511.4 936.2 1
5 6 579.9 1146.6 1
1 4 536.6 828.0 1
1 3 352.4 874.4 1
8 2 653.5 1392.3 1
2 7 228.3 838.6 1
8 1 321.3 836.4 1
3 6 467.5 560.7 1
6 7 378.2 1198.4 1
4 9 118.1 268.4 1
3 5 223.8 295.2 1
5 6 289.0 723.4 1
9 5 737.5 1453.6 1
4 10 529.1 955.9 1
0 4 314.6 1064.5 1
9 10 144.2 332.4 1
1 7 243.3 919.0 1
8 6 821.5 1350.3 1
2 8 117.4 352.4 1
5 1 663.2 1199.6 1
9 1 342.9 947.8 1
8 4 235.5 1080.7 1
6 4 793.3 1390.0 1
3 5 706.0 1259.4 1
7 1 132.7 1012.6 1
0 7 467.4 819.1 1
5 9 743.1 1332.4 1
1 9 408.4 1014.2 1
4 1 371.4 709.7 1
9 3 828.0 1098.6 1
8 5 507.8 681.2 1
6 10 153.6 575.7 1
7 1 73.9 719.2 1
3 10 191.2 922.7 1
6 8 251.4 796.2 1
5 8 484.1 677.6 1
9 8 733.6 1048.3 1
7 4 719.8 1179.8 1
0 4 691.5 1199.0 1
2 9 446.3 971.0 1
0 7 618.2 737.9 1
0 4 829.3 1163.4 1
1 6 790.9 1681.9 1
0 6 218.9 618.5 1
0 5 36.1 702.4 1
7 1 793.9 1569.1 1
1 3 568.5 864.9 1
3 8 502.1 1187.4 1
7 2 20.4 511.0 1
6 2 98.7 596.3 1
8 9 672.0 1230.3 1
0 3 340.3 974.9 1
2 7 282.3 810.2 1
6 1 746.8 1542.1 1
8 9 382.8 574.9 1
6 4 63.4 826.2 1
0 4 611.3 1358.2 1
7 3 641.5 963.2 1
6 4 740.4 805.9 1
3 8 154.1 549.7 1
9 7 708.9 1357.7 1
3 1 446.0 866.8 1
2 8 249.6 647.0 1
3 2 219.3 973.8 1
1 10 126.4 416.5 1
8 5 517.4 633.5 1
1 8 720.5 1508.8 1
1 10 573.9 780.2 1
8 10 815.1 969.3 1
6 8 453.1 1267.6 1
3 6 677.6 1448.4 1
8 9 585.0 650.1 1
2 7 586.4 1297.7 1
0 7 412.9 1081.5 1
6 2 573.2 1458.1 1
3 1 464.7 1350.9 1
5 8 49.8 878.0 1
4 6 38.3 364.2 1
5 3 583.8 678.6 1
6 1 659.6 778.4 1
2 9 461.4 1341.3 1
1 10 819.8 1662.4 1
0 5 182.7 598.0 1
1 5 508.5 819.5 1
7 6 5.2 537.6 1
1 6 210.3 657.9 1
5 10 323.5 683.2 1
4 10 348.7 633.2 1
7 8 208.3 600.2 1
5 7 51.2 239.6 1
5 8 714.6 1324.8 1
3 8 383.0 587.7 1
6 8 760.0 1592.4 1
7 1 59.8 127.8 1
9 6 540.5 722.5 1
1 10 486.9 974.6 1
1 5 285.4 795.5 1
1 9 613.5 1333.5 1
4 6 123.7 755.3 1
7 6 120.6 512.9 1
6 9 566.6 982.2 1
7 2 625.0 1216.2 1
5 7 183.2 941.4 1
7 10 16.7 495.9 1
3 8 3.6 92.9 1
1 3 535.5 868.0 1
2 8 362.5 547.7 1
4 2 629.9 1206.4 1
5 8 551.8 762.8 1
4 2 399.0 589.7 1
4 2 368.9 489.3 1
9 8 690.0 1465.7 1
0 9 555.9 1251.8 1
EOF
