NUM_STATIONS: 10
NUM_REQUESTS: 20
NUM_VEHICLES: 2
VEHICLE_CAPACITY: 8
DISTANCES
0 1 10.0
1 2 3.1
2 3 7.4
3 4 2.1
4 5 5.5
5 6 6.0
6 7 3.5
7 8 7.1
8 9 7.6
9 0 5.4
REQUEST_SECTION
4 9 51.8 133.3 1
8 3 18.0 86.6 1
4 3 50.3 123.3 1
5 2 21.6 107.7 1
7 5 5.1 64.7 1
3 6 10.9 73.5 1
9 4 19.0 99.0 1
5 4 39.0 106.5 1
7 6 46.7 117.6 1
5 4 27.9 91.1 1
6 8 16.6 77.9 1
3 1 7.2 90.7 1
3 10 36.7 127.2 1
8 9 34.4 105.3 1
8 3 24.8 110.0 1
3 2 18.5 109.3 1
0 3 22.3 89.4 1
1 3 14.3 85.9 1
7 5 43.5 105.3 1
8 7 15.5 94.5 1
EOF
