NUM_STATIONS: 10
NUM_REQUESTS: 20
NUM_VEHICLES: 3
VEHICLE_CAPACITY: 4
DISTANCES
0 1 5.2
1 2 3.6
2 3 9.0
3 4 5.2
4 5 4.6
5 6 6.8
6 7 9.5
7 8 9.5
8 9 7.9
9 0 8.3
REQUEST_SECTION
3 5 30.4 135.9 1
5 3 21.3 117.3 1
0 4 75.8 148.0 1
0 7 6.0 101.2 1
0 5 22.6 131.1 1
3 5 26.3 151.0 1
2 7 42.8 146.6 1
4 5 8.2 121.2 1
7 10 8.5 86.7 1
4 5 8.3 96.9 1
9 5 69.9 147.8 1
5 8 41.3 167.5 1
0 8 74.0 201.3 1
4 5 4.7 102.9 1
1 9 46.0 130.7 1
7 8 32.5 110.0 1
1 3 83.4 177.6 1
1 8 82.0 207.9 1
6 3 55.8 146.7 1
6 7 41.5 128.6 1
EOF
