NUM_STATIONS: 10
NUM_REQUESTS: 40
NUM_VEHICLES: 2
VEHICLE_CAPACITY: 1
DISTANCES
0 1 4.3
1 2 4.7
2 3 7.7
3 4 5.3
4 5 3.2
5 6 1.5
6 7 9.1
7 8 3.7
8 9 3.4
9 0 3.5
REQUEST_SECTION
2 7 540.3 1185.8 1
8 10 231.6 391.8 1
4 9 102.9 560.9 1
1 7 62.7 496.8 1
9 5 291.1 400.4 1
8 6 478.8 804.5 1
2 6 143.0 245.4 1
6 5 499.4 645.6 1
4 9 693.1 832.0 1
6 9 616.7 1288.3 1
1 5 171.9 888.6 1
3 8 181.8 452.7 1
9 10 617.4 1071.7 1
4 5 638.9 911.4 1
5 6 224.5 888.3 1
3 9 256.9 556.2 1
5 7 460.3 928.4 1
0 5 502.3 993.0 1
5 10 179.9 434.7 1
0 2 643.6 1349.0 1
0 4 196.9 444.0 1
1 7 31.9 416.0 1
0 3 297.8 437.5 1
9 3 678.7 991.9 1
3 6 309.4 823.3 1
9 7 306.3 521.0 1
4 7 447.8 582.8 1
2 5 545.8 917.4 1
2 5 14.9 314.0 1
0 4 252.4 767.6 1
0 9 123.6 699.7 1
7 1 3.7 706.6 1
7 2 458.7 1059.9 1
1 9 295.6 492.7 1
2 7 633.6 1255.0 1
9 8 686.7 1154.9 1
7 6 328.7 450.6 1
4 2 522.6 1191.6 1
1 6 411.3 887.7 1
4 1 130.0 193.4 1
EOF
