NUM_STATIONS: 10
NUM_REQUESTS: 40
NUM_VEHICLES: 1
VEHICLE_CAPACITY: 1
DISTANCES
0 1 5.5
1 2 7.8
2 3 7.1
3 4 4.8
4 5 4.5
5 6 3.9
6 7 2.7
7 8 6.4
8 9 8.5
9 0 7.6
REQUEST_SECTION
8 7 82.4 552.6 1
8 6 129.3 904.1 1
7 5 342.2 898.6 1
5 10 461.0 1476.4 1
6 9 1546.9 2271.1 1
3 4 1001.3 1512.2 1
4 2 636.5 1202.9 1
5 3 559.0 1429.6 1
5 10 1010.8 1163.3 1
2 9 1414.2 1705.8 1
2 8 1162.4 1357.5 1
0 7 1334.9 2051.0 1
4 5 360.6 946.1 1
3 9 379.9 617.0 1
5 7 1514.6 2040.9 1
8 4 795.3 1130.3 1
9 8 1074.4 2228.3 1
2 10 980.6 1351.6 1
4 7 1120.5 1226.3 1
4 10 1097.2 1526.7 1
7 2 1462.2 1756.9 1
3 5 1100.6 2047.3 1
1 9 34.4 332.8 1
9 8 491.2 566.6 1
5 1 1668.4 1957.1 1
5 3 1043.1 1765.5 1
5 8 1038.9 1268.7 1
5 6 96.2 342.6 1
0 1 1366.6 2559.8 1
5 2 384.5 481.7 1
5 3 1431.1 1622.8 1
1 10 1125.7 1651.7 1
2 4 1255.1 2174.1 1
8 3 1059.7 1929.9 1
5 7 23.0 909.0 1
1 10 1672.7 2353.2 1
5 1 979.6 1151.8 1
2 6 1179.3 2319.9 1
7 5 1615.5 2250.8 1
8 7 1735.8 1857.0 1
EOF
