NUM_STATIONS: 10
NUM_REQUESTS: 40
NUM_VEHICLES: 1
VEHICLE_CAPACITY: 1
DISTANCES
0 1 5.8
1 2 5.9
2 3 5.5
3 4 4.6
4 5 6.6
5 6 8.5
6 7 2.2
7 8 4.0
8 9 2.7
9 0 5.9
REQUEST_SECTION
5 3 1046.8 1410.0 1
6 3 1278.3 1662.8 1
4 5 267.1 1376.4 1
3 7 322.6 915.1 1
8 3 951.6 2139.2 1
2 5 318.8 499.6 1
2 8 1097.6 1338.6 1
4 7 509.8 1988.8 1
9 1 516.8 1425.6 1
2 4 1478.7 2736.9 1
1 10 159.8 1132.6 1
7 2 1005.4 2035.6 1
5 4 862.1 2049.2 1
2 8 218.8 627.7 1
2 5 204.8 371.7 1
8 3 525.4 1619.7 1
6 2 904.9 2088.4 1
9 5 467.4 683.1 1
5 8 1530.6 2219.9 1
6 9 891.7 1486.3 1
3 2 6.2 477.6 1
7 2 1233.4 2396.4 1
3 5 849.7 1706.4 1
9 2 1492.9 2792.3 1
9 5 810.6 2178.5 1
5 3 463.6 1379.9 1
5 9 1200.0 1552.3 1
1 9 137.2 748.6 1
0 4 1429.3 2813.0 1
3 5 642.8 1412.6 1
8 7 350.9 1260.5 1
3 4 299.9 1124.5 1
7 2 217.4 809.3 1
9 8 638.2 1302.9 1
4 6 1101.5 1317.3 1
2 3 1515.4 2266.4 1
2 9 744.6 1409.0 1
3 1 137.9 1511.3 1
4 2 74.4 807.0 1
3 8 811.6 1527.2 1
EOF
