NUM_STATIONS: 10
NUM_REQUESTS: 40
NUM_VEHICLES: 2
VEHICLE_CAPACITY: 8
DISTANCES
0 1 5.5
1 2 7.8
2 3 7.1
3 4 4.8
4 5 4.5
5 6 3.9
6 7 2.7
7 8 6.4
8 9 8.5
9 0 7.6
REQUEST_SECTION
8 7 34.0 167.2 1
8 6 44.4 209.7 1
7 5 78.1 146.0 1
5 10 60.9 213.8 1
6 9 78.1 145.9 1
3 4 68.0 177.0 1
4 2 126.8 248.9 1
5 3 121.2 274.7 1
5 10 10.1 70.3 1
2 9 70.6 205.3 1
2 8 19.7 118.0 1
0 7 28.8 102.2 1
4 5 75.4 212.5 1
3 9 120.5 256.0 1
5 7 144.2 239.2 1
8 4 49.6 186.7 1
9 8 40.9 138.1 1
2 10 116.7 186.3 1
4 7 131.5 190.2 1
4 10 123.5 231.1 1
7 2 145.3 265.0 1
3 5 139.2 300.0 1
1 9 108.6 260.3 1
9 8 4.7 74.7 1
5 1 17.1 139.9 1
5 3 86.1 153.3 1
5 8 65.5 155.5 1
5 6 5.9 80.4 1
0 1 100.9 170.1 1
5 2 60.8 158.2 1
5 3 118.5 206.2 1
1 10 3.5 72.1 1
2 4 26.4 148.0 1
8 3 45.0 123.2 1
5 7 60.0 172.7 1
1 10 71.9 188.7 1
5 1 71.2 168.0 1
2 6 30.5 188.1 1
7 5 98.6 187.9 1
8 7 111.1 251.9 1
EOF
