NUM_STATIONS: 10
NUM_REQUESTS: 40
NUM_VEHICLES: 3
VEHICLE_CAPACITY: 4
DISTANCES
0 1 3.4
1 2 6.2
2 3 7.9
3 4 7.1
4 5 5.2
5 6 1.5
6 7 5.2
7 8 1.2
8 9 5.0
9 0 2.1
REQUEST_SECTION
3 7 26.7 108.5 1
4 5 55.6 148.2 1
4 5 64.0 124.5 1
2 9 54.5 170.7 1
4 6 8.7 72.0 1
2 7 103.5 189.9 1
2 4 105.7 230.8 1
5 6 79.8 228.1 1
4 1 86.8 134.1 1
0 7 68.0 138.2 1
6 3 77.4 177.2 1
0 2 59.4 163.4 1
9 3 42.4 112.6 1
7 6 21.7 84.5 1
7 5 107.7 155.2 1
3 7 21.6 163.1 1
4 2 12.7 133.5 1
0 9 26.1 155.6 1
2 3 32.9 173.8 1
2 9 70.7 164.3 1
0 4 63.2 144.7 1
2 10 85.5 160.5 1
2 6 93.5 228.8 1
8 4 67.5 157.3 1
3 7 109.7 184.1 1
0 1 1.7 102.3 1
7 1 81.0 222.4 1
8 4 106.9 237.7 1
0 3 77.7 172.4 1
9 7 27.0 104.7 1
0 4 63.2 189.0 1
7 2 3.0 70.3 1
8 6 75.5 125.5 1
4 10 75.6 197.5 1
9 6 5.5 158.2 1
1 5 17.5 115.2 1
4 2 23.0 115.4 1
3 5 69.4 186.7 1
9 7 76.8 213.2 1
5 7 38.2 141.8 1
EOF
