NUM_STATIONS: 10
NUM_REQUESTS: 20
NUM_VEHICLES: 1
VEHICLE_CAPACITY: 2
DISTANCES
0 1 6.6
1 2 8.7
2 3 5.9
3 4 9.0
4 5 3.2
5 6 7.2
6 7 4.7
7 8 8.2
8 9 3.5
9 0 6.8
REQUEST_SECTION
3 5 235.9 399.3 1
1 7 512.6 634.6 1
4 5 363.0 456.4 1
0 6 130.4 231.7 1
1 7 151.6 529.9 1
6 7 550.6 625.7 1
0 8 67.3 328.4 1
1 4 601.1 918.8 1
0 5 24.9 267.7 1
6 1 465.3 545.5 1
0 8 18.1 237.7 1
8 2 487.2 867.9 1
8 2 375.9 471.6 1
4 1 450.8 787.0 1
4 7 550.2 915.9 1
5 10 313.3 566.4 1
7 3 122.8 446.5 1
6 2 494.6 769.3 1
0 8 298.6 632.4 1
5 8 148.9 289.9 1
EOF
