NUM_STATIONS: 10
NUM_REQUESTS: 160
NUM_VEHICLES: 3
VEHICLE_CAPACITY: 2
DISTANCES
0 1 3.6
1 2 7.3
2 3 7.4
3 4 1.6
4 5 9.1
5 6 1.1
6 7 5.1
7 8 5.3
8 9 9.0
9 0 2.6
REQUEST_SECTION
0 6 638.2 1630.9 1
6 7 282.1 444.7 1
7 6 291.9 1027.3 1
0 1 558.0 941.3 1
4 3 938.2 1266.7 1
6 10 672.4 880.9 1
5 2 1000.4 1355.8 1
1 3 337.5 1156.5 1
0 6 688.6 1636.6 1
6 1 529.6 1447.1 1
4 5 567.6 1030.6 1
6 2 274.7 1028.8 1
3 4 62.6 682.4 1
3 4 180.7 725.8 1
7 9 245.1 1130.3 1
9 3 599.1 969.2 1
9 7 88.4 1040.7 1
4 8 587.7 1387.3 1
3 7 989.6 1362.9 1
2 3 192.6 1077.9 1
0 7 382.1 983.8 1
1 5 722.0 804.5 1
8 2 738.6 1332.0 1
5 3 301.8 1038.3 1
5 9 148.5 782.9 1
1 6 296.2 1271.5 1
1 6 181.7 495.9 1
4 2 17.3 795.2 1
5 3 358.0 445.5 1
4 7 536.3 1141.0 1
6 5 297.3 1002.3 1
3 7 246.8 970.6 1
5 3 826.1 1373.8 1
4 9 901.9 1383.4 1
2 6 21.1 850.8 1
8 4 501.9 928.8 1
0 3 560.9 1487.6 1
8 9 119.9 383.4 1
9 5 317.4 387.4 1
5 7 1041.3 1806.1 1
1 5 332.0 542.7 1
6 8 484.5 1022.2 1
3 8 18.0 172.2 1
8 5 964.1 1961.4 1
3 10 142.2 1004.2 1
8 7 788.1 1814.8 1
9 4 155.0 677.1 1
6 2 615.2 1574.9 1
9 7 1012.6 1340.8 1
0 8 883.0 1378.1 1
3 9 60.7 677.0 1
7 10 985.0 1757.6 1
7 3 624.2 1603.4 1
4 1 100.8 546.3 1
1 3 916.4 1652.0 1
4 9 102.6 263.4 1
6 7 592.8 1424.0 1
3 9 1030.5 1088.7 1
1 5 22.8 428.4 1
9 7 16.7 530.6 1
4 8 280.3 889.8 1
7 10 880.3 1029.3 1
2 9 883.5 1422.4 1
8 1 312.9 598.5 1
1 7 148.8 1155.9 1
8 5 744.5 1205.4 1
7 3 417.4 1439.2 1
3 5 127.7 580.4 1
0 5 16.0 613.9 1
9 4 363.8 1111.0 1
5 8 349.7 1394.5 1
9 8 292.9 467.3 1
6 9 579.1 1255.5 1
8 1 334.5 749.7 1
6 7 959.0 1045.7 1
6 1 382.3 805.0 1
3 5 886.0 1182.1 1
4 7 266.8 1183.2 1
6 3 182.5 781.1 1
4 5 72.1 1020.3 1
0 1 121.1 444.7 1
8 5 210.1 634.1 1
3 4 171.5 1056.2 1
2 6 631.2 1666.6 1
9 4 565.2 1395.9 1
6 8 117.8 784.2 1
6 2 385.2 523.0 1
7 2 269.7 1181.9 1
1 8 232.8 414.6 1
9 5 488.9 1309.7 1
6 2 224.2 1216.8 1
1 5 73.3 748.1 1
5 4 275.7 1327.0 1
8 10 2.7 428.2 1
3 6 750.9 935.6 1
5 2 657.9 1571.6 1
6 3 1018.3 1381.7 1
4 6 604.3 1458.7 1
5 7 265.8 1040.6 1
2 3 1.1 856.1 1
4 9 212.5 1010.3 1
4 1 172.8 298.7 1
5 6 470.5 1448.6 1
5 10 814.4 1105.9 1
8 9 835.6 1826.9 1
3 5 1004.8 1916.3 1
3 8 215.1 592.1 1
7 8 271.2 349.2 1
4 8 196.8 1228.2 1
1 6 652.9 1032.4 1
3 9 876.8 1389.3 1
0 8 776.9 918.6 1
0 5 87.0 325.1 1
1 8 670.4 1226.1 1
3 6 368.6 1271.3 1
7 1 1003.8 1241.9 1
7 1 329.5 1157.8 1
4 1 848.6 1367.1 1
1 2 870.5 1812.5 1
8 5 649.9 963.6 1
6 4 826.7 1557.0 1
3 6 903.3 1652.4 1
2 8 1008.5 1370.3 1
6 1 99.2 577.8 1
6 10 599.4 1246.5 1
0 2 200.9 1016.6 1
0 1 710.4 1057.1 1
3 9 213.8 798.5 1
2 8 95.5 364.3 1
4 5 752.9 1600.1 1
1 5 965.1 1039.3 1
4 2 164.9 624.3 1
1 3 490.7 859.5 1
1 3 929.5 1454.8 1
6 1 575.6 758.2 1
8 9 622.9 1414.3 1
7 6 1030.1 1354.3 1
1 7 806.4 1626.2 1
6 1 361.4 980.0 1
4 6 804.3 1292.4 1
3 9 682.3 1154.8 1
2 9 322.7 427.2 1
6 9 173.4 357.4 1
2 4 877.3 1837.6 1
9 6 969.6 1909.2 1
1 6 705.8 1042.4 1
3 2 220.9 1138.5 1
4 1 316.0 920.3 1
8 9 564.6 639.9 1
4 3 800.5 1098.4 1
7 5 438.6 1023.9 1
3 5 567.3 960.4 1
6 7 473.3 1334.8 1
9 5 846.2 1835.3 1
6 5 1030.0 1489.4 1
3 8 529.4 1240.7 1
4 9 983.9 1183.4 1
4 10 112.7 290.7 1
6 8 4.3 165.5 1
3 1 526.5 1460.5 1
EOF
