NUM_STATIONS: 10
NUM_REQUESTS: 160
NUM_VEHICLES: 1
VEHICLE_CAPACITY: 4
DISTANCES
0 1 7.9
1 2 8.7
2 3 5.6
3 4 8.4
4 5 6.3
5 6 1.2
6 7 4.8
7 8 8.8
8 9 1.4
9 0 2.6
REQUEST_SECTION
0 1 1211.5 1877.0 1
7 1 2100.2 2645.6 1
6 4 1943.5 2167.9 1
1 3 979.2 1166.1 1
3 4 1131.4 2441.2 1
6 5 496.4 1107.8 1
7 4 1197.3 2050.6 1
2 1 60.1 1235.8 1
6 2 352.2 506.6 1
1 2 2029.7 2490.2 1
1 6 975.5 1421.6 1
5 4 760.2 994.1 1
4 2 724.1 1263.6 1
8 6 1218.0 2604.0 1
6 7 155.1 933.9 1
7 1 1207.6 2709.1 1
6 5 1574.6 3234.5 1
0 8 1638.4 2860.7 1
9 7 1694.2 3034.1 1
7 3 1158.4 1807.9 1
5 6 1841.9 2294.3 1
1 10 1692.5 2992.8 1
9 4 417.5 485.7 1
0 1 1274.7 2824.0 1
3 5 257.6 1471.4 1
8 7 709.2 1782.3 1
3 8 54.3 204.1 1
0 1 451.2 1007.2 1
7 2 266.2 1455.9 1
4 6 869.1 1341.9 1
1 9 1580.7 2725.8 1
1 7 108.1 361.4 1
7 10 1849.0 2459.9 1
4 6 491.6 2133.1 1
7 5 755.8 1944.2 1
8 1 2074.8 2916.0 1
2 8 315.0 716.1 1
3 10 974.6 2650.8 1
7 8 1538.4 1772.0 1
7 10 66.7 992.3 1
3 7 970.3 1900.6 1
9 10 637.9 2102.0 1
5 2 807.0 1808.0 1
7 1 415.0 1440.2 1
1 10 634.5 775.1 1
9 10 2220.5 2737.4 1
3 4 104.5 1043.7 1
9 10 727.3 2163.3 1
5 6 640.1 1714.3 1
1 4 595.4 1804.7 1
1 3 2060.8 2337.0 1
8 2 30.9 1171.8 1
2 7 49.1 438.1 1
8 1 1967.0 2655.3 1
3 6 405.5 1491.0 1
6 7 278.3 1385.4 1
4 9 294.5 1613.3 1
3 5 1000.0 1543.6 1
5 6 1464.5 2175.8 1
9 5 1446.4 1717.2 1
4 10 1183.5 2118.1 1
0 4 573.6 1380.5 1
9 10 1358.1 2639.4 1
1 7 1370.2 2293.5 1
8 6 1637.6 1818.3 1
2 8 611.5 2294.2 1
5 1 1367.5 1574.2 1
9 1 314.1 413.6 1
8 4 711.6 2293.8 1
6 4 563.2 1871.2 1
3 5 1291.7 1405.6 1
7 1 1363.9 1760.5 1
0 7 1119.2 2431.3 1
5 9 2163.9 3407.7 1
1 9 1999.1 3431.9 1
4 1 2181.4 2289.6 1
9 3 1893.9 2583.6 1
8 5 1328.9 2639.6 1
6 10 1569.9 2615.3 1
7 1 411.2 1529.8 1
3 10 243.2 579.9 1
6 8 386.0 868.8 1
5 8 633.1 970.4 1
9 8 1595.1 2721.1 1
7 4 368.2 761.1 1
0 4 527.0 1026.2 1
2 9 1296.5 2216.5 1
0 7 618.4 901.5 1
0 4 273.7 377.7 1
1 6 1224.5 1714.1 1
0 6 1895.5 3295.0 1
0 5 1325.4 1850.3 1
7 1 1144.8 1272.3 1
1 3 2156.1 3159.3 1
3 8 938.3 1141.0 1
7 2 752.6 1677.8 1
6 2 1400.2 2267.3 1
8 9 949.1 1673.7 1
0 3 1327.5 2449.6 1
2 7 385.5 1171.6 1
6 1 2168.8 2349.9 1
8 9 119.9 1040.0 1
6 4 1488.9 3005.1 1
0 4 2092.9 2520.7 1
7 3 1900.6 2393.6 1
6 4 918.3 1818.0 1
3 8 150.9 1765.0 1
9 7 2111.2 3462.8 1
3 1 170.8 401.9 1
2 8 1908.4 3119.0 1
3 2 1403.5 2896.1 1
1 10 908.0 1669.5 1
8 5 1763.8 3121.2 1
1 8 57.1 1244.6 1
1 10 2204.0 2973.2 1
8 10 2181.4 2685.1 1
6 8 975.1 2199.9 1
3 6 1016.2 1909.1 1
8 9 221.7 1233.2 1
2 7 993.1 1327.6 1
0 7 1853.8 2377.8 1
6 2 708.1 1465.7 1
3 1 1961.2 2794.5 1
5 8 1154.8 1745.1 1
4 6 833.5 1407.0 1
5 3 623.5 1218.2 1
6 1 2188.8 2582.7 1
2 9 1690.1 2579.0 1
1 10 844.9 2499.6 1
0 5 1108.4 2438.4 1
1 5 1528.3 1783.4 1
7 6 1405.1 2951.1 1
1 6 1190.9 1910.7 1
5 10 1616.7 2707.3 1
4 10 2046.9 3330.3 1
7 8 1509.3 2531.8 1
5 7 1072.3 1246.6 1
5 8 1241.0 1937.7 1
3 8 890.9 1472.8 1
6 8 1828.1 2930.0 1
7 1 1163.6 2151.9 1
9 6 1751.8 1919.8 1
1 10 2030.3 2198.6 1
1 5 1751.8 3164.4 1
1 9 1009.9 1205.3 1
4 6 1998.7 3288.1 1
7 6 1536.5 3189.9 1
6 9 1463.3 3143.6 1
7 2 1160.4 2298.4 1
5 7 1506.1 2699.7 1
7 10 2113.5 2405.5 1
3 8 1215.3 2897.5 1
1 3 1121.4 2475.8 1
2 8 2119.2 2477.6 1
4 2 1160.9 1300.0 1
5 8 886.6 1461.5 1
4 2 2047.4 3618.2 1
4 2 1012.5 2634.4 1
9 8 1405.0 1565.3 1
0 9 2045.1 2654.0 1
EOF
