NUM_STATIONS: 10
NUM_REQUESTS: 40
NUM_VEHICLES: 1
VEHICLE_CAPACITY: 1
DISTANCES
0 1 2.8
1 2 2.9
2 3 8.4
3 4 7.3
4 5 6.1
5 6 1.6
6 7 8.4
7 8 7.7
8 9 3.2
9 0 1.5
REQUEST_SECTION
4 8 915.5 2053.0 1
3 10 1009.6 1121.2 1
6 4 818.2 900.8 1
1 6 1058.6 1941.4 1
0 4 109.7 869.4 1
5 3 747.1 2289.4 1
6 9 745.9 1332.9 1
1 10 206.9 1572.8 1
1 9 654.9 1976.8 1
0 6 811.6 1771.8 1
6 9 1024.8 1118.2 1
5 6 874.0 2030.8 1
9 3 839.6 1586.6 1
6 2 666.4 1511.4 1
9 3 575.6 1276.8 1
0 2 178.4 325.4 1
9 5 340.7 794.2 1
7 4 686.3 1816.0 1
1 5 913.3 2311.3 1
5 4 1022.5 1519.1 1
8 5 439.8 663.1 1
7 6 1111.9 1953.2 1
4 1 1224.8 2093.5 1
4 10 676.8 1195.8 1
7 5 1436.2 2912.8 1
1 10 1191.1 1868.0 1
3 5 1107.1 2345.9 1
2 5 479.4 1941.5 1
6 8 246.6 1265.6 1
4 7 2.8 535.5 1
9 1 503.5 1295.6 1
6 3 772.6 1044.7 1
8 9 152.0 821.7 1
6 3 456.8 1415.1 1
5 2 1321.1 2398.8 1
8 5 512.1 1744.4 1
7 9 1295.8 2677.8 1
5 4 26.4 1087.0 1
0 2 265.7 1762.3 1
2 4 52.6 184.0 1
EOF
