NUM_STATIONS: 10
NUM_REQUESTS: 80
NUM_VEHICLES: 3
VEHICLE_CAPACITY: 8
DISTANCES
0 1 8.0
1 2 8.3
2 3 3.5
3 4 6.0
4 5 1.1
5 6 2.5
6 7 5.2
7 8 7.5
8 9 5.8
9 0 8.4
REQUEST_SECTION
9 3 179.6 302.0 1
9 7 68.5 199.3 1
9 1 97.8 224.4 1
2 6 186.6 361.4 1
5 4 178.6 265.4 1
6 5 90.1 211.6 1
3 2 157.7 256.8 1
6 2 170.1 266.0 1
0 9 116.3 268.5 1
3 8 67.2 263.4 1
1 2 157.2 256.4 1
9 2 124.3 254.2 1
4 3 2.2 90.8 1
3 8 63.0 230.3 1
8 3 89.1 243.9 1
8 5 78.9 252.3 1
8 5 19.9 157.0 1
0 3 65.3 240.3 1
7 10 69.3 244.4 1
2 10 92.6 167.3 1
7 9 102.7 236.4 1
6 5 108.0 240.4 1
4 8 111.8 287.2 1
6 10 105.0 214.1 1
3 4 95.3 226.4 1
9 5 40.3 144.8 1
7 6 114.6 282.2 1
9 7 186.5 320.6 1
5 9 127.7 249.2 1
5 7 69.6 141.4 1
6 1 57.3 196.3 1
7 4 60.6 161.8 1
2 8 72.4 202.6 1
9 1 14.5 76.8 1
4 1 34.0 152.2 1
5 6 152.4 243.3 1
0 9 153.4 267.3 1
8 2 82.9 173.7 1
6 3 121.8 311.7 1
6 9 31.1 186.6 1
9 7 74.6 164.5 1
2 8 171.7 356.9 1
6 8 85.4 258.4 1
5 2 68.6 176.5 1
4 6 51.1 121.3 1
4 9 128.1 208.0 1
4 9 43.8 137.0 1
9 8 117.0 220.3 1
6 4 172.9 256.7 1
8 6 35.7 158.2 1
4 3 34.0 212.1 1
9 10 87.2 269.1 1
8 7 168.0 315.0 1
7 1 147.4 303.4 1
1 3 161.0 258.3 1
6 3 175.6 357.5 1
8 3 127.7 307.8 1
4 6 90.6 271.3 1
6 9 20.8 140.5 1
9 4 175.6 337.2 1
7 8 129.3 282.1 1
6 3 162.7 278.4 1
7 5 24.7 131.3 1
9 3 126.2 192.8 1
1 9 69.3 247.1 1
8 1 19.5 93.0 1
9 8 117.1 258.5 1
9 7 46.4 233.8 1
6 7 83.5 211.6 1
5 9 17.3 174.7 1
1 5 20.3 141.5 1
8 6 67.4 223.8 1
2 1 52.3 239.9 1
1 7 136.8 203.0 1
4 6 65.6 205.4 1
0 3 25.9 171.7 1
1 10 67.6 149.4 1
7 8 56.7 251.9 1
9 6 169.6 283.9 1
3 10 19.1 201.0 1
EOF
