NUM_STATIONS: 10
NUM_REQUESTS: 160
NUM_VEHICLES: 3
VEHICLE_CAPACITY: 4
DISTANCES
0 1 6.3
1 2 1.5
2 3 7.8
3 4 9.8
4 5 9.9
5 6 6.9
6 7 1.6
7 8 5.2
8 9 2.2
9 0 6.8
REQUEST_SECTION
3 7 245.4 653.1 1
2 4 415.8 856.2 1
2 7 372.5 530.3 1
7 4 217.6 392.7 1
4 10 12.0 416.6 1
1 4 501.2 696.2 1
2 1 328.6 744.0 1
5 9 739.2 1099.8 1
7 3 394.6 563.7 1
0 7 636.8 1029.1 1
0 3 417.5 622.7 1
0 5 748.4 901.9 1
0 3 527.0 924.4 1
8 4 262.5 577.4 1
3 4 367.1 593.9 1
0 7 486.4 755.7 1
5 4 484.4 713.4 1
9 8 518.5 935.9 1
8 6 702.9 928.3 1
9 7 603.1 881.5 1
9 4 342.9 546.7 1
2 4 428.6 745.1 1
9 3 115.9 347.8 1
9 5 128.9 230.6 1
1 6 497.3 736.3 1
9 4 529.8 837.9 1
9 2 276.2 581.6 1
7 2 346.2 737.9 1
3 9 140.7 502.3 1
1 2 22.0 249.8 1
5 6 300.2 622.3 1
0 8 633.9 890.3 1
1 4 96.6 426.0 1
8 3 591.2 883.3 1
0 1 210.7 411.8 1
3 2 211.4 269.8 1
9 8 717.9 791.5 1
0 9 658.9 1099.7 1
7 6 238.7 416.3 1
6 2 365.4 760.8 1
2 3 270.9 460.7 1
2 3 171.5 286.5 1
2 8 608.6 960.1 1
7 3 198.2 553.3 1
5 1 764.1 921.0 1
9 6 458.3 862.8 1
0 2 260.7 544.1 1
5 2 595.6 668.4 1
0 4 336.2 421.0 1
0 1 705.2 1146.3 1
8 5 697.1 884.4 1
1 9 168.5 412.3 1
9 10 52.3 242.8 1
9 10 326.5 742.1 1
3 10 256.0 492.8 1
0 5 187.2 323.6 1
9 3 353.2 675.3 1
1 7 273.9 662.9 1
2 9 472.3 779.0 1
2 9 717.0 1012.0 1
2 7 309.1 613.3 1
5 1 186.3 498.2 1
6 4 544.9 694.6 1
1 4 330.9 593.7 1
5 3 450.9 784.4 1
2 5 665.7 758.5 1
4 10 22.7 418.3 1
0 6 173.8 395.3 1
3 2 670.1 929.8 1
6 1 620.7 721.8 1
6 1 427.8 544.3 1
7 1 1.1 359.6 1
9 10 149.2 226.9 1
3 4 509.2 680.4 1
3 6 399.2 642.6 1
1 4 115.6 396.8 1
2 4 96.7 176.2 1
6 9 649.0 851.8 1
3 7 602.9 671.8 1
9 4 693.6 1109.5 1
5 4 2.9 284.6 1
0 3 12.1 433.7 1
1 3 617.3 989.4 1
9 1 47.7 405.6 1
4 3 567.9 856.3 1
9 10 144.1 286.8 1
8 7 168.2 573.5 1
1 7 334.4 701.6 1
7 6 151.4 513.2 1
2 5 283.9 345.9 1
0 2 75.1 417.9 1
5 7 595.3 798.1 1
3 7 214.5 435.9 1
4 10 702.8 1044.9 1
5 10 586.2 883.7 1
7 5 337.8 664.8 1
1 6 415.5 627.5 1
7 1 338.5 632.0 1
1 5 196.7 355.6 1
6 8 505.2 569.0 1
3 5 377.7 576.9 1
9 7 327.6 752.4 1
4 9 365.7 619.6 1
7 4 288.5 348.6 1
4 9 393.5 453.7 1
8 2 285.5 572.5 1
4 9 660.8 781.6 1
2 1 610.8 764.3 1
8 10 291.1 514.4 1
5 1 485.4 718.6 1
9 1 573.5 1000.6 1
0 4 359.0 742.5 1
0 2 332.1 654.0 1
6 1 652.6 785.8 1
5 4 271.8 565.5 1
5 1 61.1 177.8 1
0 9 271.7 488.8 1
6 9 15.7 85.5 1
6 5 289.3 371.4 1
7 9 632.5 946.7 1
8 6 449.4 744.9 1
1 6 162.2 472.4 1
2 8 149.9 512.8 1
1 9 284.7 717.9 1
0 8 269.3 537.2 1
7 1 642.2 807.4 1
3 9 570.9 729.4 1
7 10 426.5 831.1 1
2 4 257.7 595.3 1
8 7 469.4 847.6 1
7 1 734.1 996.5 1
3 7 445.6 784.1 1
9 5 736.7 832.1 1
0 8 107.5 254.0 1
9 3 682.4 1100.8 1
5 8 709.5 987.1 1
1 3 207.6 378.8 1
1 9 69.9 451.4 1
5 9 331.5 747.7 1
2 5 633.9 1020.4 1
8 3 406.0 472.4 1
1 8 5.4 444.6 1
6 9 512.2 586.7 1
0 9 330.4 745.3 1
4 7 237.6 525.2 1
2 8 585.5 902.5 1
1 6 628.9 1062.4 1
1 10 415.5 785.7 1
0 5 252.9 529.4 1
3 9 462.6 651.1 1
5 9 669.0 1022.0 1
4 5 756.7 834.6 1
7 1 644.3 898.1 1
9 1 672.1 1047.8 1
4 10 601.4 724.6 1
6 1 475.7 812.9 1
7 3 499.1 904.5 1
3 8 235.6 443.7 1
0 9 258.6 351.9 1
5 3 755.5 1013.1 1
EOF
