NUM_STATIONS: 10
NUM_REQUESTS: 80
NUM_VEHICLES: 3
VEHICLE_CAPACITY: 4
DISTANCES
0 1 2.4
1 2 8.8
2 3 9.2
3 4 4.4
4 5 2.3
5 6 10.0
6 7 6.1
7 8 3.9
8 9 6.9
9 0 4.1
REQUEST_SECTION
4 2 213.4 442.5 1
1 6 73.0 235.2 1
9 8 270.3 472.7 1
7 1 168.9 396.7 1
1 5 139.0 361.8 1
5 9 13.6 271.8 1
1 5 16.7 350.6 1
5 6 41.4 351.3 1
2 8 163.2 230.6 1
6 1 288.3 452.9 1
5 3 256.6 522.7 1
2 7 194.6 297.0 1
5 9 17.4 246.7 1
0 2 225.9 518.3 1
1 8 202.5 352.0 1
7 10 123.2 240.5 1
1 3 12.3 357.9 1
5 3 79.8 139.2 1
2 5 194.5 472.9 1
4 8 236.8 432.4 1
2 4 34.7 232.4 1
4 2 143.9 397.0 1
7 10 133.7 398.0 1
5 6 264.9 482.8 1
5 9 35.4 320.1 1
7 6 194.1 536.5 1
1 5 278.4 416.3 1
1 2 26.7 150.1 1
9 1 261.5 514.0 1
3 7 130.5 463.3 1
7 2 41.3 217.6 1
1 7 236.4 347.5 1
3 8 71.7 193.5 1
1 5 74.1 259.5 1
1 8 21.6 354.1 1
3 9 145.8 295.7 1
1 10 278.1 521.8 1
7 2 208.6 499.4 1
3 6 2.3 138.4 1
8 7 167.4 420.5 1
1 2 288.2 562.4 1
0 7 77.0 166.4 1
0 3 182.9 413.3 1
0 4 171.8 232.2 1
6 5 229.0 303.3 1
5 8 242.2 313.1 1
1 10 121.6 432.4 1
5 6 147.3 496.0 1
4 7 197.8 410.0 1
8 9 201.3 378.3 1
5 8 40.5 193.0 1
6 7 24.0 93.9 1
0 8 132.0 450.0 1
1 9 118.8 247.7 1
0 5 131.9 370.7 1
0 4 115.8 376.1 1
4 9 5.1 245.6 1
3 1 268.7 497.1 1
7 2 190.9 435.9 1
5 8 144.6 423.2 1
2 10 60.0 279.9 1
7 9 222.0 527.0 1
8 5 157.4 477.6 1
5 6 45.4 379.8 1
8 2 205.7 286.3 1
5 2 106.5 405.3 1
5 1 113.1 338.7 1
8 7 226.8 352.3 1
3 7 32.0 91.3 1
4 7 158.5 310.4 1
6 4 22.9 131.0 1
9 7 122.4 397.7 1
9 3 23.7 93.8 1
9 5 19.2 193.1 1
9 10 95.8 387.7 1
8 10 268.6 439.4 1
9 6 194.6 508.7 1
3 9 103.9 237.5 1
2 9 17.4 107.3 1
2 4 56.7 401.3 1
EOF
