NUM_STATIONS: 10
NUM_REQUESTS: 80
NUM_VEHICLES: 2
VEHICLE_CAPACITY: 4
DISTANCES
0 1 7.9
1 2 8.1
2 3 2.5
3 4 7.9
4 5 2.3
5 6 7.4
6 7 8.2
7 8 1.4
8 9 7.4
9 0 3.5
REQUEST_SECTION
9 4 339.2 550.0 1
8 6 262.5 566.1 1
1 2 385.5 602.1 1
8 4 418.5 693.5 1
2 7 261.8 621.2 1
1 8 248.8 317.7 1
5 7 480.7 733.5 1
1 9 209.6 683.1 1
1 4 520.3 970.8 1
4 6 286.2 460.8 1
0 8 7.4 268.2 1
7 6 46.2 396.5 1
7 6 471.6 682.2 1
4 10 438.6 691.6 1
8 2 200.1 313.2 1
1 4 8.2 278.2 1
2 8 434.2 869.0 1
0 3 520.0 860.5 1
8 6 183.1 640.3 1
8 1 535.8 1011.3 1
9 8 153.3 235.6 1
6 3 414.1 571.1 1
2 4 416.0 888.8 1
3 10 100.6 495.3 1
5 6 445.6 649.8 1
5 6 182.9 317.6 1
2 9 276.4 619.8 1
6 8 10.8 129.2 1
9 10 111.2 408.2 1
5 8 527.5 906.9 1
0 5 517.1 907.1 1
2 4 528.8 765.4 1
3 9 544.7 762.3 1
0 3 212.4 322.4 1
5 6 424.8 683.8 1
5 10 167.0 623.2 1
4 8 528.2 984.7 1
9 4 58.9 174.9 1
1 9 418.5 699.3 1
0 9 422.3 812.8 1
6 3 418.5 763.6 1
0 1 509.6 693.9 1
8 1 479.8 819.2 1
3 9 127.8 529.8 1
4 2 471.5 601.5 1
5 10 113.0 504.0 1
9 2 67.2 133.0 1
2 5 328.6 707.7 1
3 4 85.9 219.2 1
3 1 9.9 339.2 1
3 2 77.8 434.3 1
4 3 470.0 730.5 1
1 4 223.5 614.2 1
2 7 298.9 382.8 1
1 9 77.8 360.1 1
0 6 23.9 213.5 1
5 2 533.9 875.4 1
8 2 144.1 555.7 1
8 4 405.7 813.4 1
2 4 469.2 766.6 1
6 8 221.8 488.8 1
2 9 496.4 928.7 1
2 8 108.4 338.3 1
1 8 278.6 393.5 1
9 7 397.6 637.3 1
6 2 388.2 845.9 1
2 8 316.4 648.9 1
0 4 430.6 587.7 1
7 10 0.7 397.1 1
2 4 360.9 572.5 1
6 1 60.7 415.3 1
5 2 102.9 273.2 1
6 8 551.5 968.0 1
7 5 30.0 100.7 1
8 10 354.5 756.7 1
5 2 64.8 463.0 1
9 7 521.0 846.3 1
7 6 524.6 762.1 1
4 9 151.1 546.0 1
3 10 207.7 566.4 1
EOF
