NUM_STATIONS: 10
NUM_REQUESTS: 80
NUM_VEHICLES: 2
VEHICLE_CAPACITY: 2
DISTANCES
0 1 2.4
1 2 8.8
2 3 9.2
3 4 4.4
4 5 2.3
5 6 10.0
6 7 6.1
7 8 3.9
8 9 6.9
9 0 4.1
REQUEST_SECTION
4 2 460.0 1184.6 1
1 6 455.5 1160.9 1
9 8 353.4 874.0 1
7 1 57.6 515.9 1
1 5 503.9 1378.8 1
5 9 348.3 1137.7 1
1 5 176.7 295.9 1
5 6 65.3 359.0 1
2 8 403.5 1184.2 1
6 1 498.2 830.5 1
5 3 169.1 796.8 1
2 7 180.5 743.6 1
5 9 329.9 984.6 1
0 2 706.5 1062.7 1
1 8 349.4 938.0 1
7 10 254.2 703.7 1
1 3 420.2 1340.9 1
5 3 687.1 1196.7 1
2 5 166.1 531.3 1
4 8 453.4 1367.0 1
2 4 385.7 1157.2 1
4 2 28.4 954.6 1
7 10 776.6 1313.8 1
5 6 842.2 1559.1 1
5 9 101.0 864.5 1
7 6 10.6 274.3 1
1 5 457.0 1297.3 1
1 2 199.2 1040.8 1
9 1 303.6 1023.0 1
3 7 295.7 694.0 1
7 2 590.0 1114.3 1
1 7 178.6 910.4 1
3 8 783.3 1579.1 1
1 5 90.2 409.9 1
1 8 419.9 548.6 1
3 9 855.9 1170.3 1
1 10 426.9 904.7 1
7 2 288.3 458.6 1
3 6 641.2 954.7 1
8 7 744.8 1565.2 1
1 2 861.5 1597.2 1
0 7 490.4 1084.1 1
0 3 116.4 479.8 1
0 4 413.6 1330.3 1
6 5 609.5 1230.5 1
5 8 491.8 1376.5 1
1 10 556.1 1282.6 1
5 6 102.5 465.6 1
4 7 694.9 1208.9 1
8 9 136.6 437.7 1
5 8 836.6 1700.8 1
6 7 68.2 792.6 1
0 8 761.6 1443.8 1
1 9 152.8 946.3 1
0 5 153.3 416.0 1
0 4 164.2 685.1 1
4 9 535.4 919.3 1
3 1 478.2 1161.8 1
7 2 409.5 1273.3 1
5 8 403.7 924.8 1
2 10 522.6 657.4 1
7 9 441.9 671.1 1
8 5 862.0 1304.4 1
5 6 758.0 1613.1 1
8 2 200.4 357.5 1
5 2 798.4 1554.0 1
5 1 728.6 1218.3 1
8 7 192.5 610.2 1
3 7 678.6 925.3 1
4 7 636.7 1478.1 1
6 4 159.3 840.9 1
9 7 173.4 481.3 1
9 3 490.5 676.0 1
9 5 505.1 1408.3 1
9 10 444.3 1317.2 1
8 10 431.2 1264.0 1
9 6 217.9 917.1 1
3 9 411.4 883.0 1
2 9 840.9 986.8 1
2 4 68.8 871.0 1
EOF
