NUM_STATIONS: 10
NUM_REQUESTS: 160
NUM_VEHICLES: 1
VEHICLE_CAPACITY: 8
DISTANCES
0 1 7.9
1 2 8.7
2 3 5.6
3 4 8.4
4 5 6.3
5 6 1.2
6 7 4.8
7 8 8.8
8 9 1.4
9 0 2.6
REQUEST_SECTION
0 1 1059.4 1209.5 1
7 1 1072.3 1900.6 1
6 4 502.5 812.1 1
1 3 1040.7 1531.3 1
3 4 783.4 1433.3 1
6 5 414.8 1117.2 1
7 4 657.9 751.9 1
2 1 622.2 760.2 1
6 2 671.2 850.3 1
1 2 616.3 735.2 1
1 6 225.9 701.2 1
5 4 854.1 1220.8 1
4 2 223.7 910.2 1
8 6 606.7 1168.1 1
6 7 311.7 992.8 1
7 1 199.2 1037.8 1
6 5 379.5 534.2 1
0 8 276.1 898.0 1
9 7 909.3 1780.7 1
7 3 772.3 1396.9 1
5 6 681.2 1329.3 1
1 10 600.6 1332.8 1
9 4 923.8 1342.1 1
0 1 736.3 1006.9 1
3 5 1038.4 1204.7 1
8 7 565.4 623.6 1
3 8 560.5 1447.6 1
0 1 208.2 416.5 1
7 2 286.4 352.7 1
4 6 911.7 1516.3 1
1 9 511.8 856.4 1
1 7 620.3 1143.0 1
7 10 457.1 925.0 1
4 6 224.2 363.9 1
7 5 167.1 896.4 1
8 1 875.5 1282.9 1
2 8 44.6 406.3 1
3 10 71.8 758.7 1
7 8 421.3 1118.4 1
7 10 329.8 978.7 1
3 7 782.7 1529.7 1
9 10 258.3 1081.8 1
5 2 1049.5 1741.4 1
7 1 798.7 1581.5 1
1 10 75.3 844.3 1
9 10 898.8 1101.2 1
3 4 450.3 630.7 1
9 10 902.6 1018.7 1
5 6 281.4 510.8 1
1 4 178.1 594.7 1
1 3 1100.2 1523.9 1
8 2 581.2 688.1 1
2 7 309.0 421.8 1
8 1 48.5 585.9 1
3 6 660.2 909.8 1
6 7 174.7 755.4 1
4 9 721.6 1012.3 1
3 5 924.0 1618.7 1
5 6 1052.0 1756.9 1
9 5 759.3 1406.6 1
4 10 68.6 324.7 1
0 4 970.0 1300.9 1
9 10 957.8 1158.1 1
1 7 163.6 305.1 1
8 6 269.5 651.1 1
2 8 1105.4 1425.6 1
5 1 717.2 925.2 1
9 1 269.4 1017.9 1
8 4 995.0 1348.7 1
6 4 114.3 708.3 1
3 5 677.5 1293.2 1
7 1 1077.8 1209.2 1
0 7 871.9 1512.2 1
5 9 1040.3 1838.3 1
1 9 798.0 1415.6 1
4 1 487.6 1275.5 1
9 3 1057.5 1356.9 1
8 5 1004.6 1639.3 1
6 10 392.3 520.8 1
7 1 899.1 1106.2 1
3 10 37.5 362.8 1
6 8 108.5 837.1 1
5 8 240.4 1124.2 1
9 8 354.9 1126.8 1
7 4 821.8 1653.3 1
0 4 444.7 1115.4 1
2 9 381.2 921.2 1
0 7 537.1 661.4 1
0 4 449.0 875.8 1
1 6 791.4 883.7 1
0 6 273.6 943.8 1
0 5 416.0 857.0 1
7 1 803.8 1097.0 1
1 3 359.9 621.6 1
3 8 211.4 449.3 1
7 2 67.6 746.6 1
6 2 629.3 1057.6 1
8 9 453.4 806.1 1
0 3 648.7 1106.8 1
2 7 173.2 383.0 1
6 1 1051.2 1639.4 1
8 9 692.7 778.3 1
6 4 549.5 701.2 1
0 4 543.6 1011.6 1
7 3 96.4 179.1 1
6 4 953.4 1336.7 1
3 8 335.5 1151.1 1
9 7 1011.5 1447.4 1
3 1 725.8 1324.3 1
2 8 99.2 470.5 1
3 2 514.4 1028.3 1
1 10 234.5 407.4 1
8 5 59.2 411.8 1
1 8 426.4 1176.3 1
1 10 447.9 1277.6 1
8 10 208.8 897.1 1
6 8 1029.1 1497.2 1
3 6 1103.5 1270.9 1
8 9 602.7 731.3 1
2 7 894.0 1051.1 1
0 7 771.1 942.6 1
6 2 665.9 1138.8 1
3 1 482.4 1201.6 1
5 8 547.4 1235.4 1
4 6 326.4 1197.6 1
5 3 763.9 1554.3 1
6 1 42.3 697.2 1
2 9 656.6 1226.4 1
1 10 1112.2 1839.3 1
0 5 20.1 494.2 1
1 5 129.2 396.0 1
7 6 981.1 1393.2 1
1 6 415.4 1025.4 1
5 10 285.4 362.9 1
4 10 831.6 1692.7 1
7 8 305.5 920.7 1
5 7 400.0 951.4 1
5 8 774.7 1113.2 1
3 8 1083.3 1678.6 1
6 8 674.8 873.3 1
7 1 536.4 598.1 1
9 6 143.7 993.9 1
1 10 635.7 707.4 1
1 5 625.9 954.5 1
1 9 200.6 840.0 1
4 6 933.7 1024.0 1
7 6 1054.4 1147.8 1
6 9 815.5 1665.8 1
7 2 297.5 745.1 1
5 7 782.0 934.4 1
7 10 168.9 949.2 1
3 8 873.2 1553.7 1
1 3 567.0 942.3 1
2 8 488.8 785.9 1
4 2 35.1 405.6 1
5 8 851.0 1248.5 1
4 2 371.1 965.5 1
4 2 1078.4 1299.4 1
9 8 548.3 943.5 1
0 9 583.4 921.2 1
EOF
