NUM_STATIONS: 10
NUM_REQUESTS: 160
NUM_VEHICLES: 1
VEHICLE_CAPACITY: 1
DISTANCES
0 1 6.3
1 2 1.5
2 3 7.8
3 4 9.8
4 5 9.9
5 6 6.9
6 7 1.6
7 8 5.2
8 9 2.2
9 0 6.8
REQUEST_SECTION
3 7 7689.4 8246.0 1
2 4 854.4 4186.0 1
2 7 5255.3 6131.4 1
7 4 3572.3 4986.7 1
4 10 4834.4 8753.5 1
1 4 7991.9 10504.5 1
2 1 7740.7 11378.6 1
5 9 5243.7 7045.4 1
7 3 7805.8 11744.5 1
0 7 8609.2 9474.8 1
0 3 1098.0 5781.8 1
0 5 4068.9 7615.8 1
0 3 7335.6 9977.3 1
8 4 6102.7 8554.6 1
3 4 8135.3 9284.8 1
0 7 5518.5 7606.9 1
5 4 8928.8 10290.9 1
9 8 9187.2 10803.0 1
8 6 9013.5 10358.5 1
9 7 4879.1 6636.9 1
9 4 3020.2 6752.2 1
2 4 4661.8 5286.4 1
9 3 2492.1 4999.2 1
9 5 54.4 1276.5 1
1 6 5914.0 6602.5 1
9 4 963.2 5646.7 1
9 2 7997.0 9621.2 1
7 2 883.3 3594.2 1
3 9 4412.3 6885.6 1
1 2 3250.5 6855.9 1
5 6 8507.5 10706.1 1
0 8 7129.6 10390.0 1
1 4 8357.7 9950.7 1
8 3 3580.2 4055.8 1
0 1 1358.7 4382.3 1
3 2 1557.0 2017.0 1
9 8 6865.9 8203.5 1
0 9 4730.7 8495.3 1
7 6 8431.3 9896.9 1
6 2 4500.7 7922.6 1
2 3 4624.2 7732.0 1
2 3 3411.1 4866.9 1
2 8 8597.3 10563.9 1
7 3 4283.4 6840.6 1
5 1 8292.0 11896.1 1
9 6 7124.8 7858.3 1
0 2 5926.5 7847.5 1
5 2 4825.0 5095.7 1
0 4 139.7 2020.1 1
0 1 1133.7 4404.6 1
8 5 1584.2 2923.8 1
1 9 4794.7 5258.3 1
9 10 1034.9 3369.8 1
9 10 4773.7 9079.2 1
3 10 8662.5 12472.0 1
0 5 1125.2 4383.0 1
9 3 9268.7 13627.0 1
1 7 3608.3 5185.5 1
2 9 7832.5 11944.1 1
2 9 7617.4 7916.7 1
2 7 882.5 2725.2 1
5 1 8064.5 8270.2 1
6 4 1627.5 5893.4 1
1 4 5079.7 8212.6 1
5 3 776.8 2617.0 1
2 5 6472.7 10696.2 1
4 10 264.6 2573.5 1
0 6 8665.9 11201.9 1
3 2 1811.1 3835.9 1
6 1 7458.2 11505.8 1
6 1 3985.6 4202.3 1
7 1 1769.7 4463.2 1
9 10 1102.9 2329.9 1
3 4 4584.8 6247.5 1
3 6 483.3 3607.9 1
1 4 5684.8 5942.6 1
2 4 4994.7 6259.7 1
6 9 2499.8 6395.0 1
3 7 5258.2 5821.6 1
9 4 6536.1 7655.6 1
5 4 2691.8 2764.7 1
0 3 2466.1 4808.1 1
1 3 5669.5 9639.7 1
9 1 8694.2 9321.2 1
4 3 1400.3 5375.8 1
9 10 2978.0 3273.2 1
8 7 3613.7 4849.0 1
1 7 1160.4 2677.3 1
7 6 2284.7 5695.7 1
2 5 6179.4 9293.8 1
0 2 8308.4 12967.3 1
5 7 4017.1 8595.0 1
3 7 795.8 1086.1 1
4 10 2236.6 6773.9 1
5 10 7030.2 9045.0 1
7 5 4.2 4538.7 1
1 6 2080.2 5526.8 1
7 1 5923.3 7344.8 1
1 5 6632.7 7658.2 1
6 8 1854.7 2290.1 1
3 5 5062.7 6519.8 1
9 7 6184.3 10606.4 1
4 9 6605.8 6760.0 1
7 4 4756.5 6738.7 1
4 9 1611.6 2636.8 1
8 2 5040.9 7878.1 1
4 9 5782.6 7531.7 1
2 1 314.5 4260.8 1
8 10 72.8 1036.8 1
5 1 6605.8 10901.0 1
9 1 5568.1 8129.1 1
0 4 5593.0 8533.0 1
0 2 8190.5 12080.5 1
6 1 2614.2 3374.5 1
5 4 400.9 3808.2 1
5 1 5137.5 5980.2 1
0 9 3263.8 3912.5 1
6 9 888.4 986.5 1
6 5 1868.3 2717.8 1
7 9 902.9 5070.3 1
8 6 935.1 2670.7 1
1 6 3908.6 6431.8 1
2 8 3641.4 6300.5 1
1 9 3009.4 3807.4 1
0 8 9101.6 13417.6 1
7 1 2465.2 3300.9 1
3 9 7908.7 9998.7 1
7 10 7731.0 10019.7 1
2 4 6194.2 7792.9 1
8 7 2965.8 7409.4 1
7 1 1915.6 5703.0 1
3 7 9135.3 12331.8 1
9 5 8806.4 10879.2 1
0 8 4843.2 8471.4 1
9 3 5286.2 9148.1 1
5 8 7242.4 8576.0 1
1 3 5878.3 8788.2 1
1 9 2331.8 6340.9 1
5 9 2466.9 5501.2 1
2 5 3419.9 8095.3 1
8 3 796.9 1875.0 1
1 8 1330.1 2583.6 1
6 9 1652.7 3447.7 1
0 9 1579.1 3294.9 1
4 7 3599.8 3994.9 1
2 8 4932.1 7709.3 1
1 6 6682.9 7467.4 1
1 10 5890.8 7917.4 1
0 5 1132.3 1727.5 1
3 9 4760.4 8374.3 1
5 9 4025.0 5779.2 1
4 5 5737.5 8869.7 1
7 1 7269.0 8169.5 1
9 1 5951.4 10586.8 1
4 10 1971.7 6438.5 1
6 1 3596.7 7976.2 1
7 3 7542.4 11716.7 1
3 8 2241.7 5747.2 1
0 9 1379.6 5554.2 1
5 3 2315.1 5137.9 1
EOF
