NUM_STATIONS: 10
NUM_REQUESTS: 160
NUM_VEHICLES: 1
VEHICLE_CAPACITY: 8
DISTANCES
0 1 3.3
1 2 8.6
2 3 9.8
3 4 4.8
4 5 3.7
5 6 5.0
6 7 1.8
7 8 2.0
8 9 1.3
9 0 2.7
REQUEST_SECTION
9 3 597.1 960.7 1
8 4 107.7 345.0 1
4 8 612.1 1049.9 1
6 3 314.7 461.3 1
8 2 304.1 456.6 1
7 2 101.8 217.3 1
8 1 49.0 413.3 1
6 4 257.0 454.6 1
7 2 296.8 582.8 1
2 6 282.6 548.4 1
3 7 573.3 753.4 1
8 4 479.7 870.7 1
0 8 417.7 595.6 1
8 10 281.0 444.9 1
8 2 594.2 859.8 1
4 2 317.3 711.3 1
3 5 19.0 294.7 1
5 7 612.8 750.5 1
3 7 224.5 441.0 1
7 4 466.8 665.5 1
6 7 603.9 807.7 1
3 7 122.8 180.6 1
5 2 108.4 439.5 1
4 7 151.2 381.8 1
3 5 200.2 368.9 1
1 3 572.4 1008.9 1
9 10 331.2 698.4 1
3 6 141.7 582.1 1
3 7 15.4 80.5 1
7 10 391.3 760.7 1
8 9 49.9 329.7 1
3 9 81.6 173.3 1
4 7 254.8 387.6 1
4 6 68.2 520.7 1
6 10 416.0 785.7 1
1 3 384.8 770.1 1
8 7 515.6 684.7 1
8 10 557.6 961.6 1
2 1 513.8 930.0 1
5 1 362.4 434.1 1
2 4 260.8 553.8 1
5 10 483.3 859.3 1
8 6 444.1 804.4 1
5 2 281.8 605.4 1
6 2 15.7 280.8 1
5 4 485.1 879.8 1
0 9 633.3 1033.9 1
3 4 295.7 751.7 1
0 2 76.4 434.1 1
9 7 583.1 650.4 1
8 3 582.8 654.2 1
1 4 93.5 429.4 1
3 1 582.0 936.3 1
2 7 189.3 459.7 1
3 10 265.2 423.2 1
2 4 559.2 622.2 1
5 8 384.0 483.0 1
8 1 127.6 522.1 1
2 3 318.2 487.7 1
6 8 372.8 718.9 1
8 10 489.5 804.3 1
6 8 238.3 377.1 1
2 6 391.3 751.7 1
6 7 397.2 547.2 1
7 2 522.8 786.2 1
0 7 273.0 562.4 1
3 5 141.2 309.1 1
4 5 440.1 615.4 1
5 2 402.5 785.9 1
5 4 228.8 567.4 1
5 3 308.9 648.3 1
3 10 590.5 775.9 1
6 7 174.3 230.8 1
2 9 119.6 346.5 1
1 8 22.1 214.9 1
0 1 68.1 519.9 1
2 9 564.9 917.8 1
9 5 470.7 680.4 1
6 5 601.2 881.2 1
3 7 4.5 48.4 1
7 1 405.9 598.8 1
3 2 324.2 461.8 1
2 7 454.2 635.1 1
1 8 526.1 621.4 1
1 10 559.7 613.8 1
9 8 462.6 749.4 1
7 8 327.3 745.7 1
2 7 485.9 544.6 1
6 1 219.4 600.9 1
7 3 290.6 608.1 1
8 2 286.6 646.8 1
2 6 485.9 709.6 1
8 6 352.7 617.3 1
1 3 577.2 789.4 1
9 5 634.4 873.9 1
0 3 200.6 419.9 1
5 10 163.0 397.8 1
7 3 497.7 694.6 1
5 10 336.1 784.4 1
6 2 275.9 629.9 1
6 8 51.2 245.5 1
8 5 536.4 610.4 1
0 2 22.4 264.1 1
9 5 455.8 681.2 1
8 3 164.0 343.3 1
4 9 331.7 438.6 1
4 9 578.0 711.3 1
1 6 356.5 524.2 1
9 4 305.6 413.5 1
9 6 454.6 914.2 1
0 2 524.2 803.4 1
6 8 322.8 718.9 1
6 2 572.5 796.2 1
2 6 414.4 462.6 1
6 3 547.5 959.4 1
7 3 436.6 857.3 1
3 9 142.0 235.4 1
6 10 597.9 966.3 1
3 2 401.2 444.3 1
9 1 248.7 687.9 1
6 9 635.9 1077.6 1
4 9 435.6 608.5 1
3 9 383.0 600.9 1
8 5 517.3 945.8 1
4 5 574.6 690.4 1
0 4 501.2 763.6 1
5 8 324.1 723.4 1
9 10 531.3 892.4 1
0 2 185.2 353.2 1
1 3 196.7 606.7 1
4 2 585.2 914.4 1
4 3 9.2 268.8 1
0 1 511.7 582.5 1
9 3 11.8 418.7 1
5 6 563.7 1008.8 1
4 9 436.1 528.3 1
5 2 35.6 229.4 1
0 6 12.2 102.5 1
1 9 492.4 916.0 1
9 3 59.7 421.4 1
4 10 367.9 634.4 1
2 7 332.8 400.8 1
5 1 107.6 239.2 1
3 10 524.5 920.7 1
3 6 461.9 712.1 1
2 4 468.6 609.7 1
0 4 608.0 1025.6 1
0 8 102.0 431.9 1
3 5 539.0 731.1 1
0 3 571.3 706.4 1
3 8 272.5 589.7 1
4 9 485.9 841.7 1
3 10 315.3 662.5 1
6 3 257.6 400.1 1
7 3 433.1 524.4 1
6 10 182.3 428.0 1
9 7 519.1 803.3 1
0 6 66.7 243.5 1
6 5 610.5 862.6 1
7 4 181.6 603.7 1
EOF
