NUM_STATIONS: 10
NUM_REQUESTS: 80
NUM_VEHICLES: 1
VEHICLE_CAPACITY: 4
DISTANCES
0 1 8.0
1 2 8.3
2 3 3.5
3 4 6.0
4 5 1.1
5 6 2.5
6 7 5.2
7 8 7.5
8 9 5.8
9 0 8.4
REQUEST_SECTION
9 3 86.9 390.6 1
9 7 600.5 811.5 1
9 1 247.2 344.3 1
2 6 708.6 1273.3 1
5 4 73.9 420.4 1
6 5 375.0 452.8 1
3 2 481.2 632.8 1
6 2 743.9 1049.9 1
0 9 411.0 577.2 1
3 8 802.8 1058.6 1
1 2 591.6 1096.1 1
9 2 156.0 361.2 1
4 3 815.1 1155.1 1
3 8 81.8 586.0 1
8 3 371.7 578.6 1
8 5 49.2 491.2 1
8 5 717.7 1113.9 1
0 3 813.2 1110.7 1
7 10 578.7 975.2 1
2 10 273.8 667.4 1
7 9 311.1 412.8 1
6 5 827.1 1098.4 1
4 8 653.0 1060.5 1
6 10 24.3 280.0 1
3 4 10.9 549.1 1
9 5 171.3 248.1 1
7 6 767.7 1200.6 1
9 7 232.5 433.1 1
5 9 22.9 482.8 1
5 7 599.8 1130.9 1
6 1 604.4 1196.8 1
7 4 150.7 599.9 1
2 8 16.6 344.0 1
9 1 95.7 580.4 1
4 1 768.9 1123.4 1
5 6 801.9 1371.0 1
0 9 594.3 1091.0 1
8 2 177.0 417.2 1
6 3 87.7 650.4 1
6 9 83.4 334.8 1
9 7 640.0 963.1 1
2 8 631.4 882.7 1
6 8 616.5 797.2 1
5 2 654.1 1094.1 1
4 6 690.1 1125.3 1
4 9 271.4 445.7 1
4 9 75.9 226.7 1
9 8 178.8 483.8 1
6 4 493.7 782.8 1
8 6 332.5 857.7 1
4 3 452.2 731.8 1
9 10 271.8 475.2 1
8 7 59.4 642.7 1
7 1 368.9 550.5 1
1 3 645.2 1064.3 1
6 3 332.9 816.6 1
8 3 807.0 1197.6 1
4 6 171.8 606.7 1
6 9 208.2 519.8 1
9 4 786.5 865.7 1
7 8 64.3 341.4 1
6 3 102.8 482.2 1
7 5 659.0 1007.3 1
9 3 509.3 1034.9 1
1 9 37.3 175.5 1
8 1 687.8 1228.9 1
9 8 135.0 562.1 1
9 7 280.8 467.7 1
6 7 827.1 1032.3 1
5 9 626.3 725.0 1
1 5 830.9 1120.4 1
8 6 422.3 526.5 1
2 1 315.0 463.5 1
1 7 822.5 912.0 1
4 6 484.9 694.3 1
0 3 232.8 849.2 1
1 10 68.2 293.6 1
7 8 70.3 277.9 1
9 6 27.4 371.4 1
3 10 65.2 653.7 1
EOF
