NUM_STATIONS: 10
NUM_REQUESTS: 20
NUM_VEHICLES: 1
VEHICLE_CAPACITY: 2
DISTANCES
0 1 6.6
1 2 8.7
2 3 5.9
3 4 9.0
4 5 3.2
5 6 7.2
6 7 4.7
7 8 8.2
8 9 3.5
9 0 6.8
REQUEST_SECTION
3 5 581.3 1049.9 1
1 7 612.7 1040.3 1
4 5 466.9 913.8 1
0 6 540.5 1006.9 1
1 7 178.6 590.8 1
6 7 321.1 423.0 1
0 8 232.2 680.4 1
1 4 70.8 284.2 1
0 5 526.8 1045.2 1
6 1 31.2 311.3 1
0 8 181.2 596.5 1
8 2 535.8 966.8 1
8 2 589.5 717.6 1
4 1 297.6 387.9 1
4 7 381.9 608.8 1
5 10 378.8 498.1 1
7 3 28.6 212.1 1
6 2 455.7 722.2 1
0 8 305.0 752.5 1
5 8 486.4 749.9 1
EOF
