NUM_STATIONS: 10
NUM_REQUESTS: 20
NUM_VEHICLES: 3
VEHICLE_CAPACITY: 8
DISTANCES
0 1 6.6
1 2 8.7
2 3 5.9
3 4 9.0
4 5 3.2
5 6 7.2
6 7 4.7
7 8 8.2
8 9 3.5
9 0 6.8
REQUEST_SECTION
3 5 5.6 92.4 1
1 7 4.1 94.0 1
4 5 7.7 97.2 1
0 6 13.4 94.7 1
1 7 35.4 108.5 1
6 7 28.2 108.9 1
0 8 44.0 132.3 1
1 4 32.0 103.0 1
0 5 44.3 129.2 1
6 1 21.5 93.8 1
0 8 9.6 91.7 1
8 2 34.6 112.0 1
8 2 30.5 102.4 1
4 1 18.1 85.5 1
4 7 42.3 128.0 1
5 10 42.0 107.4 1
7 3 15.7 87.1 1
6 2 12.6 77.8 1
0 8 42.5 129.7 1
5 8 27.7 114.8 1
EOF
