NUM_STATIONS: 10
NUM_REQUESTS: 20
NUM_VEHICLES: 1
VEHICLE_CAPACITY: 1
DISTANCES
0 1 8.9
1 2 4.6
2 3 7.4
3 4 8.4
4 5 9.1
5 6 4.1
6 7 8.9
7 8 3.5
8 9 7.1
9 0 5.5
REQUEST_SECTION
2 3 619.2 1108.8 1
4 1 390.7 1010.2 1
1 10 715.8 1071.0 1
5 4 930.5 1759.9 1
6 5 24.3 528.9 1
0 8 439.8 1091.7 1
2 9 715.8 893.4 1
9 1 640.3 781.8 1
2 3 631.8 824.3 1
5 9 359.6 842.3 1
6 4 685.4 785.2 1
5 1 657.2 1543.4 1
8 4 633.1 1504.4 1
8 1 422.1 1208.6 1
9 2 201.9 836.5 1
5 8 696.5 854.3 1
3 5 795.0 1609.1 1
8 1 40.1 427.7 1
4 9 471.2 1549.3 1
6 4 201.4 749.4 1
EOF
