NUM_STATIONS: 10
NUM_REQUESTS: 160
NUM_VEHICLES: 3
VEHICLE_CAPACITY: 1
DISTANCES
0 1 3.6
1 2 7.3
2 3 7.4
3 4 1.6
4 5 9.1
5 6 1.1
6 7 5.1
7 8 5.3
8 9 9.0
9 0 2.6
REQUEST_SECTION
0 6 1142.0 1390.9 1
6 7 1443.7 2571.5 1
7 6 186.9 1473.5 1
0 1 534.0 1784.7 1
4 3 2743.8 2879.4 1
6 10 1337.4 2502.4 1
5 2 140.8 669.0 1
1 3 2262.9 2893.3 1
0 6 2610.1 3724.5 1
6 1 1304.6 1693.0 1
4 5 1184.9 1699.2 1
6 2 2322.3 2905.0 1
3 4 2615.1 2798.7 1
3 4 982.5 1397.3 1
7 9 1120.3 1378.1 1
9 3 1679.6 1799.1 1
9 7 334.0 1298.1 1
4 8 1048.5 1129.6 1
3 7 2232.6 2815.7 1
2 3 540.0 1504.0 1
0 7 1121.4 2279.6 1
1 5 399.8 1468.5 1
8 2 2633.9 3018.9 1
5 3 1276.6 1644.6 1
5 9 2656.2 3053.5 1
1 6 2045.3 2505.2 1
1 6 1893.2 2622.5 1
4 2 555.5 691.3 1
5 3 2142.0 2736.5 1
4 7 2617.5 3511.1 1
6 5 1439.7 1505.4 1
3 7 1327.8 2510.6 1
5 3 1065.0 1266.3 1
4 9 1749.7 2431.3 1
2 6 2525.8 2597.4 1
8 4 75.3 437.5 1
0 3 1938.5 2423.2 1
8 9 649.4 780.4 1
9 5 1751.1 2964.5 1
5 7 2287.1 2994.1 1
1 5 2606.6 2738.1 1
6 8 1019.8 1393.5 1
3 8 875.1 1449.3 1
8 5 2039.0 2278.8 1
3 10 2049.0 2530.6 1
8 7 1542.4 1820.4 1
9 4 250.1 560.2 1
6 2 954.3 2124.8 1
9 7 958.5 1438.1 1
0 8 283.5 1486.7 1
3 9 966.5 1217.0 1
7 10 2421.5 2869.3 1
7 3 2666.5 3528.9 1
4 1 238.1 316.5 1
1 3 1770.7 2897.4 1
4 9 582.2 1282.3 1
6 7 476.9 1330.8 1
3 9 1281.1 1361.8 1
1 5 1907.9 2215.8 1
9 7 339.5 1474.4 1
4 8 1593.5 2900.7 1
7 10 831.9 2106.5 1
2 9 1524.7 2480.7 1
8 1 1466.6 1930.6 1
1 7 1210.5 1564.0 1
8 5 443.4 929.9 1
7 3 2420.8 3560.2 1
3 5 2582.9 3281.4 1
0 5 1560.7 2635.4 1
9 4 1587.1 2003.0 1
5 8 784.7 1331.7 1
9 8 2689.0 3352.5 1
6 9 643.3 1174.1 1
8 1 1786.9 1885.8 1
6 7 2582.5 3686.8 1
6 1 263.4 405.5 1
3 5 817.2 1386.6 1
4 7 2253.7 2440.1 1
6 3 262.4 357.6 1
4 5 1071.0 1779.1 1
0 1 1013.2 2396.6 1
8 5 1927.7 2654.2 1
3 4 2780.9 3665.2 1
2 6 1227.4 1688.3 1
9 4 448.8 571.4 1
6 8 234.5 1448.9 1
6 2 1851.4 2663.2 1
7 2 1281.1 2064.0 1
1 8 2690.1 2824.7 1
9 5 188.3 306.5 1
6 2 2668.3 3538.2 1
1 5 1128.1 2550.3 1
5 4 545.5 711.7 1
8 10 692.3 1545.1 1
3 6 2004.8 2920.9 1
5 2 849.1 1478.2 1
6 3 342.6 1508.1 1
4 6 340.0 842.0 1
5 7 116.8 1451.2 1
2 3 1897.9 2243.3 1
4 9 1942.7 3350.0 1
4 1 1563.8 1887.1 1
5 6 1843.0 3228.0 1
5 10 272.0 1384.9 1
8 9 1409.0 2264.5 1
3 5 1193.5 1588.2 1
3 8 1324.5 2538.7 1
7 8 2337.8 2978.7 1
4 8 2388.4 3208.1 1
1 6 878.1 1587.3 1
3 9 531.0 1083.1 1
0 8 1969.6 2186.0 1
0 5 2747.2 3049.2 1
1 8 1129.1 1481.6 1
3 6 253.5 1324.8 1
7 1 2648.3 3479.9 1
7 1 1073.8 1257.1 1
4 1 1287.5 1628.1 1
1 2 2598.1 3849.5 1
8 5 873.8 1057.3 1
6 4 740.8 2054.2 1
3 6 2627.7 2984.9 1
2 8 2676.9 3156.3 1
6 1 595.9 899.4 1
6 10 375.6 1057.0 1
0 2 657.8 1203.5 1
0 1 162.9 1396.4 1
3 9 112.2 835.0 1
2 8 1407.2 2413.7 1
4 5 72.7 1456.7 1
1 5 41.2 1027.1 1
4 2 1619.7 2493.8 1
1 3 2022.3 2309.7 1
1 3 2175.2 2423.4 1
6 1 2557.3 2867.7 1
8 9 1597.9 2174.3 1
7 6 2622.0 2967.9 1
1 7 1009.3 2403.7 1
6 1 1876.9 2587.5 1
4 6 1057.5 2447.9 1
3 9 473.2 1381.9 1
2 9 2147.8 2472.2 1
6 9 1823.8 2353.2 1
2 4 2196.2 2678.3 1
9 6 1439.2 1574.1 1
1 6 6.0 1092.1 1
3 2 1296.6 1392.2 1
4 1 2616.5 3307.7 1
8 9 1388.4 1586.0 1
4 3 113.5 1102.1 1
7 5 2339.1 3109.9 1
3 5 1042.9 1603.0 1
6 7 1408.9 2599.8 1
9 5 2702.0 3981.6 1
6 5 1830.3 2516.0 1
3 8 600.0 1169.5 1
4 9 1067.4 1156.4 1
4 10 581.3 1155.2 1
6 8 251.6 1357.0 1
3 1 1287.3 1773.4 1
EOF
