NUM_STATIONS: 10
NUM_REQUESTS: 80
NUM_VEHICLES: 3
VEHICLE_CAPACITY: 1
DISTANCES
0 1 9.9
1 2 5.8
2 3 2.8
3 4 4.2
4 5 8.2
5 6 9.6
6 7 7.3
7 8 4.0
8 9 8.9
9 0 4.1
REQUEST_SECTION
8 2 168.7 497.8 1
3 8 1187.6 1354.0 1
0 4 1207.1 1468.0 1
4 8 323.6 1560.5 1
7 10 1151.9 1532.8 1
4 1 418.0 1655.6 1
1 9 554.5 1145.2 1
3 6 345.4 1005.0 1
5 9 749.7 1557.5 1
9 5 933.2 2063.4 1
1 7 769.0 1410.6 1
7 3 896.6 1125.6 1
9 7 63.0 1197.2 1
1 6 876.5 1850.5 1
5 3 90.1 897.0 1
0 4 1167.6 2429.5 1
7 1 1074.7 2074.1 1
0 4 157.3 817.2 1
2 9 1286.3 2335.6 1
0 6 1153.7 1378.7 1
0 9 340.9 1234.8 1
4 10 842.2 1108.4 1
2 5 879.7 1623.1 1
1 10 827.4 1139.4 1
7 10 1035.0 2143.3 1
2 10 1211.7 2209.4 1
3 8 621.2 1251.3 1
5 8 773.0 1218.1 1
6 8 467.2 662.7 1
6 5 374.0 813.3 1
5 10 938.7 1323.9 1
2 8 384.7 1065.2 1
8 9 1153.9 1895.8 1
2 7 441.8 759.4 1
4 6 1043.4 1941.6 1
5 8 125.1 755.0 1
9 8 1260.9 1618.9 1
3 1 1076.8 1856.7 1
3 4 498.0 1365.1 1
2 6 48.8 1341.1 1
4 9 800.2 1173.2 1
7 5 692.0 1376.1 1
6 4 947.7 1648.3 1
7 3 1085.7 2288.3 1
5 10 193.7 1242.4 1
3 8 416.1 1714.4 1
9 6 217.3 955.0 1
5 1 1290.7 2476.9 1
8 4 299.0 502.5 1
0 5 423.8 842.5 1
5 10 863.1 1140.7 1
7 5 51.3 884.0 1
6 10 1297.2 1742.7 1
6 1 326.5 618.4 1
2 6 697.7 2017.6 1
4 5 1157.9 2134.9 1
7 3 445.2 770.7 1
0 4 1025.0 1783.5 1
0 9 367.0 492.3 1
4 10 445.4 942.4 1
2 1 383.5 979.3 1
1 10 227.7 1231.4 1
0 7 695.9 1071.4 1
0 4 882.6 1301.9 1
2 6 716.6 1601.3 1
6 8 1124.8 1946.4 1
7 9 196.4 1355.7 1
0 1 537.8 1579.9 1
3 6 149.4 1232.6 1
5 1 435.3 527.0 1
1 8 533.8 1897.6 1
7 5 197.3 1365.6 1
3 2 86.0 1029.0 1
2 5 4.6 372.9 1
4 2 461.6 1439.4 1
7 10 752.1 1501.7 1
3 7 594.2 1083.1 1
4 6 373.9 1157.9 1
1 2 313.0 923.5 1
1 8 745.5 1191.3 1
EOF
