NUM_STATIONS: 10
NUM_REQUESTS: 20
NUM_VEHICLES: 1
VEHICLE_CAPACITY: 8
DISTANCES
0 1 6.6
1 2 8.7
2 3 5.9
3 4 9.0
4 5 3.2
5 6 7.2
6 7 4.7
7 8 8.2
8 9 3.5
9 0 6.8
REQUEST_SECTION
3 5 52.8 189.5 1
1 7 74.1 245.4 1
4 5 8.9 94.9 1
0 6 47.7 138.0 1
1 7 68.8 241.2 1
6 7 79.1 246.1 1
0 8 27.9 164.2 1
1 4 35.2 161.4 1
0 5 41.1 190.1 1
6 1 68.7 151.2 1
0 8 22.3 136.0 1
8 2 38.8 176.4 1
8 2 90.1 229.9 1
4 1 76.3 212.9 1
4 7 56.3 233.4 1
5 10 81.9 193.0 1
7 3 86.8 169.9 1
6 2 76.3 157.3 1
0 8 53.9 197.8 1
5 8 30.1 132.1 1
EOF
