NUM_STATIONS: 10
NUM_REQUESTS: 20
NUM_VEHICLES: 1
VEHICLE_CAPACITY: 2
DISTANCES
0 1 5.2
1 2 3.6
2 3 9.0
3 4 5.2
4 5 4.6
5 6 6.8
6 7 9.5
7 8 9.5
8 9 7.9
9 0 8.3
REQUEST_SECTION
3 5 428.5 822.0 1
5 3 197.3 304.8 1
0 4 515.5 853.8 1
0 7 394.0 639.5 1
0 5 277.7 692.7 1
3 5 188.5 394.9 1
2 7 114.2 348.0 1
4 5 282.0 454.1 1
7 10 169.6 357.4 1
4 5 271.6 402.9 1
9 5 256.0 517.8 1
5 8 159.0 545.9 1
0 8 504.1 668.4 1
4 5 84.9 474.4 1
1 9 153.3 553.3 1
7 8 4.3 131.7 1
1 3 497.5 746.7 1
1 8 231.0 356.0 1
6 3 519.8 797.3 1
6 7 387.9 492.2 1
EOF
