NUM_STATIONS: 10
NUM_REQUESTS: 160
NUM_VEHICLES: 1
VEHICLE_CAPACITY: 8
DISTANCES
0 1 6.3
1 2 7.7
2 3 3.8
3 4 4.5
4 5 9.5
5 6 2.1
6 7 8.1
7 8 3.8
8 9 3.5
9 0 1.8
REQUEST_SECTION
8 5 651.0 1121.3 1
2 7 8.2 410.6 1
0 6 453.4 726.6 1
4 2 619.8 815.1 1
6 1 314.6 869.4 1
6 5 534.0 709.4 1
4 5 567.5 933.6 1
1 7 534.1 1271.4 1
9 1 600.1 810.9 1
8 4 426.3 853.9 1
6 8 541.2 1071.4 1
3 10 614.7 734.9 1
9 6 314.2 739.4 1
1 3 675.4 792.4 1
9 1 9.9 90.0 1
6 5 599.3 1324.5 1
1 10 546.4 1337.9 1
0 8 39.2 440.5 1
7 10 145.2 852.7 1
2 5 464.8 947.9 1
3 9 138.1 225.5 1
9 5 201.8 846.8 1
2 4 321.1 727.2 1
0 5 274.8 497.5 1
6 5 434.6 827.3 1
1 3 310.2 574.4 1
7 5 233.4 360.1 1
0 4 123.3 901.3 1
2 10 180.2 382.1 1
1 10 27.0 312.9 1
4 1 585.4 776.5 1
5 8 172.8 748.4 1
8 5 461.8 726.7 1
4 10 383.4 1173.1 1
6 3 40.2 286.9 1
6 5 23.7 613.5 1
1 7 560.8 1279.7 1
3 1 133.1 494.6 1
0 3 690.4 1157.0 1
3 2 476.0 1065.3 1
7 4 25.4 255.7 1
6 4 624.5 1242.0 1
3 8 608.5 772.9 1
7 2 26.7 482.8 1
8 3 73.8 282.1 1
8 2 49.3 539.2 1
2 3 273.7 990.2 1
0 1 651.2 1103.2 1
5 8 498.1 808.2 1
2 7 37.0 214.0 1
8 4 673.2 1213.4 1
3 8 664.4 1096.0 1
2 5 493.4 1042.5 1
4 1 95.6 308.9 1
6 4 732.9 1237.2 1
4 5 692.9 992.9 1
6 7 347.1 401.3 1
2 8 568.8 821.0 1
8 10 203.4 833.3 1
9 8 556.2 739.7 1
9 3 162.0 296.8 1
8 9 330.5 954.9 1
8 9 345.0 678.5 1
8 10 70.7 383.4 1
3 9 206.2 375.1 1
2 8 699.7 1245.9 1
7 3 114.5 792.4 1
1 8 715.8 1334.7 1
9 1 593.4 687.3 1
4 6 263.6 898.0 1
2 10 104.0 316.9 1
0 3 504.8 1313.4 1
0 5 292.4 607.1 1
5 3 514.6 1056.2 1
9 3 450.2 931.4 1
9 4 435.7 587.4 1
3 2 61.4 618.8 1
5 4 99.9 230.4 1
7 1 371.2 889.1 1
0 7 319.3 1129.2 1
5 8 118.0 852.2 1
9 1 649.8 1012.9 1
3 4 95.2 346.7 1
4 9 62.4 221.2 1
5 1 202.3 957.1 1
5 2 452.6 525.3 1
2 1 588.5 1142.8 1
8 2 280.5 714.9 1
0 8 500.9 1317.0 1
3 1 475.0 581.8 1
2 10 316.5 1026.4 1
0 8 709.8 1190.6 1
6 9 369.5 1010.0 1
3 8 524.8 816.3 1
4 2 522.2 708.1 1
7 4 246.6 473.5 1
9 1 214.8 936.7 1
7 8 103.4 805.2 1
4 7 647.7 768.7 1
8 5 143.6 427.5 1
8 7 408.2 632.6 1
3 1 119.3 469.0 1
6 3 741.5 1437.1 1
5 9 412.6 900.3 1
3 7 296.0 1012.7 1
2 7 104.0 281.4 1
2 7 133.7 646.7 1
9 10 150.4 603.2 1
0 8 368.2 801.5 1
7 8 116.9 521.2 1
4 3 34.8 322.0 1
6 7 257.1 861.0 1
1 6 693.6 1192.0 1
5 1 449.2 1099.4 1
4 9 105.6 223.2 1
3 8 125.8 749.2 1
5 7 217.5 360.9 1
6 9 658.3 1193.9 1
1 5 481.7 788.1 1
8 2 552.3 1227.7 1
9 10 748.0 807.9 1
5 7 227.9 990.5 1
5 4 65.7 421.7 1
7 6 615.5 1425.4 1
5 9 320.0 425.1 1
9 7 91.2 169.0 1
3 5 275.2 1017.9 1
5 9 14.0 94.5 1
7 8 435.2 985.1 1
0 5 420.2 793.2 1
6 3 463.1 1038.3 1
2 5 730.9 1465.8 1
9 8 383.3 1124.3 1
1 10 42.7 819.9 1
4 6 325.7 650.5 1
4 9 374.4 1007.3 1
6 7 79.7 620.1 1
8 1 548.6 1199.7 1
7 2 109.1 549.9 1
8 7 159.3 850.1 1
6 8 702.7 1413.3 1
1 6 538.4 1301.0 1
0 3 145.2 589.8 1
5 1 735.3 1288.6 1
0 4 67.1 783.7 1
9 4 687.1 1033.0 1
1 10 484.5 1282.8 1
8 5 407.6 511.7 1
7 6 342.9 411.5 1
3 9 480.8 1247.1 1
0 8 623.1 1282.5 1
2 9 343.5 1032.9 1
9 8 557.5 701.5 1
1 9 409.0 883.4 1
1 8 92.7 799.0 1
0 5 687.6 1381.5 1
4 6 678.6 1039.6 1
7 5 424.7 816.7 1
9 6 676.2 994.8 1
8 5 600.6 1384.8 1
EOF
