NUM_STATIONS: 10
NUM_REQUESTS: 160
NUM_VEHICLES: 2
VEHICLE_CAPACITY: 4
DISTANCES
0 1 6.3
1 2 1.5
2 3 7.8
3 4 9.8
4 5 9.9
5 6 6.9
6 7 1.6
7 8 5.2
8 9 2.2
9 0 6.8
REQUEST_SECTION
3 7 599.0 870.7 1
2 4 333.8 509.5 1
2 7 84.2 943.0 1
7 4 657.1 1191.6 1
4 10 122.9 492.3 1
1 4 418.5 1345.6 1
2 1 583.2 1356.9 1
5 9 732.1 1599.3 1
7 3 11.9 817.4 1
0 7 82.7 475.8 1
0 3 67.9 244.1 1
0 5 500.6 1298.9 1
0 3 390.9 674.6 1
8 4 757.9 1540.8 1
3 4 249.6 494.9 1
0 7 113.0 237.8 1
5 4 254.2 827.5 1
9 8 9.0 793.1 1
8 6 459.3 730.9 1
9 7 274.4 408.8 1
9 4 324.7 867.5 1
2 4 730.1 905.5 1
9 3 344.2 1226.1 1
9 5 398.5 839.3 1
1 6 364.4 1110.8 1
9 4 868.0 1065.6 1
9 2 496.1 909.2 1
7 2 786.9 1065.5 1
3 9 510.6 796.5 1
1 2 224.3 776.0 1
5 6 143.1 239.3 1
0 8 130.4 908.1 1
1 4 545.2 1289.1 1
8 3 840.0 1696.8 1
0 1 607.4 1253.3 1
3 2 516.4 900.6 1
9 8 577.6 1230.7 1
0 9 90.4 568.0 1
7 6 603.1 1304.5 1
6 2 796.4 1630.0 1
2 3 531.8 1048.8 1
2 3 860.5 1060.2 1
2 8 782.2 1377.3 1
7 3 70.6 248.7 1
5 1 176.8 284.1 1
9 6 506.5 1039.9 1
0 2 119.9 260.7 1
5 2 846.3 1563.4 1
0 4 571.2 793.3 1
0 1 377.8 504.2 1
8 5 678.1 1558.2 1
1 9 555.6 1058.7 1
9 10 830.7 1030.8 1
9 10 218.0 594.4 1
3 10 727.9 1333.5 1
0 5 153.1 772.2 1
9 3 660.4 1426.3 1
1 7 72.4 652.9 1
2 9 600.2 777.7 1
2 9 203.0 585.1 1
2 7 820.6 1713.8 1
5 1 127.5 282.3 1
6 4 377.3 1252.4 1
1 4 120.9 608.9 1
5 3 655.4 1522.2 1
2 5 225.4 318.5 1
4 10 739.7 856.3 1
0 6 570.7 743.1 1
3 2 516.6 749.9 1
6 1 792.0 974.2 1
6 1 4.8 347.1 1
7 1 313.1 886.2 1
9 10 379.9 590.8 1
3 4 827.4 1505.5 1
3 6 412.6 1013.6 1
1 4 560.3 928.8 1
2 4 746.1 862.9 1
6 9 792.3 1402.4 1
3 7 160.9 589.3 1
9 4 301.7 529.3 1
5 4 604.3 1469.7 1
0 3 816.6 1360.4 1
1 3 778.9 1132.5 1
9 1 6.1 412.5 1
4 3 291.6 1033.7 1
9 10 321.8 554.3 1
8 7 249.3 1023.8 1
1 7 646.0 839.7 1
7 6 543.8 1404.3 1
2 5 798.8 1527.1 1
0 2 600.3 670.6 1
5 7 655.0 732.0 1
3 7 351.1 634.2 1
4 10 425.8 935.8 1
5 10 375.2 1031.6 1
7 5 391.2 926.4 1
1 6 577.9 1403.5 1
7 1 545.2 967.5 1
1 5 700.5 1053.9 1
6 8 182.7 253.4 1
3 5 295.3 950.2 1
9 7 499.0 1391.2 1
4 9 584.6 983.4 1
7 4 657.4 968.9 1
4 9 618.6 800.0 1
8 2 841.7 965.2 1
4 9 592.5 1107.8 1
2 1 135.4 915.5 1
8 10 387.1 612.5 1
5 1 134.8 367.5 1
9 1 102.5 280.7 1
0 4 398.0 1130.0 1
0 2 219.4 514.2 1
6 1 116.8 557.0 1
5 4 328.2 1191.0 1
5 1 816.8 1050.5 1
0 9 150.5 601.0 1
6 9 104.9 917.7 1
6 5 52.3 619.9 1
7 9 859.1 1337.8 1
8 6 424.3 1095.8 1
1 6 642.0 1536.3 1
2 8 607.0 1237.1 1
1 9 526.5 1257.9 1
0 8 218.8 546.0 1
7 1 726.8 910.8 1
3 9 84.1 552.6 1
7 10 467.0 1068.4 1
2 4 395.9 766.2 1
8 7 808.3 1274.2 1
7 1 274.0 537.3 1
3 7 20.3 706.1 1
9 5 703.9 1121.2 1
0 8 232.7 646.3 1
9 3 223.2 490.3 1
5 8 158.4 868.5 1
1 3 134.5 421.8 1
1 9 456.5 1203.7 1
5 9 779.9 1003.6 1
2 5 8.0 395.7 1
8 3 434.3 1215.8 1
1 8 99.5 896.2 1
6 9 109.4 745.6 1
0 9 8.4 397.7 1
4 7 587.4 806.2 1
2 8 116.0 511.1 1
1 6 198.1 860.0 1
1 10 392.2 1201.6 1
0 5 545.0 1197.9 1
3 9 806.3 947.0 1
5 9 845.9 1315.0 1
4 5 209.3 821.6 1
7 1 276.3 551.9 1
9 1 242.9 1139.6 1
4 10 295.5 515.8 1
6 1 376.8 1044.5 1
7 3 235.0 956.1 1
3 8 202.7 992.8 1
0 9 756.6 1661.4 1
5 3 309.3 1113.1 1
EOF
