NUM_STATIONS: 10
NUM_REQUESTS: 20
NUM_VEHICLES: 3
VEHICLE_CAPACITY: 8
DISTANCES
0 1 8.9
1 2 4.6
2 3 7.4
3 4 8.4
4 5 9.1
5 6 4.1
6 7 8.9
7 8 3.5
8 9 7.1
9 0 5.5
REQUEST_SECTION
2 3 42.1 115.5 1
4 1 35.6 108.6 1
1 10 41.2 130.5 1
5 4 10.7 86.7 1
6 5 22.7 112.6 1
0 8 0.1 77.7 1
2 9 28.3 109.2 1
9 1 36.5 116.6 1
2 3 44.0 113.9 1
5 9 14.8 108.7 1
6 4 20.9 116.3 1
5 1 54.8 128.5 1
8 4 13.2 92.1 1
8 1 18.2 103.3 1
9 2 1.0 95.8 1
5 8 6.8 101.5 1
3 5 3.2 95.1 1
8 1 45.3 129.3 1
4 9 47.5 129.8 1
6 4 46.1 123.5 1
EOF
