NUM_STATIONS: 10
NUM_REQUESTS: 20
NUM_VEHICLES: 2
VEHICLE_CAPACITY: 2
DISTANCES
0 1 8.9
1 2 4.6
2 3 7.4
3 4 8.4
4 5 9.1
5 6 4.1
6 7 8.9
7 8 3.5
8 9 7.1
9 0 5.5
REQUEST_SECTION
2 3 334.5 445.7 1
4 1 81.8 291.2 1
1 10 59.8 285.8 1
5 4 112.8 286.7 1
6 5 75.7 264.5 1
0 8 248.7 433.5 1
2 9 246.0 407.0 1
9 1 282.5 450.2 1
2 3 120.9 343.5 1
5 9 101.5 268.2 1
6 4 18.1 138.4 1
5 1 51.0 207.7 1
8 4 335.1 487.3 1
8 1 231.9 338.3 1
9 2 32.7 122.2 1
5 8 90.8 198.8 1
3 5 118.8 332.2 1
8 1 170.1 304.8 1
4 9 250.7 442.0 1
6 4 292.6 378.7 1
EOF
