NUM_STATIONS: 10
NUM_REQUESTS: 20
NUM_VEHICLES: 3
VEHICLE_CAPACITY: 1
DISTANCES
0 1 6.6
1 2 8.7
2 3 5.9
3 4 9.0
4 5 3.2
5 6 7.2
6 7 4.7
7 8 8.2
8 9 3.5
9 0 6.8
REQUEST_SECTION
3 5 138.3 292.5 1
1 7 112.4 269.4 1
4 5 168.6 445.1 1
0 6 54.6 124.2 1
1 7 170.6 516.1 1
6 7 141.6 382.5 1
0 8 161.4 320.8 1
1 4 314.4 444.0 1
0 5 247.6 525.1 1
6 1 247.0 574.0 1
0 8 293.7 476.3 1
8 2 272.3 411.3 1
8 2 32.3 256.6 1
4 1 220.8 372.6 1
4 7 185.6 396.0 1
5 10 12.9 187.9 1
7 3 217.0 342.4 1
6 2 260.3 612.1 1
0 8 307.3 616.6 1
5 8 11.1 311.6 1
EOF
