NUM_STATIONS: 10
NUM_REQUESTS: 160
NUM_VEHICLES: 2
VEHICLE_CAPACITY: 8
DISTANCES
0 1 7.9
1 2 8.7
2 3 5.6
3 4 8.4
4 5 6.3
5 6 1.2
6 7 4.8
7 8 8.8
8 9 1.4
9 0 2.6
REQUEST_SECTION
0 1 398.5 667.6 1
7 1 47.5 285.2 1
6 4 441.8 541.6 1
1 3 382.6 800.1 1
3 4 345.7 736.2 1
6 5 258.8 621.7 1
7 4 4.6 411.7 1
2 1 93.7 510.3 1
6 2 439.1 640.7 1
1 2 34.8 104.7 1
1 6 213.9 371.6 1
5 4 181.1 413.4 1
4 2 354.6 572.7 1
8 6 395.9 548.8 1
6 7 19.5 292.6 1
7 1 495.6 677.8 1
6 5 7.8 475.9 1
0 8 204.4 667.8 1
9 7 262.1 660.0 1
7 3 215.6 275.4 1
5 6 87.7 215.6 1
1 10 407.0 801.6 1
9 4 62.5 399.9 1
0 1 452.2 829.0 1
3 5 430.5 775.0 1
8 7 545.4 1008.8 1
3 8 523.9 609.7 1
0 1 238.3 343.3 1
7 2 135.6 349.8 1
4 6 351.7 744.2 1
1 9 145.7 261.1 1
1 7 386.9 500.2 1
7 10 535.7 664.7 1
4 6 299.4 678.1 1
7 5 337.3 591.2 1
8 1 176.7 355.1 1
2 8 437.5 803.5 1
3 10 551.7 666.8 1
7 8 413.2 493.0 1
7 10 236.1 671.8 1
3 7 345.7 705.0 1
9 10 537.3 701.0 1
5 2 460.5 871.3 1
7 1 481.8 648.4 1
1 10 71.5 391.2 1
9 10 267.4 514.0 1
3 4 374.2 833.9 1
9 10 355.8 546.4 1
5 6 310.3 503.1 1
1 4 50.2 355.5 1
1 3 77.1 341.8 1
8 2 247.2 331.7 1
2 7 389.2 518.6 1
8 1 275.6 425.3 1
3 6 366.4 822.6 1
6 7 197.0 457.4 1
4 9 541.2 925.3 1
3 5 155.0 359.1 1
5 6 487.1 681.6 1
9 5 344.1 471.0 1
4 10 349.1 567.9 1
0 4 431.0 856.3 1
9 10 232.2 616.9 1
1 7 326.7 597.4 1
8 6 45.0 457.4 1
2 8 27.9 344.3 1
5 1 441.0 906.3 1
9 1 425.5 729.3 1
8 4 207.9 387.8 1
6 4 14.9 472.4 1
3 5 224.2 697.6 1
7 1 546.7 861.5 1
0 7 415.8 620.3 1
5 9 395.9 512.3 1
1 9 387.8 833.1 1
4 1 389.7 463.5 1
9 3 197.4 276.3 1
8 5 312.0 449.1 1
6 10 239.4 318.6 1
7 1 241.8 412.2 1
3 10 52.9 240.9 1
6 8 542.0 779.9 1
5 8 37.7 367.2 1
9 8 170.4 239.5 1
7 4 315.4 406.1 1
0 4 501.4 833.3 1
2 9 166.9 415.1 1
0 7 399.9 587.4 1
0 4 82.3 171.3 1
1 6 324.8 762.4 1
0 6 381.9 737.9 1
0 5 85.9 142.7 1
7 1 116.8 249.5 1
1 3 233.2 665.0 1
3 8 236.6 660.6 1
7 2 60.1 146.3 1
6 2 246.5 485.2 1
8 9 526.9 591.6 1
0 3 140.2 581.0 1
2 7 72.4 318.2 1
6 1 175.9 511.9 1
8 9 534.4 606.3 1
6 4 252.9 424.6 1
0 4 3.4 267.2 1
7 3 367.5 739.1 1
6 4 416.9 620.0 1
3 8 9.8 239.4 1
9 7 32.1 117.5 1
3 1 206.8 467.2 1
2 8 256.3 695.6 1
3 2 499.9 566.3 1
1 10 315.7 490.3 1
8 5 137.8 233.2 1
1 8 327.0 706.9 1
1 10 227.8 631.5 1
8 10 182.2 588.4 1
6 8 524.7 726.4 1
3 6 323.5 469.3 1
8 9 418.5 491.9 1
2 7 178.4 650.4 1
0 7 25.9 223.6 1
6 2 329.0 618.6 1
3 1 361.6 586.8 1
5 8 287.7 418.1 1
4 6 166.7 574.0 1
5 3 181.7 476.9 1
6 1 68.8 504.9 1
2 9 445.6 581.0 1
1 10 510.0 699.9 1
0 5 25.8 290.1 1
1 5 215.2 311.6 1
7 6 10.7 94.4 1
1 6 25.0 317.8 1
5 10 374.5 730.8 1
4 10 478.4 535.5 1
7 8 91.9 375.3 1
5 7 197.6 647.4 1
5 8 13.9 85.8 1
3 8 176.6 535.2 1
6 8 372.3 495.8 1
7 1 409.7 576.0 1
9 6 105.9 410.8 1
1 10 90.1 401.3 1
1 5 461.2 926.3 1
1 9 74.1 257.8 1
4 6 2.7 225.3 1
7 6 452.4 542.3 1
6 9 200.8 644.6 1
7 2 282.6 726.4 1
5 7 374.4 632.4 1
7 10 125.3 208.1 1
3 8 42.8 426.5 1
1 3 507.9 912.0 1
2 8 277.5 626.1 1
4 2 301.2 384.8 1
5 8 380.2 755.0 1
4 2 391.2 840.3 1
4 2 421.2 529.1 1
9 8 474.2 889.8 1
0 9 391.6 758.6 1
EOF
