NUM_STATIONS: 10
NUM_REQUESTS: 20
NUM_VEHICLES: 2
VEHICLE_CAPACITY: 8
DISTANCES
0 1 5.2
1 2 3.6
2 3 9.0
3 4 5.2
4 5 4.6
5 6 6.8
6 7 9.5
7 8 9.5
8 9 7.9
9 0 8.3
REQUEST_SECTION
3 5 16.4 95.1 1
5 3 63.7 158.1 1
0 4 10.3 108.2 1
0 7 53.6 150.0 1
0 5 4.1 94.1 1
3 5 52.6 129.6 1
2 7 19.7 119.6 1
4 5 15.7 114.0 1
7 10 3.3 73.6 1
4 5 62.0 150.8 1
9 5 15.4 90.8 1
5 8 55.4 133.9 1
0 8 63.1 160.2 1
4 5 62.4 134.4 1
1 9 63.4 166.6 1
7 8 42.6 149.5 1
1 3 6.4 81.0 1
1 8 28.7 102.9 1
6 3 26.9 112.5 1
6 7 64.2 172.1 1
EOF
