NUM_STATIONS: 10
NUM_REQUESTS: 40
NUM_VEHICLES: 1
VEHICLE_CAPACITY: 4
DISTANCES
0 1 2.8
1 2 2.9
2 3 8.4
3 4 7.3
4 5 6.1
5 6 1.6
6 7 8.4
7 8 7.7
8 9 3.2
9 0 1.5
REQUEST_SECTION
4 8 188.4 306.8 1
3 10 145.0 387.8 1
6 4 167.4 395.3 1
1 6 248.9 622.0 1
0 4 328.6 574.6 1
5 3 457.3 531.6 1
6 9 131.8 320.7 1
1 10 268.5 416.2 1
1 9 423.0 486.7 1
0 6 235.0 335.2 1
6 9 424.8 570.5 1
5 6 416.2 779.9 1
9 3 381.0 502.0 1
6 2 381.9 661.5 1
9 3 214.9 311.0 1
0 2 220.6 394.4 1
9 5 260.0 568.1 1
7 4 264.3 605.2 1
1 5 403.6 700.0 1
5 4 480.0 885.0 1
8 5 212.0 560.5 1
7 6 227.3 325.9 1
4 1 364.9 740.4 1
4 10 329.8 396.8 1
7 5 493.8 644.3 1
1 10 188.0 565.1 1
3 5 228.7 405.6 1
2 5 350.6 547.0 1
6 8 44.0 436.7 1
4 7 283.6 341.2 1
9 1 236.3 324.0 1
6 3 258.0 343.9 1
8 9 105.5 458.8 1
6 3 86.7 172.4 1
5 2 158.5 263.8 1
8 5 142.2 242.4 1
7 9 435.5 518.9 1
5 4 375.1 612.1 1
0 2 270.9 530.2 1
2 4 275.4 516.8 1
EOF
