NUM_STATIONS: 10
NUM_REQUESTS: 160
NUM_VEHICLES: 2
VEHICLE_CAPACITY: 8
DISTANCES
0 1 6.3
1 2 1.5
2 3 7.8
3 4 9.8
4 5 9.9
5 6 6.9
6 7 1.6
7 8 5.2
8 9 2.2
9 0 6.8
REQUEST_SECTION
3 7 407.6 567.2 1
2 4 470.5 626.8 1
2 7 38.8 187.2 1
7 4 309.5 622.3 1
4 10 9.8 257.2 1
1 4 69.7 351.2 1
2 1 398.3 678.9 1
5 9 170.5 580.9 1
7 3 155.8 466.7 1
0 7 551.9 737.6 1
0 3 162.8 510.7 1
0 5 466.2 525.4 1
0 3 342.9 711.1 1
8 4 497.2 938.4 1
3 4 571.3 637.6 1
0 7 441.2 871.5 1
5 4 320.7 461.8 1
9 8 322.6 692.3 1
8 6 396.8 582.3 1
9 7 498.3 859.1 1
9 4 546.9 752.8 1
2 4 0.4 130.7 1
9 3 354.6 758.0 1
9 5 97.9 307.4 1
1 6 104.7 257.3 1
9 4 39.2 292.4 1
9 2 330.1 711.3 1
7 2 81.1 193.2 1
3 9 203.7 483.7 1
1 2 506.9 862.7 1
5 6 450.9 828.2 1
0 8 133.4 598.4 1
1 4 502.1 800.1 1
8 3 417.1 506.6 1
0 1 201.1 395.7 1
3 2 92.5 381.3 1
9 8 432.4 693.9 1
0 9 377.9 518.8 1
7 6 217.8 577.1 1
6 2 458.4 890.6 1
2 3 309.7 561.6 1
2 3 382.5 623.9 1
2 8 390.1 696.7 1
7 3 364.5 668.1 1
5 1 481.5 595.9 1
9 6 282.9 559.9 1
0 2 60.8 163.8 1
5 2 554.0 867.2 1
0 4 260.9 379.2 1
0 1 45.9 193.4 1
8 5 331.0 812.5 1
1 9 335.6 789.7 1
9 10 121.9 489.9 1
9 10 371.5 486.5 1
3 10 346.0 667.3 1
0 5 124.6 367.3 1
9 3 197.4 464.4 1
1 7 194.0 529.8 1
2 9 324.8 598.2 1
2 9 284.3 738.3 1
2 7 299.4 512.3 1
5 1 345.5 793.8 1
6 4 312.0 660.0 1
1 4 330.8 455.9 1
5 3 301.9 602.3 1
2 5 42.0 125.6 1
4 10 451.4 620.1 1
0 6 240.7 380.8 1
3 2 306.7 690.7 1
6 1 111.9 414.9 1
6 1 463.0 612.8 1
7 1 380.7 722.4 1
9 10 10.5 206.2 1
3 4 206.8 507.8 1
3 6 61.9 179.8 1
1 4 59.3 239.0 1
2 4 176.4 562.9 1
6 9 435.3 691.9 1
3 7 320.8 484.4 1
9 4 503.2 785.2 1
5 4 405.6 547.4 1
0 3 458.9 780.4 1
1 3 172.4 414.3 1
9 1 71.9 238.4 1
4 3 173.4 246.4 1
9 10 110.1 208.7 1
8 7 237.9 500.5 1
1 7 280.4 636.4 1
7 6 227.4 603.4 1
2 5 374.7 724.5 1
0 2 54.8 289.1 1
5 7 579.3 777.7 1
3 7 287.3 638.2 1
4 10 93.6 501.5 1
5 10 309.5 773.3 1
7 5 460.4 551.3 1
1 6 7.8 158.3 1
7 1 570.2 998.5 1
1 5 210.5 278.8 1
6 8 184.0 462.9 1
3 5 304.7 713.1 1
9 7 97.8 312.2 1
4 9 446.0 775.6 1
7 4 128.8 272.1 1
4 9 401.8 582.2 1
8 2 452.0 725.7 1
4 9 122.2 391.0 1
2 1 503.8 657.6 1
8 10 462.2 624.2 1
5 1 402.6 718.9 1
9 1 445.9 555.4 1
0 4 262.7 658.1 1
0 2 520.4 824.6 1
6 1 30.7 450.4 1
5 4 67.1 510.4 1
5 1 442.4 896.4 1
0 9 358.3 451.6 1
6 9 187.3 258.8 1
6 5 67.7 210.7 1
7 9 321.6 549.1 1
8 6 323.0 514.5 1
1 6 573.6 886.5 1
2 8 28.7 453.5 1
1 9 323.6 679.5 1
0 8 186.7 402.2 1
7 1 504.6 784.5 1
3 9 263.3 523.0 1
7 10 60.9 155.6 1
2 4 110.2 595.3 1
8 7 35.8 361.2 1
7 1 349.9 458.3 1
3 7 222.8 687.5 1
9 5 228.0 573.9 1
0 8 291.4 701.2 1
9 3 349.4 837.3 1
5 8 184.5 243.1 1
1 3 16.1 477.9 1
1 9 94.8 381.0 1
5 9 64.5 222.7 1
2 5 39.9 515.2 1
8 3 342.7 719.5 1
1 8 503.0 678.0 1
6 9 400.9 856.1 1
0 9 96.5 156.0 1
4 7 80.5 561.0 1
2 8 421.4 609.6 1
1 6 451.5 555.3 1
1 10 152.0 466.7 1
0 5 43.1 156.7 1
3 9 123.7 365.9 1
5 9 162.9 258.8 1
4 5 294.6 482.3 1
7 1 322.0 400.2 1
9 1 492.4 953.1 1
4 10 465.4 818.0 1
6 1 325.0 739.0 1
7 3 306.9 723.1 1
3 8 301.5 628.3 1
0 9 283.4 642.1 1
5 3 121.6 207.8 1
EOF
