NUM_STATIONS: 10
NUM_REQUESTS: 20
NUM_VEHICLES: 3
VEHICLE_CAPACITY: 4
DISTANCES
0 1 5.2
1 2 3.6
2 3 9.0
3 4 5.2
4 5 4.6
5 6 6.8
6 7 9.5
7 8 9.5
8 9 7.9
9 0 8.3
REQUEST_SECTION
3 5 6.2 79.8 1
5 3 0.2 98.8 1
0 4 106.1 177.4 1
0 7 98.5 208.2 1
0 5 45.2 155.2 1
3 5 97.0 221.8 1
2 7 40.9 131.0 1
4 5 104.6 210.5 1
7 10 91.1 189.8 1
4 5 81.5 194.8 1
9 5 3.0 86.2 1
5 8 14.3 122.9 1
0 8 70.7 189.5 1
4 5 9.2 120.8 1
1 9 83.8 187.9 1
7 8 102.9 188.7 1
1 3 94.9 220.6 1
1 8 115.2 223.3 1
6 3 46.2 143.4 1
6 7 38.6 120.8 1
EOF
