NUM_STATIONS: 10
NUM_REQUESTS: 20
NUM_VEHICLES: 3
VEHICLE_CAPACITY: 4
DISTANCES
0 1 10.0
1 2 3.1
2 3 7.4
3 4 2.1
4 5 5.5
5 6 6.0
6 7 3.5
7 8 7.1
8 9 7.6
9 0 5.4
REQUEST_SECTION
4 9 54.2 143.2 1
8 3 34.8 134.5 1
4 3 21.9 104.2 1
5 2 8.1 72.6 1
7 5 0.5 94.7 1
3 6 62.2 142.7 1
9 4 24.0 100.8 1
5 4 29.1 120.8 1
7 6 14.7 85.2 1
5 4 76.7 152.5 1
6 8 29.2 111.0 1
3 1 52.6 123.8 1
3 10 62.4 156.4 1
8 9 56.4 152.2 1
8 3 14.6 89.3 1
3 2 73.7 148.8 1
0 3 90.6 196.3 1
1 3 26.7 88.7 1
7 5 19.5 85.3 1
8 7 0.6 95.9 1
EOF
