NUM_STATIONS: 10
NUM_REQUESTS: 160
NUM_VEHICLES: 2
VEHICLE_CAPACITY: 1
DISTANCES
0 1 3.3
1 2 8.6
2 3 9.8
3 4 4.8
4 5 3.7
5 6 5.0
6 7 1.8
7 8 2.0
8 9 1.3
9 0 2.7
REQUEST_SECTION
9 3 1197.5 3394.1 1
8 4 21.6 2626.1 1
4 8 2460.1 3852.3 1
6 3 734.2 2534.6 1
8 2 1900.2 3097.0 1
7 2 789.4 1935.5 1
8 1 1300.6 3519.5 1
6 4 2325.8 3922.5 1
7 2 85.5 688.6 1
2 6 1549.7 1801.6 1
3 7 2281.1 4428.4 1
8 4 643.8 3113.8 1
0 8 1044.6 2011.7 1
8 10 175.7 2756.3 1
8 2 886.0 2656.2 1
4 2 1946.8 2009.2 1
3 5 280.9 1982.0 1
5 7 2133.3 3309.0 1
3 7 2503.5 3049.2 1
7 4 2091.3 3086.5 1
6 7 497.4 1986.2 1
3 7 1267.5 2414.9 1
5 2 1043.4 2907.5 1
4 7 2154.3 3840.7 1
3 5 650.0 952.3 1
1 3 2006.5 3870.1 1
9 10 1543.6 3283.2 1
3 6 1258.8 3426.8 1
3 7 733.2 1188.7 1
7 10 789.8 2083.4 1
8 9 1998.0 4224.8 1
3 9 2564.3 3522.6 1
4 7 1750.3 3307.9 1
4 6 1208.2 3167.0 1
6 10 1194.0 1946.7 1
1 3 1597.4 3412.4 1
8 7 867.0 3075.0 1
8 10 1211.8 1719.2 1
2 1 1731.9 3338.9 1
5 1 590.2 2133.9 1
2 4 2297.9 3027.6 1
5 10 1186.7 3199.2 1
8 6 523.3 1303.8 1
5 2 21.6 2552.2 1
6 2 259.4 334.6 1
5 4 2078.2 4561.7 1
0 9 159.1 823.6 1
3 4 754.7 1947.9 1
0 2 772.9 2268.1 1
9 7 1268.1 2504.9 1
8 3 49.9 719.2 1
1 4 1357.6 2512.5 1
3 1 122.4 2504.0 1
2 7 1613.9 3645.1 1
3 10 730.3 3021.7 1
2 4 882.7 3220.9 1
5 8 2162.6 3015.2 1
8 1 262.1 655.6 1
2 3 778.8 1152.8 1
6 8 1967.6 3905.6 1
8 10 2556.0 4500.2 1
6 8 898.7 1706.7 1
2 6 1764.0 3423.3 1
6 7 1413.0 3550.3 1
7 2 1586.0 3873.5 1
0 7 635.4 2751.5 1
3 5 669.7 1949.1 1
4 5 1631.0 3079.8 1
5 2 1879.0 3959.4 1
5 4 334.6 2838.1 1
5 3 620.4 2571.6 1
3 10 1866.0 2369.5 1
6 7 1310.9 1992.5 1
2 9 2411.7 3367.0 1
1 8 1379.9 2763.7 1
0 1 11.0 1751.1 1
2 9 1646.1 3163.6 1
9 5 1252.6 1569.0 1
6 5 444.3 2284.7 1
3 7 2450.0 2875.0 1
7 1 2085.5 2699.4 1
3 2 2208.1 3890.1 1
2 7 2163.5 2920.9 1
1 8 830.2 1224.8 1
1 10 841.9 3260.9 1
9 8 2379.0 2773.7 1
7 8 1495.7 2444.0 1
2 7 528.1 1108.7 1
6 1 2174.1 3444.9 1
7 3 2546.5 4173.2 1
8 2 1476.9 3340.9 1
2 6 631.7 1751.9 1
8 6 623.2 1054.7 1
1 3 1442.4 3048.9 1
9 5 186.6 351.9 1
0 3 2499.3 3297.1 1
5 10 1532.1 3435.5 1
7 3 616.1 1891.2 1
5 10 1153.0 3327.6 1
6 2 659.3 1888.0 1
6 8 787.1 1204.9 1
8 5 1915.5 2914.0 1
0 2 961.2 2933.5 1
9 5 2285.3 4659.6 1
8 3 842.1 2991.4 1
4 9 152.9 2174.6 1
4 9 300.4 2496.7 1
1 6 757.3 2988.3 1
9 4 1376.7 2742.5 1
9 6 1777.4 3601.4 1
0 2 2489.1 2976.2 1
6 8 916.8 1609.6 1
6 2 551.1 2904.6 1
2 6 202.2 1554.7 1
6 3 2046.3 2701.1 1
7 3 975.7 3427.6 1
3 9 1717.7 3564.7 1
6 10 256.6 1275.9 1
3 2 1839.6 4174.3 1
9 1 433.1 1386.9 1
6 9 2475.4 3796.4 1
4 9 1861.3 2733.3 1
3 9 2298.4 4820.5 1
8 5 606.9 3096.1 1
4 5 2023.6 2361.2 1
0 4 2004.8 4374.1 1
5 8 1224.1 2505.8 1
9 10 349.7 866.5 1
0 2 1132.2 2906.7 1
1 3 2178.7 3666.7 1
4 2 1625.6 2981.9 1
4 3 2359.7 2756.9 1
0 1 2432.8 3109.6 1
9 3 721.6 2137.6 1
5 6 1896.3 3571.4 1
4 9 1832.8 3896.8 1
5 2 756.0 1157.8 1
0 6 897.0 2060.1 1
1 9 1724.9 1897.7 1
9 3 1121.7 3403.7 1
4 10 2045.2 4158.6 1
2 7 1309.9 2501.2 1
5 1 619.2 1402.7 1
3 10 1598.7 2677.0 1
3 6 1492.7 2512.4 1
2 4 2058.4 2431.8 1
0 4 1890.7 3380.8 1
0 8 976.4 3050.4 1
3 5 527.4 2723.1 1
0 3 930.8 3195.1 1
3 8 1546.1 3506.7 1
4 9 1224.8 2801.5 1
3 10 1004.8 3056.3 1
6 3 198.1 2627.3 1
7 3 619.6 3133.6 1
6 10 1396.8 3794.4 1
9 7 2287.3 4516.4 1
0 6 884.9 1377.9 1
6 5 2413.3 4537.2 1
7 4 1049.7 2068.1 1
EOF
