NUM_STATIONS: 10
NUM_REQUESTS: 20
NUM_VEHICLES: 1
VEHICLE_CAPACITY: 8
DISTANCES
0 1 5.2
1 2 3.6
2 3 9.0
3 4 5.2
4 5 4.6
5 6 6.8
6 7 9.5
7 8 9.5
8 9 7.9
9 0 8.3
REQUEST_SECTION
3 5 111.8 252.1 1
5 3 83.0 153.3 1
0 4 14.0 121.8 1
0 7 29.9 184.0 1
0 5 64.9 215.7 1
3 5 35.5 167.5 1
2 7 38.0 148.6 1
4 5 107.7 245.8 1
7 10 27.0 131.9 1
4 5 105.4 262.0 1
9 5 73.2 226.5 1
5 8 67.8 137.9 1
0 8 31.6 138.8 1
4 5 92.4 180.8 1
1 9 74.0 208.4 1
7 8 59.9 151.6 1
1 3 68.5 211.7 1
1 8 89.6 211.9 1
6 3 59.8 197.7 1
6 7 66.7 190.2 1
EOF
