NUM_STATIONS: 10
NUM_REQUESTS: 160
NUM_VEHICLES: 3
VEHICLE_CAPACITY: 2
DISTANCES
0 1 6.3
1 2 7.7
2 3 3.8
3 4 4.5
4 5 9.5
5 6 2.1
6 7 8.1
7 8 3.8
8 9 3.5
9 0 1.8
REQUEST_SECTION
8 5 665.5 1257.4 1
2 7 1062.0 1533.8 1
0 6 967.3 1116.9 1
4 2 838.2 1337.9 1
6 1 448.1 1118.4 1
6 5 1253.8 1681.2 1
4 5 523.8 598.2 1
1 7 229.3 598.2 1
9 1 165.2 247.9 1
8 4 668.9 953.4 1
6 8 255.0 361.8 1
3 10 1010.2 1299.2 1
9 6 545.4 740.8 1
1 3 855.4 972.0 1
9 1 320.3 787.7 1
6 5 459.8 773.7 1
1 10 930.8 1386.7 1
0 8 753.2 1344.3 1
7 10 889.2 975.4 1
2 5 366.3 990.9 1
3 9 750.2 1016.9 1
9 5 421.8 522.8 1
2 4 295.0 346.3 1
0 5 1310.8 1886.2 1
6 5 1162.1 1766.7 1
1 3 853.8 1342.0 1
7 5 166.8 842.7 1
0 4 1205.7 1411.4 1
2 10 61.6 682.0 1
1 10 1237.1 1499.1 1
4 1 1201.9 1555.2 1
5 8 807.9 945.6 1
8 5 869.8 978.6 1
4 10 469.8 962.8 1
6 3 470.4 750.4 1
6 5 1236.3 1771.5 1
1 7 1075.4 1436.9 1
3 1 207.2 450.1 1
0 3 1139.5 1217.9 1
3 2 297.2 788.2 1
7 4 3.2 685.3 1
6 4 1272.3 1859.6 1
3 8 590.8 1239.0 1
7 2 1231.2 1790.8 1
8 3 1307.2 1397.5 1
8 2 237.8 453.0 1
2 3 484.6 1124.1 1
0 1 1212.4 1484.0 1
5 8 662.4 793.9 1
2 7 1149.2 1451.7 1
8 4 661.7 817.1 1
3 8 435.0 592.3 1
2 5 848.5 1475.0 1
4 1 196.7 478.8 1
6 4 20.6 137.7 1
4 5 481.3 592.2 1
6 7 1143.1 1752.3 1
2 8 501.0 666.0 1
8 10 287.2 979.6 1
9 8 136.7 360.1 1
9 3 495.5 867.3 1
8 9 1208.7 1772.7 1
8 9 427.1 577.2 1
8 10 904.0 1582.7 1
3 9 871.1 1402.0 1
2 8 368.6 789.7 1
7 3 754.9 1019.3 1
1 8 436.7 1150.4 1
9 1 1238.2 1397.5 1
4 6 700.5 1304.3 1
2 10 408.9 984.8 1
0 3 1115.0 1842.1 1
0 5 1252.5 1358.1 1
5 3 562.1 1003.4 1
9 3 440.7 1003.5 1
9 4 1097.9 1826.8 1
3 2 1028.3 1644.0 1
5 4 57.5 188.5 1
7 1 268.2 465.1 1
0 7 517.0 1094.6 1
5 8 1080.2 1139.3 1
9 1 511.5 677.5 1
3 4 1105.3 1349.4 1
4 9 1035.4 1677.1 1
5 1 1073.8 1279.3 1
5 2 29.5 538.7 1
2 1 33.4 301.1 1
8 2 131.8 296.9 1
0 8 107.0 465.4 1
3 1 117.4 308.4 1
2 10 577.1 1037.2 1
0 8 527.7 668.3 1
6 9 1245.7 1325.0 1
3 8 220.7 277.2 1
4 2 309.9 807.1 1
7 4 728.5 1212.5 1
9 1 1256.9 1553.5 1
7 8 601.4 1093.0 1
4 7 409.2 587.7 1
8 5 707.0 1063.0 1
8 7 928.5 1004.1 1
3 1 1301.1 1557.3 1
6 3 408.2 902.5 1
5 9 952.1 1222.3 1
3 7 587.4 1206.9 1
2 7 1274.0 1780.9 1
2 7 1285.4 1637.0 1
9 10 325.9 868.9 1
0 8 1231.9 1399.5 1
7 8 413.1 809.8 1
4 3 556.4 1090.4 1
6 7 896.6 1066.2 1
1 6 389.8 598.0 1
5 1 384.6 971.8 1
4 9 1148.6 1746.9 1
3 8 691.9 899.7 1
5 7 397.1 944.5 1
6 9 188.8 568.3 1
1 5 27.8 309.0 1
8 2 233.2 334.5 1
9 10 512.7 759.8 1
5 7 56.5 773.1 1
5 4 135.0 785.5 1
7 6 1073.6 1627.5 1
5 9 92.5 442.9 1
9 7 72.8 195.9 1
3 5 714.5 951.4 1
5 9 422.3 1125.6 1
7 8 573.0 799.0 1
0 5 330.9 930.1 1
6 3 63.3 501.9 1
2 5 912.1 1396.4 1
9 8 818.8 1281.7 1
1 10 1256.3 1585.3 1
4 6 1172.1 1634.3 1
4 9 119.5 815.0 1
6 7 807.2 873.8 1
8 1 18.3 442.4 1
7 2 1202.8 1378.4 1
8 7 672.3 760.8 1
6 8 38.4 242.4 1
1 6 722.2 1247.1 1
0 3 192.8 855.9 1
5 1 110.0 477.8 1
0 4 199.6 407.5 1
9 4 271.5 541.5 1
1 10 400.9 843.8 1
8 5 1332.0 2060.4 1
7 6 1192.7 1325.1 1
3 9 262.4 773.7 1
0 8 378.7 654.5 1
2 9 75.7 379.3 1
9 8 55.5 385.1 1
1 9 1352.5 1543.0 1
1 8 101.4 334.8 1
0 5 1149.5 1508.4 1
4 6 941.1 1032.3 1
7 5 523.2 969.2 1
9 6 824.8 1418.4 1
8 5 806.9 911.3 1
EOF
