NUM_STATIONS: 10
NUM_REQUESTS: 40
NUM_VEHICLES: 2
VEHICLE_CAPACITY: 8
DISTANCES
0 1 5.5
1 2 7.8
2 3 7.1
3 4 4.8
4 5 4.5
5 6 3.9
6 7 2.7
7 8 6.4
8 9 8.5
9 0 7.6
REQUEST_SECTION
8 7 53.9 209.7 1
8 6 22.8 112.1 1
7 5 84.3 170.6 1
5 10 30.3 121.1 1
6 9 99.7 243.3 1
3 4 46.7 113.6 1
4 2 81.0 155.9 1
5 3 58.1 183.9 1
5 10 108.4 235.5 1
2 9 4.3 114.4 1
2 8 74.9 181.7 1
0 7 85.3 149.9 1
4 5 54.2 157.8 1
3 9 34.6 102.8 1
5 7 48.9 153.9 1
8 4 67.9 160.8 1
9 8 98.1 170.8 1
2 10 8.9 177.0 1
4 7 19.2 145.1 1
4 10 70.9 153.7 1
7 2 92.5 187.5 1
3 5 13.4 129.1 1
1 9 96.2 163.5 1
9 8 44.3 200.3 1
5 1 87.7 178.0 1
5 3 76.6 209.7 1
5 8 9.1 114.2 1
5 6 51.1 158.9 1
0 1 83.8 226.8 1
5 2 20.6 107.2 1
5 3 72.8 172.6 1
1 10 71.2 179.0 1
2 4 15.1 123.8 1
8 3 94.8 207.5 1
5 7 81.4 141.7 1
1 10 37.0 188.1 1
5 1 79.2 245.3 1
2 6 85.4 188.4 1
7 5 82.7 209.8 1
8 7 104.0 231.0 1
EOF
