NUM_STATIONS: 10
NUM_REQUESTS: 20
NUM_VEHICLES: 2
VEHICLE_CAPACITY: 8
DISTANCES
0 1 6.6
1 2 8.7
2 3 5.9
3 4 9.0
4 5 3.2
5 6 7.2
6 7 4.7
7 8 8.2
8 9 3.5
9 0 6.8
REQUEST_SECTION
3 5 22.2 105.7 1
1 7 10.2 88.9 1
4 5 56.9 134.8 1
0 6 20.0 141.0 1
1 7 48.1 161.1 1
6 7 68.4 172.4 1
0 8 79.6 178.7 1
1 4 78.1 152.4 1
0 5 33.8 147.8 1
6 1 46.7 138.9 1
0 8 50.3 147.4 1
8 2 41.4 112.4 1
8 2 16.7 120.5 1
4 1 30.5 134.5 1
4 7 71.6 152.2 1
5 10 34.5 106.7 1
7 3 64.4 133.2 1
6 2 79.1 195.8 1
0 8 32.4 130.2 1
5 8 33.0 145.7 1
EOF
