NUM_STATIONS: 10
NUM_REQUESTS: 160
NUM_VEHICLES: 1
VEHICLE_CAPACITY: 2
DISTANCES
0 1 7.9
1 2 8.7
2 3 5.6
3 4 8.4
4 5 6.3
5 6 1.2
6 7 4.8
7 8 8.8
8 9 1.4
9 0 2.6
REQUEST_SECTION
0 1 2382.8 3615.1 1
7 1 669.3 3238.0 1
6 4 422.6 2020.7 1
1 3 3142.3 6446.5 1
3 4 740.8 3114.1 1
6 5 1144.3 2935.7 1
7 4 563.5 2369.7 1
2 1 1735.0 4936.3 1
6 2 611.2 1462.9 1
1 2 1058.6 1401.3 1
1 6 167.6 3505.8 1
5 4 978.0 3722.7 1
4 2 513.1 1583.8 1
8 6 692.4 1064.8 1
6 7 529.2 3009.5 1
7 1 1473.3 3129.5 1
6 5 40.2 1325.1 1
0 8 803.0 3820.3 1
9 7 1385.9 1993.6 1
7 3 675.8 3505.8 1
5 6 1388.7 3777.6 1
1 10 3003.5 3581.6 1
9 4 983.6 1628.6 1
0 1 168.0 707.8 1
3 5 1273.4 3352.8 1
8 7 529.7 1404.9 1
3 8 3246.3 5519.7 1
0 1 3321.8 4146.1 1
7 2 3321.5 4459.2 1
4 6 2857.6 3060.7 1
1 9 1960.9 4532.0 1
1 7 5.7 507.4 1
7 10 794.4 2564.5 1
4 6 559.5 2394.7 1
7 5 2155.5 4241.1 1
8 1 1859.4 3562.8 1
2 8 3190.1 4543.5 1
3 10 787.5 3974.0 1
7 8 1777.4 4743.4 1
7 10 1089.8 2844.2 1
3 7 3085.3 4726.3 1
9 10 2995.3 4777.3 1
5 2 534.1 3032.9 1
7 1 3238.3 5094.9 1
1 10 230.1 3573.8 1
9 10 1824.8 5138.5 1
3 4 2465.6 4571.7 1
9 10 186.6 1334.0 1
5 6 2657.7 5457.5 1
1 4 439.3 2139.3 1
1 3 2219.6 3936.1 1
8 2 415.2 3292.1 1
2 7 1467.3 2230.1 1
8 1 873.5 2224.0 1
3 6 1832.5 4745.4 1
6 7 2845.6 5460.6 1
4 9 2857.9 6110.4 1
3 5 1485.4 2890.4 1
5 6 1183.1 1979.0 1
9 5 1188.7 3139.3 1
4 10 404.1 1492.4 1
0 4 1515.7 3633.4 1
9 10 2236.9 3577.3 1
1 7 2085.1 2963.1 1
8 6 1239.9 2904.6 1
2 8 2719.0 6023.8 1
5 1 335.1 1057.3 1
9 1 200.0 2503.0 1
8 4 2512.4 5148.4 1
6 4 1385.0 2920.7 1
3 5 2648.2 2814.8 1
7 1 542.2 2463.1 1
0 7 1685.7 2808.4 1
5 9 836.4 3624.3 1
1 9 241.5 3068.4 1
4 1 1081.8 1326.9 1
9 3 576.4 2241.9 1
8 5 942.1 1358.1 1
6 10 736.7 3460.6 1
7 1 2531.9 5882.7 1
3 10 3120.5 5985.4 1
6 8 1421.1 3435.4 1
5 8 1213.9 3732.7 1
9 8 1831.7 4138.5 1
7 4 185.2 3012.2 1
0 4 2221.7 3757.2 1
2 9 1649.3 4937.6 1
0 7 2764.0 4265.2 1
0 4 1603.5 4959.6 1
1 6 973.9 1277.0 1
0 6 2055.5 5130.5 1
0 5 244.7 2496.7 1
7 1 1762.9 4625.8 1
1 3 891.5 4259.5 1
3 8 39.3 909.3 1
7 2 1805.4 3685.5 1
6 2 2446.3 3839.0 1
8 9 2374.6 3612.4 1
0 3 2150.4 4836.6 1
2 7 2689.4 4246.4 1
6 1 2658.3 3714.3 1
8 9 1715.8 2217.8 1
6 4 2215.8 5190.0 1
0 4 1483.3 4354.8 1
7 3 2243.3 4106.2 1
6 4 256.3 3310.1 1
3 8 210.5 1771.0 1
9 7 2794.9 5935.4 1
3 1 2577.1 5567.2 1
2 8 584.5 1359.5 1
3 2 1487.3 4103.7 1
1 10 288.3 3128.2 1
8 5 991.0 3783.7 1
1 8 3154.1 5553.8 1
1 10 3050.7 5392.6 1
8 10 256.6 2009.0 1
6 8 2328.8 3237.4 1
3 6 3319.5 5608.1 1
8 9 310.0 2453.5 1
2 7 2150.1 2697.9 1
0 7 834.0 3283.2 1
6 2 2161.8 3603.7 1
3 1 933.5 1431.4 1
5 8 2925.2 4033.9 1
4 6 2572.5 3451.3 1
5 3 1017.7 1530.5 1
6 1 2348.6 2626.8 1
2 9 1811.2 4071.9 1
1 10 1468.5 4570.9 1
0 5 3111.0 4707.1 1
1 5 3089.7 4543.8 1
7 6 2151.2 3086.0 1
1 6 2563.6 5713.3 1
5 10 2230.5 4307.6 1
4 10 1192.2 3759.1 1
7 8 289.0 2394.4 1
5 7 2231.2 3644.3 1
5 8 1914.6 2515.5 1
3 8 3033.5 3985.8 1
6 8 1619.2 2347.7 1
7 1 2242.8 4813.0 1
9 6 1620.5 3406.0 1
1 10 2503.4 4241.2 1
1 5 279.3 2825.9 1
1 9 846.5 3070.8 1
4 6 29.2 2996.5 1
7 6 710.6 2895.6 1
6 9 2722.4 2898.4 1
7 2 983.1 3363.1 1
5 7 2110.0 5204.1 1
7 10 2705.3 4227.4 1
3 8 1558.9 2992.0 1
1 3 2201.5 4463.5 1
2 8 3201.4 3536.9 1
4 2 1245.1 4084.8 1
5 8 3308.0 6222.8 1
4 2 3022.1 4276.4 1
4 2 255.2 2067.5 1
9 8 1100.4 1455.6 1
0 9 3075.4 5519.8 1
EOF
