NUM_STATIONS: 10
NUM_REQUESTS: 20
NUM_VEHICLES: 3
VEHICLE_CAPACITY: 8
DISTANCES
0 1 10.0
1 2 3.1
2 3 7.4
3 4 2.1
4 5 5.5
5 6 6.0
6 7 3.5
7 8 7.1
8 9 7.6
9 0 5.4
REQUEST_SECTION
4 9 45.4 126.6 1
8 3 14.0 85.5 1
4 3 8.7 89.5 1
5 2 21.7 80.7 1
7 5 41.4 114.3 1
3 6 9.8 89.1 1
9 4 44.0 102.3 1
5 4 18.4 80.1 1
7 6 47.3 112.0 1
5 4 41.6 119.4 1
6 8 40.2 110.9 1
3 1 26.1 107.7 1
3 10 19.9 97.9 1
8 9 0.8 79.8 1
8 3 14.2 95.0 1
3 2 1.6 77.4 1
0 3 41.6 122.6 1
1 3 9.1 86.3 1
7 5 45.3 114.3 1
8 7 45.7 111.5 1
EOF
