NUM_STATIONS: 10
NUM_REQUESTS: 40
NUM_VEHICLES: 3
VEHICLE_CAPACITY: 1
DISTANCES
0 1 5.5
1 2 7.8
2 3 7.1
3 4 4.8
4 5 4.5
5 6 3.9
6 7 2.7
7 8 6.4
8 9 8.5
9 0 7.6
REQUEST_SECTION
8 7 200.0 536.6 1
8 6 389.7 790.7 1
7 5 428.5 520.7 1
5 10 355.9 712.6 1
6 9 121.0 347.0 1
3 4 441.4 643.1 1
4 2 340.6 724.7 1
5 3 416.5 748.9 1
5 10 464.9 536.6 1
2 9 83.4 411.0 1
2 8 500.5 626.6 1
0 7 340.6 528.8 1
4 5 259.9 571.4 1
3 9 19.1 289.4 1
5 7 324.2 695.7 1
8 4 5.2 317.5 1
9 8 50.1 403.2 1
2 10 98.0 204.7 1
4 7 475.4 593.3 1
4 10 113.8 382.9 1
7 2 351.2 451.5 1
3 5 59.3 242.3 1
1 9 185.0 290.7 1
9 8 341.1 509.1 1
5 1 178.9 341.3 1
5 3 348.6 611.0 1
5 8 503.5 722.1 1
5 6 478.7 802.0 1
0 1 337.3 691.9 1
5 2 79.3 166.7 1
5 3 9.8 265.1 1
1 10 484.0 860.3 1
2 4 336.5 731.4 1
8 3 339.4 526.6 1
5 7 553.2 715.2 1
1 10 15.1 240.2 1
5 1 70.0 134.6 1
2 6 540.7 736.2 1
7 5 179.5 299.2 1
8 7 383.1 799.5 1
EOF
