NUM_STATIONS: 10
NUM_REQUESTS: 20
NUM_VEHICLES: 1
VEHICLE_CAPACITY: 8
DISTANCES
0 1 10.0
1 2 3.1
2 3 7.4
3 4 2.1
4 5 5.5
5 6 6.0
6 7 3.5
7 8 7.1
8 9 7.6
9 0 5.4
REQUEST_SECTION
4 9 101.6 222.3 1
8 3 16.5 94.9 1
4 3 20.4 131.8 1
5 2 14.9 75.3 1
7 5 22.8 125.1 1
3 6 76.1 147.8 1
9 4 106.7 217.6 1
5 4 79.9 141.1 1
7 6 16.1 116.7 1
5 4 97.8 206.2 1
6 8 104.1 171.6 1
3 1 105.1 174.9 1
3 10 75.1 133.0 1
8 9 111.5 225.9 1
8 3 54.1 144.8 1
3 2 137.5 255.2 1
0 3 121.5 190.8 1
1 3 113.3 225.0 1
7 5 17.0 107.3 1
8 7 138.2 259.5 1
EOF
