NUM_STATIONS: 10
NUM_REQUESTS: 160
NUM_VEHICLES: 3
VEHICLE_CAPACITY: 2
DISTANCES
0 1 7.9
1 2 8.7
2 3 5.6
3 4 8.4
4 5 6.3
5 6 1.2
6 7 4.8
7 8 8.8
8 9 1.4
9 0 2.6
REQUEST_SECTION
0 1 397.5 540.7 1
7 1 921.1 1101.0 1
6 4 403.5 1257.2 1
1 3 637.2 741.6 1
3 4 706.0 1854.1 1
6 5 773.8 1364.5 1
7 4 296.2 573.1 1
2 1 975.9 2015.1 1
6 2 951.6 1166.7 1
1 2 700.0 1567.1 1
1 6 473.0 1488.8 1
5 4 1032.5 1354.9 1
4 2 411.1 1026.6 1
8 6 955.2 1080.1 1
6 7 596.1 1393.5 1
7 1 769.6 1574.6 1
6 5 147.3 548.8 1
0 8 317.3 1255.4 1
9 7 679.0 1570.0 1
7 3 249.7 968.7 1
5 6 175.0 1083.3 1
1 10 670.2 1829.3 1
9 4 1109.1 1579.2 1
0 1 945.9 1836.5 1
3 5 110.0 460.7 1
8 7 583.0 1506.4 1
3 8 579.0 1166.8 1
0 1 505.2 896.3 1
7 2 1070.8 1445.4 1
4 6 172.5 492.6 1
1 9 845.3 1891.2 1
1 7 1023.4 1709.0 1
7 10 1034.3 2080.4 1
4 6 533.0 1636.2 1
7 5 481.4 672.3 1
8 1 744.1 1192.8 1
2 8 360.0 1355.6 1
3 10 1076.3 1259.5 1
7 8 1028.4 2006.4 1
7 10 383.5 1488.9 1
3 7 766.5 1253.0 1
9 10 354.6 887.0 1
5 2 1027.6 2042.3 1
7 1 679.8 1491.0 1
1 10 1105.1 1828.4 1
9 10 366.0 862.8 1
3 4 220.2 1353.6 1
9 10 81.5 353.9 1
5 6 1072.8 1585.2 1
1 4 968.8 1491.8 1
1 3 545.3 716.1 1
8 2 376.2 723.2 1
2 7 607.1 913.8 1
8 1 8.3 557.9 1
3 6 588.9 1064.0 1
6 7 199.8 542.6 1
4 9 534.9 794.0 1
3 5 268.7 594.4 1
5 6 202.8 939.2 1
9 5 944.0 1299.4 1
4 10 17.1 105.1 1
0 4 962.3 1387.1 1
9 10 805.1 1463.0 1
1 7 544.3 1502.8 1
8 6 819.0 1572.1 1
2 8 503.0 1115.5 1
5 1 247.6 997.9 1
9 1 779.8 1028.6 1
8 4 575.9 717.2 1
6 4 532.4 1671.9 1
3 5 81.4 677.8 1
7 1 226.4 727.7 1
0 7 685.4 1279.4 1
5 9 56.7 329.7 1
1 9 702.9 1855.5 1
4 1 720.2 1755.2 1
9 3 966.4 1379.2 1
8 5 865.9 1192.1 1
6 10 1097.4 2159.7 1
7 1 588.9 1278.5 1
3 10 28.5 580.0 1
6 8 834.6 1845.5 1
5 8 949.9 1301.8 1
9 8 280.4 1279.3 1
7 4 239.5 1098.4 1
0 4 734.4 907.4 1
2 9 667.2 1032.2 1
0 7 329.7 1475.5 1
0 4 573.0 934.6 1
1 6 42.1 839.1 1
0 6 424.3 1475.4 1
0 5 579.9 879.3 1
7 1 739.3 1211.8 1
1 3 687.6 1563.8 1
3 8 465.0 528.9 1
7 2 656.5 1306.4 1
6 2 998.8 2093.2 1
8 9 911.6 1606.8 1
0 3 427.0 784.6 1
2 7 581.3 1690.1 1
6 1 998.8 1763.0 1
8 9 406.8 1186.8 1
6 4 1035.3 1684.9 1
0 4 411.0 1033.2 1
7 3 980.3 1816.1 1
6 4 26.0 570.0 1
3 8 363.1 1428.9 1
9 7 15.3 1080.8 1
3 1 893.7 1224.2 1
2 8 515.7 1489.3 1
3 2 260.9 829.6 1
1 10 108.6 913.5 1
8 5 768.9 1168.1 1
1 8 273.8 483.9 1
1 10 667.4 1320.1 1
8 10 77.6 177.5 1
6 8 110.5 675.3 1
3 6 1048.3 2020.1 1
8 9 745.3 1566.6 1
2 7 406.3 921.8 1
0 7 774.8 895.7 1
6 2 401.6 1243.6 1
3 1 157.3 489.9 1
5 8 782.0 1355.6 1
4 6 1071.7 1296.1 1
5 3 1030.8 2115.2 1
6 1 480.0 1122.0 1
2 9 570.1 1585.7 1
1 10 34.7 1149.4 1
0 5 167.8 720.2 1
1 5 72.7 811.5 1
7 6 542.4 1274.8 1
1 6 716.8 1859.2 1
5 10 292.3 618.4 1
4 10 227.3 1210.0 1
7 8 286.4 363.7 1
5 7 251.7 1204.7 1
5 8 1039.6 1168.2 1
3 8 315.2 1263.3 1
6 8 212.8 630.2 1
7 1 114.5 680.3 1
9 6 162.0 1175.1 1
1 10 873.4 1068.1 1
1 5 357.9 1396.4 1
1 9 919.6 1412.1 1
4 6 202.9 1146.4 1
7 6 144.0 993.2 1
6 9 440.4 530.3 1
7 2 701.2 911.1 1
5 7 821.7 1924.1 1
7 10 782.0 1635.5 1
3 8 57.2 740.5 1
1 3 19.5 690.2 1
2 8 174.0 811.1 1
4 2 1101.6 1269.3 1
5 8 133.2 1104.4 1
4 2 520.0 1346.1 1
4 2 888.4 1905.2 1
9 8 948.2 1931.9 1
0 9 52.2 577.7 1
EOF
