NUM_STATIONS: 10
NUM_REQUESTS: 20
NUM_VEHICLES: 1
VEHICLE_CAPACITY: 4
DISTANCES
0 1 6.6
1 2 8.7
2 3 5.9
3 4 9.0
4 5 3.2
5 6 7.2
6 7 4.7
7 8 8.2
8 9 3.5
9 0 6.8
REQUEST_SECTION
3 5 195.7 276.3 1
1 7 141.5 295.4 1
4 5 21.9 100.8 1
0 6 233.4 458.1 1
1 7 259.7 466.4 1
6 7 263.5 398.1 1
0 8 77.0 227.8 1
1 4 170.9 393.3 1
0 5 24.1 276.8 1
6 1 92.0 365.2 1
0 8 113.6 226.5 1
8 2 75.8 264.0 1
8 2 217.3 339.4 1
4 1 227.3 397.9 1
4 7 157.3 245.6 1
5 10 10.8 179.7 1
7 3 219.7 486.7 1
6 2 75.3 184.3 1
0 8 103.9 266.5 1
5 8 227.2 403.3 1
EOF
