NUM_STATIONS: 10
NUM_REQUESTS: 160
NUM_VEHICLES: 2
VEHICLE_CAPACITY: 8
DISTANCES
0 1 7.9
1 2 8.7
2 3 5.6
3 4 8.4
4 5 6.3
5 6 1.2
6 7 4.8
7 8 8.8
8 9 1.4
9 0 2.6
REQUEST_SECTION
0 1 311.6 575.8 1
7 1 278.5 472.5 1
6 4 353.3 603.6 1
1 3 554.3 712.1 1
3 4 435.6 634.7 1
6 5 94.1 366.1 1
7 4 200.0 409.5 1
2 1 101.6 175.2 1
6 2 220.0 301.3 1
1 2 324.4 635.3 1
1 6 195.8 443.4 1
5 4 215.4 476.4 1
4 2 75.0 342.4 1
8 6 243.4 360.3 1
6 7 286.2 607.4 1
7 1 236.0 540.4 1
6 5 337.5 481.7 1
0 8 275.0 588.0 1
9 7 322.8 606.8 1
7 3 468.3 794.9 1
5 6 132.6 248.1 1
1 10 106.7 261.4 1
9 4 352.6 641.3 1
0 1 328.9 474.8 1
3 5 205.4 345.2 1
8 7 215.0 471.0 1
3 8 419.6 668.0 1
0 1 464.4 742.4 1
7 2 250.3 365.5 1
4 6 117.8 314.1 1
1 9 437.3 744.4 1
1 7 481.2 807.4 1
7 10 210.5 368.8 1
4 6 39.2 241.3 1
7 5 128.9 222.2 1
8 1 87.7 420.5 1
2 8 532.6 755.5 1
3 10 415.6 631.7 1
7 8 153.2 248.6 1
7 10 307.5 381.3 1
3 7 262.0 432.5 1
9 10 357.0 612.6 1
5 2 513.5 662.1 1
7 1 302.8 504.8 1
1 10 223.0 516.5 1
9 10 77.8 186.6 1
3 4 150.2 474.2 1
9 10 398.5 616.4 1
5 6 139.3 202.4 1
1 4 55.1 374.3 1
1 3 504.4 824.5 1
8 2 159.9 399.2 1
2 7 281.4 396.3 1
8 1 255.4 536.3 1
3 6 234.9 377.6 1
6 7 440.7 598.4 1
4 9 398.1 628.5 1
3 5 546.3 674.4 1
5 6 35.0 159.3 1
9 5 486.5 569.5 1
4 10 388.9 667.3 1
0 4 63.1 356.0 1
9 10 275.7 555.5 1
1 7 121.5 248.8 1
8 6 489.2 705.4 1
2 8 545.4 666.8 1
5 1 389.1 506.1 1
9 1 335.0 418.4 1
8 4 410.4 674.6 1
6 4 271.0 558.0 1
3 5 551.5 842.5 1
7 1 35.0 149.7 1
0 7 221.5 363.2 1
5 9 318.0 401.5 1
1 9 91.7 347.2 1
4 1 117.1 341.0 1
9 3 185.9 332.7 1
8 5 309.5 495.6 1
6 10 428.0 693.6 1
7 1 358.3 534.7 1
3 10 110.4 293.3 1
6 8 357.2 650.5 1
5 8 272.2 485.0 1
9 8 280.6 435.4 1
7 4 435.9 509.0 1
0 4 289.0 574.8 1
2 9 377.8 682.3 1
0 7 85.6 278.6 1
0 4 54.0 381.3 1
1 6 60.1 226.6 1
0 6 554.8 802.6 1
0 5 542.9 607.9 1
7 1 323.3 620.7 1
1 3 234.2 409.1 1
3 8 99.6 376.0 1
7 2 162.6 345.2 1
6 2 238.9 368.3 1
8 9 305.1 545.0 1
0 3 521.3 647.2 1
2 7 239.2 398.6 1
6 1 31.0 132.5 1
8 9 431.9 595.0 1
6 4 538.3 669.1 1
0 4 491.1 548.5 1
7 3 374.0 513.1 1
6 4 456.7 713.2 1
3 8 59.1 327.5 1
9 7 343.0 478.6 1
3 1 552.5 610.9 1
2 8 107.8 309.5 1
3 2 332.7 544.4 1
1 10 277.5 492.9 1
8 5 38.5 303.5 1
1 8 385.6 700.1 1
1 10 267.3 382.3 1
8 10 470.3 526.3 1
6 8 139.9 257.1 1
3 6 3.8 200.3 1
8 9 64.1 242.5 1
2 7 52.7 235.2 1
0 7 145.0 232.1 1
6 2 259.3 326.3 1
3 1 460.9 570.9 1
5 8 343.1 445.8 1
4 6 224.4 418.8 1
5 3 497.1 818.9 1
6 1 375.9 529.7 1
2 9 348.7 667.3 1
1 10 501.3 787.0 1
0 5 333.6 482.4 1
1 5 191.3 255.5 1
7 6 136.7 192.6 1
1 6 192.0 401.9 1
5 10 276.7 496.1 1
4 10 93.0 296.1 1
7 8 375.2 556.3 1
5 7 158.9 326.6 1
5 8 186.6 447.9 1
3 8 151.2 456.6 1
6 8 271.8 436.1 1
7 1 518.4 638.9 1
9 6 35.6 182.7 1
1 10 470.4 559.5 1
1 5 39.6 270.6 1
1 9 547.3 756.8 1
4 6 180.5 502.9 1
7 6 294.8 613.9 1
6 9 90.1 155.7 1
7 2 330.6 565.0 1
5 7 32.3 210.9 1
7 10 526.8 670.2 1
3 8 295.0 491.7 1
1 3 249.9 391.7 1
2 8 139.3 361.4 1
4 2 185.3 362.5 1
5 8 432.3 646.3 1
4 2 541.6 672.7 1
4 2 439.4 677.3 1
9 8 178.4 365.3 1
0 9 145.4 367.9 1
EOF
