NUM_STATIONS: 10
NUM_REQUESTS: 160
NUM_VEHICLES: 2
VEHICLE_CAPACITY: 2
DISTANCES
0 1 3.6
1 2 7.3
2 3 7.4
3 4 1.6
4 5 9.1
5 6 1.1
6 7 5.1
7 8 5.3
8 9 9.0
9 0 2.6
REQUEST_SECTION
0 6 392.5 729.3 1
6 7 283.7 928.0 1
7 6 738.8 1717.5 1
0 1 1280.4 1654.1 1
4 3 100.9 547.2 1
6 10 580.8 688.9 1
5 2 226.0 864.8 1
1 3 653.7 1239.1 1
0 6 1268.6 2363.3 1
6 1 342.3 996.8 1
4 5 1259.8 1965.9 1
6 2 1459.6 1880.0 1
3 4 971.4 1117.0 1
3 4 1199.5 1547.5 1
7 9 303.5 637.9 1
9 3 796.9 1074.5 1
9 7 1341.2 1460.3 1
4 8 492.7 1231.3 1
3 7 1072.8 2105.8 1
2 3 261.4 318.6 1
0 7 1460.7 1815.1 1
1 5 1446.7 1548.8 1
8 2 1039.1 1240.0 1
5 3 536.1 1106.0 1
5 9 432.7 714.0 1
1 6 17.2 944.7 1
1 6 86.5 1085.1 1
4 2 883.1 1254.6 1
5 3 645.3 853.5 1
4 7 164.6 445.5 1
6 5 1522.2 2438.3 1
3 7 399.3 969.2 1
5 3 255.1 928.1 1
4 9 1092.2 1783.2 1
2 6 736.9 1597.6 1
8 4 1036.3 1912.4 1
0 3 1549.7 1905.4 1
8 9 364.8 1140.2 1
9 5 722.6 982.6 1
5 7 1407.4 1897.5 1
1 5 685.9 1604.4 1
6 8 359.3 472.6 1
3 8 1125.2 1261.8 1
8 5 199.5 885.5 1
3 10 1149.1 2147.3 1
8 7 797.5 1386.3 1
9 4 39.2 603.7 1
6 2 1349.9 2082.6 1
9 7 747.6 1008.4 1
0 8 883.4 1953.0 1
3 9 703.9 1572.7 1
7 10 599.2 1338.6 1
7 3 758.9 1734.0 1
4 1 69.4 126.8 1
1 3 1143.7 1623.2 1
4 9 469.8 1444.8 1
6 7 1157.0 1984.9 1
3 9 586.3 1669.7 1
1 5 1256.4 1694.6 1
9 7 347.9 1140.4 1
4 8 741.9 1773.0 1
7 10 759.8 1741.8 1
2 9 687.1 1018.5 1
8 1 875.5 1175.9 1
1 7 599.9 1045.0 1
8 5 1068.9 1844.8 1
7 3 35.6 94.2 1
3 5 697.9 1293.0 1
0 5 1488.5 2298.7 1
9 4 991.3 1476.0 1
5 8 690.2 853.3 1
9 8 1247.8 1712.8 1
6 9 1416.2 1501.3 1
8 1 749.1 1609.7 1
6 7 154.2 879.5 1
6 1 748.2 1815.3 1
3 5 1260.3 2337.5 1
4 7 114.6 664.7 1
6 3 113.7 1023.1 1
4 5 956.7 1757.8 1
0 1 1170.7 2031.4 1
8 5 547.8 729.8 1
3 4 586.9 796.0 1
2 6 1561.0 1808.2 1
9 4 306.7 1019.3 1
6 8 1257.6 2094.0 1
6 2 543.3 889.8 1
7 2 1041.7 1480.4 1
1 8 1474.4 2494.8 1
9 5 163.5 1238.3 1
6 2 286.4 792.5 1
1 5 869.3 1611.4 1
5 4 277.2 1301.6 1
8 10 1326.7 2224.9 1
3 6 896.8 1437.5 1
5 2 486.7 1014.3 1
6 3 1123.4 1383.4 1
4 6 621.0 705.4 1
5 7 733.2 1382.1 1
2 3 329.5 777.0 1
4 9 496.0 1148.1 1
4 1 1397.3 1713.6 1
5 6 1541.0 2201.5 1
5 10 337.3 523.0 1
8 9 215.6 1115.3 1
3 5 546.7 1190.8 1
3 8 641.1 1661.4 1
7 8 229.2 1272.2 1
4 8 511.4 1435.5 1
1 6 1420.6 2340.6 1
3 9 566.6 810.8 1
0 8 1544.1 2355.8 1
0 5 1130.8 1826.4 1
1 8 285.5 944.6 1
3 6 75.2 422.0 1
7 1 466.7 1270.9 1
7 1 1075.2 1836.6 1
4 1 1203.9 1848.0 1
1 2 1041.8 1418.0 1
8 5 1237.9 2226.5 1
6 4 101.3 390.4 1
3 6 1312.5 2314.6 1
2 8 1431.4 2488.8 1
6 1 1531.5 2537.8 1
6 10 418.2 1408.9 1
0 2 1390.6 2369.7 1
0 1 1014.8 1694.9 1
3 9 1551.7 2347.7 1
2 8 738.4 939.5 1
4 5 940.1 1355.7 1
1 5 1007.1 2056.3 1
4 2 779.7 1607.1 1
1 3 1503.8 1795.6 1
1 3 1304.1 2131.9 1
6 1 766.2 1262.6 1
8 9 1190.7 2086.3 1
7 6 897.6 1860.8 1
1 7 1139.6 2010.3 1
6 1 959.3 1051.8 1
4 6 1255.5 1871.3 1
3 9 461.8 1018.7 1
2 9 1496.0 2314.6 1
6 9 653.6 711.2 1
2 4 1117.8 1688.5 1
9 6 1501.0 1611.6 1
1 6 111.7 490.9 1
3 2 875.2 1881.3 1
4 1 125.0 1099.9 1
8 9 114.5 862.6 1
4 3 21.4 321.0 1
7 5 523.0 1142.2 1
3 5 828.7 1821.9 1
6 7 1243.4 1921.5 1
9 5 1108.1 1550.4 1
6 5 320.2 698.8 1
3 8 634.5 1437.5 1
4 9 1547.8 1711.9 1
4 10 1260.9 1866.9 1
6 8 688.8 1097.5 1
3 1 900.0 1027.6 1
EOF
