NUM_STATIONS: 10
NUM_REQUESTS: 80
NUM_VEHICLES: 1
VEHICLE_CAPACITY: 1
DISTANCES
0 1 9.9
1 2 5.8
2 3 2.8
3 4 4.2
4 5 8.2
5 6 9.6
6 7 7.3
7 8 4.0
8 9 8.9
9 0 4.1
REQUEST_SECTION
8 2 684.5 2970.6 1
3 8 546.5 690.7 1
0 4 402.4 710.2 1
4 8 3154.7 3331.0 1
7 10 1606.6 2407.5 1
4 1 3375.2 3636.8 1
1 9 448.9 2053.9 1
3 6 3859.8 6152.9 1
5 9 832.1 1806.4 1
9 5 1650.4 3169.2 1
1 7 225.1 2341.0 1
7 3 821.1 1302.4 1
9 7 3607.9 4587.2 1
1 6 433.9 2610.1 1
5 3 2139.6 3031.4 1
0 4 2295.1 3679.7 1
7 1 387.9 2170.7 1
0 4 3214.7 3935.1 1
2 9 3137.5 4010.6 1
0 6 75.7 453.7 1
0 9 3530.0 4335.6 1
4 10 392.0 2912.3 1
2 5 1665.4 3445.5 1
1 10 1061.4 2442.2 1
7 10 669.8 1788.2 1
2 10 2531.2 4605.1 1
3 8 2491.1 5057.0 1
5 8 2382.5 3778.0 1
6 8 2545.1 4911.0 1
6 5 1890.5 2385.2 1
5 10 247.1 1088.1 1
2 8 3155.0 3301.8 1
8 9 2916.5 3290.8 1
2 7 824.1 3078.7 1
4 6 1015.0 2025.7 1
5 8 1898.6 4429.5 1
9 8 2308.0 4890.2 1
3 1 281.1 2357.4 1
3 4 3783.0 6254.5 1
2 6 2668.5 4071.4 1
4 9 3763.5 4108.0 1
7 5 2296.7 2557.4 1
6 4 2881.7 4904.1 1
7 3 1758.9 2338.6 1
5 10 2.3 1111.8 1
3 8 1045.3 1237.7 1
9 6 1266.0 2335.0 1
5 1 1104.8 1929.5 1
8 4 3216.4 4123.2 1
0 5 1189.5 1315.0 1
5 10 3295.3 4050.1 1
7 5 1244.5 3722.7 1
6 10 2477.8 4277.5 1
6 1 887.9 1139.4 1
2 6 597.4 3235.7 1
4 5 2775.9 3627.7 1
7 3 3852.7 6308.6 1
0 4 863.8 1692.0 1
0 9 1617.9 2246.9 1
4 10 336.4 917.2 1
2 1 2208.7 2762.3 1
1 10 2945.4 5449.4 1
0 7 2872.4 4974.0 1
0 4 629.9 987.1 1
2 6 3140.2 4041.8 1
6 8 806.6 2252.3 1
7 9 3076.8 5311.3 1
0 1 1475.6 2525.6 1
3 6 2016.8 2190.3 1
5 1 1893.6 4550.2 1
1 8 1685.5 4210.6 1
7 5 2040.8 2874.3 1
3 2 2012.0 2236.2 1
2 5 2575.6 4686.3 1
4 2 1327.4 2047.3 1
7 10 1378.0 2086.9 1
3 7 947.4 1567.0 1
4 6 2274.5 2345.2 1
1 2 2446.8 3980.9 1
1 8 862.2 3093.0 1
EOF
