NUM_STATIONS: 10
NUM_REQUESTS: 20
NUM_VEHICLES: 1
VEHICLE_CAPACITY: 2
DISTANCES
0 1 8.9
1 2 4.6
2 3 7.4
3 4 8.4
4 5 9.1
5 6 4.1
6 7 8.9
7 8 3.5
8 9 7.1
9 0 5.5
REQUEST_SECTION
2 3 117.2 396.4 1
4 1 455.8 690.7 1
1 10 288.0 678.5 1
5 4 463.9 643.0 1
6 5 362.8 653.9 1
0 8 21.7 142.6 1
2 9 415.4 812.1 1
9 1 38.4 310.1 1
2 3 229.6 405.7 1
5 9 407.7 679.9 1
6 4 199.7 304.5 1
5 1 132.9 467.1 1
8 4 52.0 267.2 1
8 1 121.8 200.7 1
9 2 339.4 525.0 1
5 8 63.6 165.2 1
3 5 272.2 620.1 1
8 1 284.8 611.5 1
4 9 376.4 499.3 1
6 4 502.7 683.9 1
EOF
