NUM_STATIONS: 10
NUM_REQUESTS: 20
NUM_VEHICLES: 2
VEHICLE_CAPACITY: 4
DISTANCES
0 1 10.0
1 2 3.1
2 3 7.4
3 4 2.1
4 5 5.5
5 6 6.0
6 7 3.5
7 8 7.1
8 9 7.6
9 0 5.4
REQUEST_SECTION
4 9 40.8 203.9 1
8 3 86.4 206.7 1
4 3 107.9 205.6 1
5 2 37.5 136.1 1
7 5 142.0 286.8 1
3 6 58.2 220.9 1
9 4 4.8 115.4 1
5 4 126.7 278.4 1
7 6 97.8 226.3 1
5 4 113.4 265.0 1
6 8 103.3 249.0 1
3 1 47.8 172.6 1
3 10 129.6 199.6 1
8 9 56.3 120.1 1
8 3 37.6 143.0 1
3 2 117.6 239.2 1
0 3 24.0 128.6 1
1 3 2.9 112.3 1
7 5 118.1 182.0 1
8 7 127.4 214.5 1
EOF
