NUM_STATIONS: 10
NUM_REQUESTS: 160
NUM_VEHICLES: 2
VEHICLE_CAPACITY: 2
DISTANCES
0 1 7.9
1 2 8.7
2 3 5.6
3 4 8.4
4 5 6.3
5 6 1.2
6 7 4.8
7 8 8.8
8 9 1.4
9 0 2.6
REQUEST_SECTION
0 1 1161.9 2639.1 1
7 1 1269.2 2561.7 1
6 4 1139.1 2348.3 1
1 3 355.3 1005.0 1
3 4 386.6 1922.4 1
6 5 1658.7 2077.8 1
7 4 242.4 857.1 1
2 1 11.1 560.3 1
6 2 1560.1 2868.7 1
1 2 1478.4 3045.6 1
1 6 911.6 1131.3 1
5 4 1301.1 2895.8 1
4 2 1418.9 2791.1 1
8 6 1564.5 2780.5 1
6 7 30.5 294.7 1
7 1 743.0 1530.9 1
6 5 815.3 1010.3 1
0 8 92.8 784.6 1
9 7 1043.7 2617.4 1
7 3 829.7 1646.9 1
5 6 1301.9 2341.5 1
1 10 289.9 1711.6 1
9 4 1452.3 2734.4 1
0 1 1128.8 2783.2 1
3 5 254.4 1775.5 1
8 7 1637.8 2869.2 1
3 8 577.8 1878.5 1
0 1 1292.9 2845.8 1
7 2 1246.7 2174.0 1
4 6 1317.0 3033.5 1
1 9 848.6 1964.9 1
1 7 936.0 1699.8 1
7 10 1233.8 1458.9 1
4 6 873.5 2488.6 1
7 5 936.6 2599.5 1
8 1 1389.3 2670.3 1
2 8 1344.7 2785.0 1
3 10 1392.7 2647.9 1
7 8 805.7 1014.6 1
7 10 980.4 1925.6 1
3 7 1169.3 2564.9 1
9 10 555.5 1914.4 1
5 2 280.9 1615.2 1
7 1 551.6 844.1 1
1 10 1611.9 3149.6 1
9 10 1602.9 2823.8 1
3 4 1170.9 1704.2 1
9 10 827.2 1248.0 1
5 6 1267.1 1688.7 1
1 4 779.1 2054.0 1
1 3 1241.2 1865.9 1
8 2 1663.8 1890.1 1
2 7 1362.7 1975.3 1
8 1 58.9 1748.3 1
3 6 97.0 885.0 1
6 7 1507.5 2880.9 1
4 9 882.2 2470.8 1
3 5 22.9 360.1 1
5 6 261.1 1950.0 1
9 5 404.4 1339.9 1
4 10 254.0 627.1 1
0 4 1300.9 1468.2 1
9 10 101.8 1722.5 1
1 7 1548.3 1673.3 1
8 6 234.9 1806.6 1
2 8 1209.2 2114.8 1
5 1 343.3 719.8 1
9 1 1335.5 2031.7 1
8 4 1002.1 2709.7 1
6 4 626.1 784.8 1
3 5 755.0 1577.4 1
7 1 1360.3 2079.7 1
0 7 1455.2 2801.4 1
5 9 1047.3 1623.7 1
1 9 393.2 1879.8 1
4 1 559.8 1991.4 1
9 3 397.4 1948.3 1
8 5 178.1 1522.5 1
6 10 1394.6 1617.2 1
7 1 939.9 1025.7 1
3 10 1270.1 2651.0 1
6 8 1108.0 1857.3 1
5 8 1278.1 1866.7 1
9 8 138.6 701.0 1
7 4 379.2 1830.2 1
0 4 1633.8 3096.5 1
2 9 499.6 1383.5 1
0 7 913.2 2534.8 1
0 4 405.8 581.8 1
1 6 509.8 660.2 1
0 6 186.1 1132.9 1
0 5 778.1 2024.0 1
7 1 722.0 1813.7 1
1 3 561.3 2094.4 1
3 8 78.8 1717.2 1
7 2 238.2 594.1 1
6 2 1289.5 2448.2 1
8 9 307.7 2034.8 1
0 3 28.6 385.6 1
2 7 1202.9 2086.2 1
6 1 80.4 253.4 1
8 9 837.9 1888.3 1
6 4 28.3 997.8 1
0 4 592.6 2139.4 1
7 3 736.3 1926.2 1
6 4 1193.9 2349.8 1
3 8 455.0 1840.3 1
9 7 872.0 2230.4 1
3 1 377.5 669.5 1
2 8 650.1 2187.2 1
3 2 848.3 1411.3 1
1 10 731.7 1562.8 1
8 5 1023.3 1827.5 1
1 8 1200.2 1624.4 1
1 10 570.0 2116.6 1
8 10 1024.0 1912.6 1
6 8 1162.5 1299.0 1
3 6 225.2 290.6 1
8 9 1344.5 1846.4 1
2 7 877.1 2025.7 1
0 7 904.7 1979.0 1
6 2 85.1 1438.4 1
3 1 1649.2 1849.8 1
5 8 706.4 1626.9 1
4 6 655.7 1365.2 1
5 3 1204.1 2371.7 1
6 1 1344.5 2491.1 1
2 9 417.8 1668.3 1
1 10 0.1 477.8 1
0 5 379.1 1170.8 1
1 5 1497.5 1929.9 1
7 6 1164.4 2487.8 1
1 6 137.0 659.6 1
5 10 999.5 1329.0 1
4 10 1071.0 2743.2 1
7 8 626.2 1549.6 1
5 7 1510.4 1630.6 1
5 8 71.5 925.7 1
3 8 509.0 1411.9 1
6 8 198.5 797.2 1
7 1 1646.8 2466.9 1
9 6 527.5 1442.2 1
1 10 514.9 792.8 1
1 5 689.1 1886.1 1
1 9 1561.7 2162.8 1
4 6 340.9 1113.8 1
7 6 1040.0 2113.2 1
6 9 1567.6 2671.4 1
7 2 672.8 1446.0 1
5 7 237.3 1238.3 1
7 10 480.0 1562.1 1
3 8 423.1 1634.2 1
1 3 279.8 831.2 1
2 8 1586.0 2035.2 1
4 2 95.7 1508.6 1
5 8 989.3 1891.9 1
4 2 567.8 1600.0 1
4 2 1156.0 1431.9 1
9 8 284.6 1242.6 1
0 9 1319.5 1415.5 1
EOF
