NUM_STATIONS: 10
NUM_REQUESTS: 40
NUM_VEHICLES: 3
VEHICLE_CAPACITY: 2
DISTANCES
0 1 5.5
1 2 7.8
2 3 7.1
3 4 4.8
4 5 4.5
5 6 3.9
6 7 2.7
7 8 6.4
8 9 8.5
9 0 7.6
REQUEST_SECTION
8 7 147.3 460.9 1
8 6 250.4 555.6 1
7 5 158.9 391.8 1
5 10 283.1 555.5 1
6 9 234.5 473.0 1
3 4 134.9 309.9 1
4 2 123.7 296.4 1
5 3 2.3 111.8 1
5 10 215.6 413.9 1
2 9 353.5 520.9 1
2 8 56.0 273.9 1
0 7 1.4 268.6 1
4 5 238.9 433.4 1
3 9 340.9 518.6 1
5 7 21.5 156.5 1
8 4 384.4 709.4 1
9 8 389.6 503.9 1
2 10 231.6 552.4 1
4 7 233.6 507.0 1
4 10 341.9 538.4 1
7 2 50.3 341.1 1
3 5 184.3 292.6 1
1 9 48.5 360.1 1
9 8 38.3 315.6 1
5 1 44.6 239.3 1
5 3 145.3 297.0 1
5 8 132.8 370.9 1
5 6 204.5 515.4 1
0 1 142.7 381.7 1
5 2 51.4 293.5 1
5 3 384.4 727.9 1
1 10 216.9 412.5 1
2 4 131.0 381.8 1
8 3 81.5 329.5 1
5 7 245.1 468.6 1
1 10 131.5 226.6 1
5 1 149.0 327.5 1
2 6 176.4 493.9 1
7 5 233.6 542.9 1
8 7 32.0 179.1 1
EOF
