NUM_STATIONS: 10
NUM_REQUESTS: 80
NUM_VEHICLES: 2
VEHICLE_CAPACITY: 8
DISTANCES
0 1 8.0
1 2 8.3
2 3 3.5
3 4 6.0
4 5 1.1
5 6 2.5
6 7 5.2
7 8 7.5
8 9 5.8
9 0 8.4
REQUEST_SECTION
9 3 270.1 348.9 1
9 7 256.4 440.9 1
9 1 204.0 352.2 1
2 6 233.2 387.2 1
5 4 169.7 340.9 1
6 5 136.1 286.3 1
3 2 206.8 355.7 1
6 2 20.3 90.0 1
0 9 73.4 191.5 1
3 8 70.4 153.3 1
1 2 149.2 302.1 1
9 2 65.1 181.1 1
4 3 72.0 175.0 1
3 8 137.2 204.0 1
8 3 11.9 177.3 1
8 5 195.8 392.2 1
8 5 48.5 123.8 1
0 3 26.8 107.2 1
7 10 19.8 144.6 1
2 10 256.6 324.5 1
7 9 98.0 204.3 1
6 5 279.7 392.2 1
4 8 234.1 325.8 1
6 10 95.0 158.1 1
3 4 136.7 267.5 1
9 5 179.6 262.2 1
7 6 178.9 283.8 1
9 7 148.8 218.3 1
5 9 110.1 167.4 1
5 7 188.6 320.9 1
6 1 193.6 318.0 1
7 4 95.7 241.9 1
2 8 236.0 343.6 1
9 1 191.8 351.2 1
4 1 3.9 66.7 1
5 6 73.7 176.0 1
0 9 156.2 273.7 1
8 2 31.1 175.0 1
6 3 144.2 330.7 1
6 9 246.4 394.9 1
9 7 95.3 288.3 1
2 8 74.3 214.5 1
6 8 35.2 231.4 1
5 2 121.8 209.8 1
4 6 82.4 270.0 1
4 9 128.9 203.1 1
4 9 40.9 126.6 1
9 8 160.2 304.4 1
6 4 53.8 165.3 1
8 6 81.1 275.5 1
4 3 179.6 282.9 1
9 10 36.5 223.4 1
8 7 272.1 338.7 1
7 1 7.5 65.8 1
1 3 279.5 375.1 1
6 3 36.4 209.7 1
8 3 90.4 218.5 1
4 6 39.3 184.7 1
6 9 168.6 236.6 1
9 4 235.0 347.3 1
7 8 132.3 305.4 1
6 3 262.6 437.9 1
7 5 182.4 310.0 1
9 3 272.7 391.7 1
1 9 281.4 361.3 1
8 1 89.5 281.3 1
9 8 15.8 107.8 1
9 7 12.7 145.6 1
6 7 241.3 396.0 1
5 9 200.9 385.3 1
1 5 146.4 318.4 1
8 6 232.9 380.5 1
2 1 131.3 229.5 1
1 7 16.1 96.5 1
4 6 193.2 386.8 1
0 3 254.7 360.0 1
1 10 271.2 444.1 1
7 8 269.4 375.5 1
9 6 128.8 302.9 1
3 10 113.6 276.0 1
EOF
