NUM_STATIONS: 10
NUM_REQUESTS: 80
NUM_VEHICLES: 1
VEHICLE_CAPACITY: 8
DISTANCES
0 1 2.4
1 2 8.8
2 3 9.2
3 4 4.4
4 5 2.3
5 6 10.0
6 7 6.1
7 8 3.9
8 9 6.9
9 0 4.1
REQUEST_SECTION
4 2 129.6 303.0 1
1 6 240.4 550.9 1
9 8 78.9 279.1 1
7 1 180.3 429.8 1
1 5 185.5 329.6 1
5 9 445.2 741.8 1
1 5 450.0 662.7 1
5 6 573.3 686.9 1
2 8 72.2 253.7 1
6 1 282.5 377.4 1
5 3 56.9 376.3 1
2 7 388.9 560.2 1
5 9 578.2 868.2 1
0 2 163.9 339.2 1
1 8 25.0 207.7 1
7 10 528.0 704.5 1
1 3 38.1 157.6 1
5 3 83.1 299.7 1
2 5 195.2 460.4 1
4 8 362.2 540.2 1
2 4 33.4 336.2 1
4 2 318.9 407.1 1
7 10 207.3 411.4 1
5 6 507.3 646.4 1
5 9 114.5 307.5 1
7 6 464.1 606.8 1
1 5 74.8 350.3 1
1 2 436.2 756.3 1
9 1 156.8 303.0 1
3 7 273.9 509.2 1
7 2 251.2 383.4 1
1 7 234.3 332.9 1
3 8 462.8 668.1 1
1 5 3.6 92.0 1
1 8 23.0 364.0 1
3 9 102.7 272.0 1
1 10 192.2 319.7 1
7 2 239.0 367.8 1
3 6 48.2 368.8 1
8 7 514.5 788.0 1
1 2 518.0 694.8 1
0 7 53.0 233.5 1
0 3 313.5 555.4 1
0 4 118.0 426.8 1
6 5 293.3 354.8 1
5 8 470.9 554.4 1
1 10 490.8 693.8 1
5 6 110.1 277.0 1
4 7 516.2 605.8 1
8 9 446.8 650.5 1
5 8 367.1 532.5 1
6 7 539.7 873.9 1
0 8 142.3 321.8 1
1 9 473.2 562.8 1
0 5 346.0 420.8 1
0 4 174.2 522.4 1
4 9 113.0 328.1 1
3 1 448.3 666.2 1
7 2 278.2 439.0 1
5 8 508.7 852.3 1
2 10 476.9 769.8 1
7 9 522.9 663.6 1
8 5 108.6 365.9 1
5 6 543.5 706.2 1
8 2 492.0 769.3 1
5 2 276.1 580.3 1
5 1 15.1 190.9 1
8 7 357.4 459.2 1
3 7 545.5 665.9 1
4 7 289.4 558.5 1
6 4 38.2 299.2 1
9 7 101.5 196.1 1
9 3 75.0 146.5 1
9 5 304.5 614.7 1
9 10 365.1 457.6 1
8 10 228.6 468.6 1
9 6 215.5 412.7 1
3 9 361.2 653.0 1
2 9 522.9 799.1 1
2 4 50.4 108.7 1
EOF
