NUM_STATIONS: 10
NUM_REQUESTS: 80
NUM_VEHICLES: 3
VEHICLE_CAPACITY: 1
DISTANCES
0 1 9.9
1 2 5.8
2 3 2.8
3 4 4.2
4 5 8.2
5 6 9.6
6 7 7.3
7 8 4.0
8 9 8.9
9 0 4.1
REQUEST_SECTION
8 2 1042.4 1824.6 1
3 8 1212.6 1620.3 1
0 4 1700.6 2530.8 1
4 8 1144.9 2069.8 1
7 10 288.8 484.6 1
4 1 232.5 741.3 1
1 9 842.4 1310.4 1
3 6 1122.8 1858.9 1
5 9 1325.4 2252.3 1
9 5 461.9 852.1 1
1 7 613.3 1350.5 1
7 3 203.9 897.8 1
9 7 228.4 580.1 1
1 6 1138.8 1971.9 1
5 3 231.2 650.2 1
0 4 999.0 1471.3 1
7 1 1666.6 2055.9 1
0 4 1311.8 1723.7 1
2 9 1108.3 1416.5 1
0 6 315.7 1077.8 1
0 9 95.7 292.5 1
4 10 361.1 1138.3 1
2 5 1146.8 1656.5 1
1 10 183.3 777.0 1
7 10 1014.2 1679.9 1
2 10 469.3 819.6 1
3 8 1376.9 2252.5 1
5 8 35.7 435.6 1
6 8 857.5 1656.0 1
6 5 644.7 1334.5 1
5 10 685.8 935.6 1
2 8 1239.2 1661.3 1
8 9 25.4 714.6 1
2 7 1358.0 1760.6 1
4 6 1156.7 1743.0 1
5 8 1441.7 1965.7 1
9 8 533.3 1248.5 1
3 1 731.9 1592.0 1
3 4 1497.6 1845.8 1
2 6 1265.5 1812.4 1
4 9 416.3 819.3 1
7 5 1341.8 1669.2 1
6 4 1081.9 1655.3 1
7 3 822.1 1162.6 1
5 10 475.7 911.2 1
3 8 1642.2 2402.7 1
9 6 739.6 962.9 1
5 1 1641.1 1975.2 1
8 4 847.9 1716.3 1
0 5 1468.6 1888.9 1
5 10 301.4 1034.3 1
7 5 153.3 1071.4 1
6 10 1255.3 2009.9 1
6 1 825.6 1712.1 1
2 6 1555.1 2264.5 1
4 5 446.4 1079.7 1
7 3 1472.9 2381.6 1
0 4 624.9 1379.5 1
0 9 1026.2 1725.1 1
4 10 1252.4 1351.9 1
2 1 279.3 562.6 1
1 10 174.6 441.8 1
0 7 296.5 996.7 1
0 4 474.5 896.1 1
2 6 1554.4 2236.3 1
6 8 82.3 506.9 1
7 9 950.3 1767.7 1
0 1 1663.4 2068.4 1
3 6 1536.1 2289.8 1
5 1 177.6 1081.5 1
1 8 1467.2 2189.3 1
7 5 1653.1 2029.1 1
3 2 548.4 1471.2 1
2 5 1115.8 1367.5 1
4 2 1262.8 1785.8 1
7 10 936.3 1415.4 1
3 7 1086.1 1284.1 1
4 6 1001.4 1084.5 1
1 2 1480.2 1924.2 1
1 8 394.2 777.8 1
EOF
