NUM_STATIONS: 10
NUM_REQUESTS: 20
NUM_VEHICLES: 2
VEHICLE_CAPACITY: 2
DISTANCES
0 1 6.6
1 2 8.7
2 3 5.9
3 4 9.0
4 5 3.2
5 6 7.2
6 7 4.7
7 8 8.2
8 9 3.5
9 0 6.8
REQUEST_SECTION
3 5 8.4 190.1 1
1 7 219.2 439.6 1
4 5 0.8 184.6 1
0 6 312.3 477.6 1
1 7 278.6 401.3 1
6 7 83.1 298.6 1
0 8 248.4 330.6 1
1 4 192.9 297.6 1
0 5 186.2 301.6 1
6 1 234.5 412.8 1
0 8 91.4 159.5 1
8 2 309.6 473.7 1
8 2 240.3 445.3 1
4 1 21.1 86.6 1
4 7 175.1 367.0 1
5 10 316.4 446.3 1
7 3 52.6 178.9 1
6 2 51.8 168.1 1
0 8 128.2 341.3 1
5 8 56.9 139.4 1
EOF
