NUM_STATIONS: 10
NUM_REQUESTS: 40
NUM_VEHICLES: 1
VEHICLE_CAPACITY: 2
DISTANCES
0 1 4.3
1 2 4.7
2 3 7.7
3 4 5.3
4 5 3.2
5 6 1.5
6 7 9.1
7 8 3.7
8 9 3.4
9 0 3.5
REQUEST_SECTION
2 7 48.5 532.7 1
8 10 363.2 544.6 1
4 9 468.8 668.4 1
1 7 574.6 999.1 1
9 5 217.8 382.2 1
8 6 75.7 134.3 1
2 6 537.9 915.1 1
6 5 588.6 927.6 1
4 9 68.9 394.9 1
6 9 498.0 986.7 1
1 5 480.5 571.6 1
3 8 427.5 736.0 1
9 10 391.3 646.7 1
4 5 248.8 659.0 1
5 6 677.9 1080.3 1
3 9 349.2 785.0 1
5 7 29.3 429.8 1
0 5 123.7 629.6 1
5 10 367.7 439.8 1
0 2 247.4 464.4 1
0 4 293.8 344.1 1
1 7 299.0 731.5 1
0 3 357.4 711.8 1
9 3 382.9 712.6 1
3 6 403.4 817.1 1
9 7 410.4 466.6 1
4 7 250.6 573.9 1
2 5 113.0 178.0 1
2 5 677.0 769.6 1
0 4 416.8 466.1 1
0 9 638.7 1026.4 1
7 1 191.8 351.5 1
7 2 239.6 374.2 1
1 9 155.7 611.2 1
2 7 501.0 558.5 1
9 8 278.8 624.4 1
7 6 388.9 476.6 1
4 2 380.6 854.1 1
1 6 266.8 448.4 1
4 1 20.1 459.4 1
EOF
