NUM_STATIONS: 10
NUM_REQUESTS: 160
NUM_VEHICLES: 3
VEHICLE_CAPACITY: 4
DISTANCES
0 1 3.6
1 2 7.3
2 3 7.4
3 4 1.6
4 5 9.1
5 6 1.1
6 7 5.1
7 8 5.3
8 9 9.0
9 0 2.6
REQUEST_SECTION
0 6 158.2 289.9 1
6 7 686.1 794.0 1
7 6 441.1 742.4 1
0 1 674.2 799.8 1
4 3 342.8 421.1 1
6 10 115.3 348.7 1
5 2 448.0 504.5 1
1 3 209.3 580.4 1
0 6 92.3 250.5 1
6 1 553.3 737.1 1
4 5 535.3 854.1 1
6 2 690.1 744.8 1
3 4 250.2 354.2 1
3 4 405.5 584.8 1
7 9 560.9 790.7 1
9 3 451.7 847.2 1
9 7 476.5 549.7 1
4 8 145.7 315.3 1
3 7 349.5 419.8 1
2 3 492.2 547.7 1
0 7 176.0 477.1 1
1 5 216.3 411.3 1
8 2 316.0 640.6 1
5 3 326.1 640.5 1
5 9 210.8 485.3 1
1 6 410.4 678.1 1
1 6 85.3 351.5 1
4 2 197.5 553.0 1
5 3 518.2 732.3 1
4 7 37.9 160.5 1
6 5 683.7 930.4 1
3 7 592.9 680.4 1
5 3 603.3 938.7 1
4 9 269.9 501.6 1
2 6 545.0 912.6 1
8 4 446.9 843.3 1
0 3 119.0 446.2 1
8 9 296.5 544.9 1
9 5 664.4 733.2 1
5 7 314.3 444.5 1
1 5 230.1 323.9 1
6 8 543.1 650.8 1
3 8 81.5 454.3 1
8 5 52.9 324.1 1
3 10 185.3 551.1 1
8 7 396.0 697.2 1
9 4 512.1 586.3 1
6 2 78.9 389.9 1
9 7 249.6 642.9 1
0 8 199.0 475.7 1
3 9 610.6 774.1 1
7 10 617.9 688.4 1
7 3 541.8 927.6 1
4 1 547.5 740.7 1
1 3 79.4 182.2 1
4 9 346.1 690.1 1
6 7 656.2 994.4 1
3 9 277.0 382.4 1
1 5 379.0 624.9 1
9 7 695.6 971.0 1
4 8 67.6 186.8 1
7 10 113.9 177.1 1
2 9 647.0 939.1 1
8 1 487.2 668.2 1
1 7 19.1 144.5 1
8 5 140.8 220.8 1
7 3 673.7 1073.1 1
3 5 409.8 467.7 1
0 5 616.1 680.0 1
9 4 136.8 456.7 1
5 8 480.2 554.9 1
9 8 615.8 670.4 1
6 9 99.9 490.5 1
8 1 5.0 112.3 1
6 7 680.6 750.5 1
6 1 495.4 607.9 1
3 5 480.7 614.1 1
4 7 286.9 579.0 1
6 3 143.4 457.4 1
4 5 628.7 802.8 1
0 1 14.9 176.2 1
8 5 673.5 929.2 1
3 4 12.3 166.8 1
2 6 643.0 903.8 1
9 4 406.7 803.6 1
6 8 693.6 1056.5 1
6 2 148.1 358.1 1
7 2 642.2 713.2 1
1 8 156.3 541.2 1
9 5 490.2 591.4 1
6 2 536.6 794.8 1
1 5 632.0 823.1 1
5 4 541.8 619.2 1
8 10 289.6 560.4 1
3 6 691.4 822.8 1
5 2 33.2 419.0 1
6 3 536.1 675.6 1
4 6 654.2 819.6 1
5 7 539.9 670.6 1
2 3 68.7 268.6 1
4 9 174.5 558.1 1
4 1 35.0 233.5 1
5 6 0.3 265.8 1
5 10 663.1 786.6 1
8 9 525.3 686.9 1
3 5 78.3 294.6 1
3 8 41.5 100.3 1
7 8 216.2 405.8 1
4 8 261.2 632.4 1
1 6 564.1 684.3 1
3 9 343.9 656.6 1
0 8 343.4 525.1 1
0 5 683.4 785.4 1
1 8 7.6 365.4 1
3 6 532.6 745.5 1
7 1 247.9 308.3 1
7 1 376.4 499.2 1
4 1 530.7 723.6 1
1 2 104.3 331.6 1
8 5 241.1 499.5 1
6 4 406.0 718.0 1
3 6 272.9 648.2 1
2 8 532.0 874.2 1
6 1 471.1 574.0 1
6 10 542.5 637.6 1
0 2 528.4 631.7 1
0 1 486.1 747.0 1
3 9 435.6 724.6 1
2 8 451.1 595.6 1
4 5 422.8 551.9 1
1 5 204.8 371.4 1
4 2 672.1 1015.8 1
1 3 271.4 387.6 1
1 3 41.4 198.4 1
6 1 375.2 684.8 1
8 9 354.3 495.5 1
7 6 587.4 675.7 1
1 7 160.0 453.7 1
6 1 403.7 520.5 1
4 6 551.0 792.4 1
3 9 394.0 520.8 1
2 9 668.1 944.2 1
6 9 259.9 565.0 1
2 4 602.1 958.3 1
9 6 29.2 98.4 1
1 6 473.7 784.9 1
3 2 315.9 649.8 1
4 1 157.9 281.8 1
8 9 11.3 234.3 1
4 3 283.4 675.1 1
7 5 575.5 834.4 1
3 5 608.9 710.0 1
6 7 660.6 851.4 1
9 5 590.0 767.1 1
6 5 688.0 1050.4 1
3 8 328.6 514.6 1
4 9 414.3 766.8 1
4 10 444.9 583.8 1
6 8 48.7 354.3 1
3 1 459.7 808.1 1
EOF
