NUM_STATIONS: 10
NUM_REQUESTS: 20
NUM_VEHICLES: 2
VEHICLE_CAPACITY: 1
DISTANCES
0 1 8.9
1 2 4.6
2 3 7.4
3 4 8.4
4 5 9.1
5 6 4.1
6 7 8.9
7 8 3.5
8 9 7.1
9 0 5.5
REQUEST_SECTION
2 3 50.0 161.5 1
4 1 217.9 743.5 1
1 10 87.3 244.2 1
5 4 306.6 838.0 1
6 5 465.0 744.0 1
0 8 492.6 1035.9 1
2 9 135.9 563.3 1
9 1 130.0 213.6 1
2 3 441.7 582.8 1
5 9 282.8 489.3 1
6 4 409.6 481.0 1
5 1 484.8 609.6 1
8 4 102.8 193.0 1
8 1 176.8 728.3 1
9 2 22.8 157.4 1
5 8 30.9 327.9 1
3 5 500.2 572.7 1
8 1 140.3 384.3 1
4 9 205.8 391.4 1
6 4 404.3 636.8 1
EOF
