NUM_STATIONS: 10
NUM_REQUESTS: 160
NUM_VEHICLES: 1
VEHICLE_CAPACITY: 2
DISTANCES
0 1 3.6
1 2 7.3
2 3 7.4
3 4 1.6
4 5 9.1
5 6 1.1
6 7 5.1
7 8 5.3
8 9 9.0
9 0 2.6
REQUEST_SECTION
0 6 297.4 1218.1 1
6 7 846.7 1155.1 1
7 6 511.3 2219.0 1
0 1 2272.7 5015.4 1
4 3 655.3 887.4 1
6 10 3738.9 5279.7 1
5 2 3520.9 5994.0 1
1 3 1294.4 4308.0 1
0 6 448.4 2028.8 1
6 1 123.8 3261.2 1
4 5 4152.6 4226.7 1
6 2 1552.9 4618.8 1
3 4 3927.6 6741.6 1
3 4 2414.2 5522.8 1
7 9 2801.7 4031.1 1
9 3 106.4 2824.8 1
9 7 1380.3 3604.8 1
4 8 2953.6 4052.6 1
3 7 121.8 3181.4 1
2 3 1561.7 2442.8 1
0 7 1885.9 2012.6 1
1 5 1151.5 1217.9 1
8 2 2856.2 4778.2 1
5 3 3647.9 6568.7 1
5 9 3860.5 6261.0 1
1 6 1866.6 2377.7 1
1 6 918.2 1985.3 1
4 2 43.4 1797.4 1
5 3 3764.3 4662.2 1
4 7 1764.7 4702.7 1
6 5 3543.1 4981.4 1
3 7 453.2 2132.2 1
5 3 1149.8 4012.4 1
4 9 1294.7 4164.8 1
2 6 686.4 1389.3 1
8 4 1023.6 1277.4 1
0 3 50.4 2762.0 1
8 9 456.3 825.8 1
9 5 220.5 739.3 1
5 7 1282.8 1648.0 1
1 5 2527.2 5354.9 1
6 8 3456.3 5562.9 1
3 8 2924.5 3000.8 1
8 5 694.4 2995.9 1
3 10 2738.9 4549.1 1
8 7 2977.2 3276.6 1
9 4 3088.1 4100.9 1
6 2 4097.3 5019.0 1
9 7 2445.6 2812.6 1
0 8 2605.8 3266.2 1
3 9 2185.7 3924.1 1
7 10 2575.1 3044.3 1
7 3 1941.8 4838.0 1
4 1 2148.3 4267.9 1
1 3 2161.8 5296.0 1
4 9 853.3 3969.0 1
6 7 4058.0 6265.6 1
3 9 193.6 656.5 1
1 5 3421.6 3948.6 1
9 7 3396.7 5998.5 1
4 8 1959.0 2664.6 1
7 10 1384.4 1589.4 1
2 9 3344.8 6061.4 1
8 1 1029.1 2824.2 1
1 7 919.1 3088.4 1
8 5 3298.1 3490.5 1
7 3 3685.3 6464.4 1
3 5 4081.0 4923.2 1
0 5 2982.5 5336.9 1
9 4 580.1 3704.6 1
5 8 1766.5 2781.7 1
9 8 779.9 3743.7 1
6 9 510.5 886.0 1
8 1 2146.6 4086.3 1
6 7 3109.1 4738.7 1
6 1 3989.5 4243.6 1
3 5 3708.8 6348.1 1
4 7 2905.4 5573.1 1
6 3 1124.7 3086.7 1
4 5 2281.1 4498.2 1
0 1 1762.1 2270.7 1
8 5 2004.2 4194.1 1
3 4 3336.2 5832.7 1
2 6 3537.1 3930.5 1
9 4 3953.8 4066.2 1
6 8 690.7 3156.6 1
6 2 3753.0 6902.1 1
7 2 3795.8 4612.8 1
1 8 1847.1 2640.3 1
9 5 694.7 2319.4 1
6 2 1771.2 3287.7 1
1 5 2624.7 4598.3 1
5 4 3084.2 3693.8 1
8 10 3134.2 5835.8 1
3 6 688.4 3181.3 1
5 2 2287.8 5235.6 1
6 3 2978.5 3638.9 1
4 6 3761.0 6138.6 1
5 7 2556.8 4177.0 1
2 3 3252.1 4237.7 1
4 9 2631.0 4591.4 1
4 1 1276.0 1776.1 1
5 6 3560.1 5323.1 1
5 10 218.5 643.8 1
8 9 2477.2 3617.2 1
3 5 1985.7 4138.6 1
3 8 2459.9 2838.1 1
7 8 3767.8 5402.6 1
4 8 539.5 1191.4 1
1 6 4069.2 6937.5 1
3 9 1199.7 1901.3 1
0 8 3978.3 5295.8 1
0 5 3748.6 5865.4 1
1 8 3280.5 4171.4 1
3 6 1850.1 4788.7 1
7 1 1482.9 2534.4 1
7 1 2147.4 3779.4 1
4 1 3354.2 5348.0 1
1 2 4076.6 4628.1 1
8 5 1407.1 3515.1 1
6 4 2169.2 4890.7 1
3 6 1842.5 3002.6 1
2 8 3130.2 3594.0 1
6 1 3649.6 5877.7 1
6 10 1887.5 4905.4 1
0 2 1566.0 2296.1 1
0 1 907.7 2219.9 1
3 9 2048.5 2683.0 1
2 8 246.3 1970.0 1
4 5 1678.7 3955.0 1
1 5 804.8 2693.2 1
4 2 799.5 2665.5 1
1 3 2630.7 5391.6 1
1 3 1800.7 2242.5 1
6 1 3093.7 5225.1 1
8 9 2122.7 4876.5 1
7 6 1867.6 2927.6 1
1 7 2491.8 3185.5 1
6 1 822.1 3766.5 1
4 6 2814.7 2991.4 1
3 9 1570.7 3747.0 1
2 9 2066.2 3463.4 1
6 9 1328.5 3025.9 1
2 4 3871.0 4648.5 1
9 6 2368.7 5458.8 1
1 6 2293.5 5238.0 1
3 2 2276.8 4514.5 1
4 1 3902.5 5176.1 1
8 9 1202.7 1263.6 1
4 3 2077.0 5236.8 1
7 5 1670.4 3438.1 1
3 5 1439.2 3533.0 1
6 7 3693.1 5271.3 1
9 5 18.3 956.0 1
6 5 24.9 1664.0 1
3 8 1937.9 2957.0 1
4 9 3572.2 6068.3 1
4 10 1686.9 3530.8 1
6 8 3063.5 4351.6 1
3 1 221.1 1551.4 1
EOF
