NUM_STATIONS: 10
NUM_REQUESTS: 160
NUM_VEHICLES: 2
VEHICLE_CAPACITY: 1
DISTANCES
0 1 7.9
1 2 8.7
2 3 5.6
3 4 8.4
4 5 6.3
5 6 1.2
6 7 4.8
7 8 8.8
8 9 1.4
9 0 2.6
REQUEST_SECTION
0 1 868.7 2530.8 1
7 1 1931.0 2540.2 1
6 4 2852.3 4159.8 1
1 3 3049.0 5638.8 1
3 4 1785.4 4387.8 1
6 5 2962.1 6153.3 1
7 4 3789.6 5130.6 1
2 1 282.0 1661.4 1
6 2 657.3 2630.3 1
1 2 4306.9 4826.5 1
1 6 4370.7 6573.6 1
5 4 3568.1 4565.2 1
4 2 1391.4 2365.6 1
8 6 1320.1 4014.1 1
6 7 1267.3 2788.6 1
7 1 3884.9 7096.8 1
6 5 4172.8 7084.1 1
0 8 1554.1 4370.5 1
9 7 3980.9 5889.4 1
7 3 1804.9 3799.8 1
5 6 3044.8 4968.6 1
1 10 2976.4 5576.2 1
9 4 3725.4 4461.2 1
0 1 3821.6 5637.5 1
3 5 1876.6 2427.2 1
8 7 3946.7 7239.7 1
3 8 818.1 2874.3 1
0 1 1401.5 2655.3 1
7 2 4141.8 6779.9 1
4 6 378.9 2414.5 1
1 9 1423.2 1951.6 1
1 7 4086.6 6185.3 1
7 10 3254.1 4907.2 1
4 6 1290.3 1625.4 1
7 5 1479.4 2342.0 1
8 1 1829.6 2314.4 1
2 8 207.0 1379.1 1
3 10 332.2 1589.9 1
7 8 2389.8 4969.4 1
7 10 3668.4 3840.3 1
3 7 3938.7 4624.6 1
9 10 1369.1 3393.8 1
5 2 520.7 754.3 1
7 1 1176.6 2347.1 1
1 10 1052.1 1262.3 1
9 10 38.1 2108.0 1
3 4 4006.3 6445.1 1
9 10 3793.4 4279.2 1
5 6 1870.9 2168.6 1
1 4 1528.2 4684.8 1
1 3 1073.7 3912.9 1
8 2 3389.4 5028.3 1
2 7 2358.3 3156.6 1
8 1 3254.0 4809.3 1
3 6 249.9 3564.4 1
6 7 1795.7 4669.4 1
4 9 84.3 1791.6 1
3 5 375.6 2746.1 1
5 6 4259.0 6760.5 1
9 5 3229.7 4055.9 1
4 10 1835.4 4596.4 1
0 4 790.9 3314.3 1
9 10 2309.6 5429.4 1
1 7 2819.5 5790.3 1
8 6 576.8 2354.6 1
2 8 567.0 3137.9 1
5 1 3056.5 4385.3 1
9 1 2432.8 4469.1 1
8 4 2007.8 3784.2 1
6 4 45.7 600.9 1
3 5 1254.9 2831.4 1
7 1 315.9 2976.8 1
0 7 2638.4 2760.5 1
5 9 2678.0 3992.2 1
1 9 2922.6 3026.9 1
4 1 3578.7 6908.8 1
9 3 4085.5 7252.7 1
8 5 1040.8 2178.2 1
6 10 2023.8 2656.7 1
7 1 1118.0 1583.1 1
3 10 1179.7 4041.9 1
6 8 3531.4 4787.7 1
5 8 2287.6 4333.8 1
9 8 3962.6 5248.7 1
7 4 1833.9 4093.1 1
0 4 3668.0 7032.3 1
2 9 3921.8 5460.6 1
0 7 1480.5 3469.9 1
0 4 2891.2 5880.8 1
1 6 3441.2 3982.5 1
0 6 4257.1 7453.9 1
0 5 2838.5 4286.5 1
7 1 2192.1 3707.0 1
1 3 1559.3 1914.4 1
3 8 3406.9 5327.0 1
7 2 3239.0 3522.1 1
6 2 2283.2 3124.8 1
8 9 83.5 3332.3 1
0 3 1567.3 4436.9 1
2 7 4205.7 6232.6 1
6 1 1311.0 2233.1 1
8 9 2703.5 5778.7 1
6 4 1334.1 4216.7 1
0 4 3223.0 6225.1 1
7 3 2302.3 3478.1 1
6 4 197.8 3293.4 1
3 8 1659.7 2384.3 1
9 7 1763.4 2768.6 1
3 1 714.2 2469.3 1
2 8 1028.4 1662.9 1
3 2 1283.8 4028.1 1
1 10 499.1 3237.8 1
8 5 3744.8 3960.6 1
1 8 84.5 654.4 1
1 10 2720.7 3249.5 1
8 10 3985.9 7227.0 1
6 8 1167.2 1473.1 1
3 6 1475.9 2300.6 1
8 9 3431.5 4227.7 1
2 7 3615.9 4457.2 1
0 7 3584.7 6369.5 1
6 2 1764.3 5113.4 1
3 1 925.6 1469.8 1
5 8 1246.8 2074.0 1
4 6 1006.7 2681.8 1
5 3 498.4 946.6 1
6 1 2877.6 3940.3 1
2 9 2184.8 3331.2 1
1 10 2217.9 4881.9 1
0 5 2390.7 5706.1 1
1 5 2140.0 2773.3 1
7 6 4266.4 4520.6 1
1 6 3384.1 3514.7 1
5 10 2219.6 4670.9 1
4 10 1347.6 4039.0 1
7 8 871.2 1237.4 1
5 7 1790.0 4860.1 1
5 8 1494.4 1870.0 1
3 8 2417.2 5093.0 1
6 8 2321.5 5090.8 1
7 1 1220.5 4148.3 1
9 6 3387.7 6358.2 1
1 10 1063.3 1432.6 1
1 5 4348.7 6228.7 1
1 9 67.5 425.0 1
4 6 3768.6 6648.7 1
7 6 4157.7 5115.1 1
6 9 1692.0 3143.2 1
7 2 2281.9 2920.5 1
5 7 621.6 2400.2 1
7 10 3071.3 4529.7 1
3 8 2255.4 5034.3 1
1 3 2138.6 3290.0 1
2 8 4025.2 5318.5 1
4 2 1064.2 3711.5 1
5 8 1701.8 3388.7 1
4 2 760.4 1762.3 1
4 2 2109.8 4814.0 1
9 8 1113.7 4123.2 1
0 9 3182.9 4153.3 1
EOF
