NUM_STATIONS: 10
NUM_REQUESTS: 40
NUM_VEHICLES: 2
VEHICLE_CAPACITY: 4
DISTANCES
0 1 2.8
1 2 2.9
2 3 8.4
3 4 7.3
4 5 6.1
5 6 1.6
6 7 8.4
7 8 7.7
8 9 3.2
9 0 1.5
REQUEST_SECTION
4 8 109.6 203.0 1
3 10 71.1 225.8 1
6 4 185.9 371.3 1
1 6 242.5 442.0 1
0 4 179.8 399.3 1
5 3 132.3 278.4 1
6 9 74.8 189.5 1
1 10 162.4 389.7 1
1 9 67.6 232.4 1
0 6 74.6 250.5 1
6 9 10.0 177.9 1
5 6 200.7 420.8 1
9 3 198.5 394.5 1
6 2 161.8 365.1 1
9 3 187.0 393.6 1
0 2 202.4 265.2 1
9 5 145.8 237.2 1
7 4 30.0 158.0 1
1 5 197.0 364.4 1
5 4 119.3 290.7 1
8 5 6.6 162.5 1
7 6 101.5 261.3 1
4 1 44.3 246.4 1
4 10 193.6 338.2 1
7 5 63.3 177.3 1
1 10 40.6 222.1 1
3 5 197.5 385.7 1
2 5 176.7 325.1 1
6 8 228.6 400.2 1
4 7 230.0 395.2 1
9 1 177.8 281.0 1
6 3 73.4 249.1 1
8 9 18.5 160.9 1
6 3 39.0 182.5 1
5 2 167.2 309.7 1
8 5 170.4 339.4 1
7 9 52.7 236.0 1
5 4 110.3 221.2 1
0 2 157.5 363.3 1
2 4 98.8 173.0 1
EOF
