NUM_STATIONS: 10
NUM_REQUESTS: 40
NUM_VEHICLES: 1
VEHICLE_CAPACITY: 8
DISTANCES
0 1 2.8
1 2 2.9
2 3 8.4
3 4 7.3
4 5 6.1
5 6 1.6
6 7 8.4
7 8 7.7
8 9 3.2
9 0 1.5
REQUEST_SECTION
4 8 51.8 118.6 1
3 10 73.6 230.4 1
6 4 55.4 267.7 1
1 6 129.6 205.5 1
0 4 6.3 105.1 1
5 3 248.0 407.7 1
6 9 141.0 274.5 1
1 10 149.9 294.8 1
1 9 218.6 347.5 1
0 6 141.4 206.5 1
6 9 79.0 298.2 1
5 6 213.9 363.6 1
9 3 84.0 256.2 1
6 2 91.9 177.3 1
9 3 110.6 198.9 1
0 2 203.0 330.2 1
9 5 125.8 284.7 1
7 4 185.3 274.6 1
1 5 14.5 250.8 1
5 4 138.5 335.2 1
8 5 193.5 256.7 1
7 6 237.3 440.8 1
4 1 187.1 353.3 1
4 10 178.1 372.0 1
7 5 184.1 333.9 1
1 10 54.4 278.9 1
3 5 11.7 200.7 1
2 5 146.5 312.9 1
6 8 46.9 262.1 1
4 7 225.8 305.7 1
9 1 246.1 408.5 1
6 3 92.6 147.2 1
8 9 68.8 136.1 1
6 3 205.1 425.4 1
5 2 209.2 424.4 1
8 5 131.2 365.8 1
7 9 193.7 315.5 1
5 4 160.0 233.4 1
0 2 230.0 325.5 1
2 4 65.9 190.0 1
EOF
