NUM_STATIONS: 10
NUM_REQUESTS: 40
NUM_VEHICLES: 2
VEHICLE_CAPACITY: 4
DISTANCES
0 1 2.8
1 2 2.9
2 3 8.4
3 4 7.3
4 5 6.1
5 6 1.6
6 7 8.4
7 8 7.7
8 9 3.2
9 0 1.5
REQUEST_SECTION
4 8 248.8 347.9 1
3 10 221.7 351.3 1
6 4 78.8 146.1 1
1 6 177.8 295.6 1
0 4 205.7 364.8 1
5 3 221.4 311.2 1
6 9 58.3 175.8 1
1 10 232.5 397.5 1
1 9 155.7 269.5 1
0 6 83.8 200.6 1
6 9 4.2 123.2 1
5 6 207.2 302.3 1
9 3 20.1 107.4 1
6 2 23.4 93.8 1
9 3 166.8 251.2 1
0 2 191.7 341.3 1
9 5 79.6 133.9 1
7 4 59.2 178.6 1
1 5 94.8 192.1 1
5 4 4.9 124.7 1
8 5 230.8 313.7 1
7 6 58.1 111.1 1
4 1 26.4 121.2 1
4 10 1.2 131.8 1
7 5 22.8 177.6 1
1 10 59.6 224.5 1
3 5 68.7 170.5 1
2 5 164.9 294.9 1
6 8 219.2 284.6 1
4 7 132.2 230.0 1
9 1 155.7 324.6 1
6 3 231.7 312.8 1
8 9 155.5 303.7 1
6 3 12.6 144.8 1
5 2 37.8 177.5 1
8 5 90.4 196.6 1
7 9 111.1 195.0 1
5 4 21.6 83.5 1
0 2 49.7 167.8 1
2 4 216.5 302.8 1
EOF
