NUM_STATIONS: 10
NUM_REQUESTS: 160
NUM_VEHICLES: 3
VEHICLE_CAPACITY: 1
DISTANCES
0 1 3.3
1 2 8.6
2 3 9.8
3 4 4.8
4 5 3.7
5 6 5.0
6 7 1.8
7 8 2.0
8 9 1.3
9 0 2.7
REQUEST_SECTION
9 3 611.3 1263.2 1
8 4 14.5 261.2 1
4 8 954.4 1263.9 1
6 3 1416.9 2027.8 1
8 2 1151.8 1730.4 1
7 2 1676.7 2468.3 1
8 1 1351.5 1451.9 1
6 4 560.4 1381.8 1
7 2 791.2 1849.0 1
2 6 1551.8 2351.2 1
3 7 619.4 1441.5 1
8 4 1704.2 1913.2 1
0 8 324.3 1274.8 1
8 10 1027.6 1433.8 1
8 2 453.8 629.7 1
4 2 0.3 1178.3 1
3 5 1191.8 1443.3 1
5 7 882.0 1993.2 1
3 7 911.2 1336.4 1
7 4 255.3 921.9 1
6 7 1392.8 1666.4 1
3 7 459.9 1032.1 1
5 2 1567.5 1939.4 1
4 7 1658.7 1798.3 1
3 5 174.3 1292.2 1
1 3 489.2 1162.6 1
9 10 1175.4 1781.4 1
3 6 1562.0 1875.8 1
3 7 1221.8 2223.1 1
7 10 974.2 1297.0 1
8 9 962.9 1297.7 1
3 9 1185.6 2347.2 1
4 7 652.2 1514.8 1
4 6 1014.5 1394.6 1
6 10 1295.7 1929.1 1
1 3 1262.8 1609.1 1
8 7 907.2 1457.0 1
8 10 551.1 716.0 1
2 1 265.0 683.1 1
5 1 1325.2 1686.4 1
2 4 886.7 1174.3 1
5 10 614.0 1000.9 1
8 6 1052.8 2177.6 1
5 2 912.7 1313.4 1
6 2 1708.3 2282.6 1
5 4 358.6 1439.1 1
0 9 673.8 1357.2 1
3 4 998.7 1358.5 1
0 2 693.8 1203.6 1
9 7 1166.5 1420.8 1
8 3 1193.4 1958.3 1
1 4 491.5 1473.0 1
3 1 981.5 1243.0 1
2 7 685.0 787.7 1
3 10 610.2 1652.4 1
2 4 1512.0 1662.9 1
5 8 803.3 1622.5 1
8 1 781.1 1013.1 1
2 3 1076.6 2090.7 1
6 8 1186.4 1364.3 1
8 10 100.1 1138.9 1
6 8 296.7 1029.8 1
2 6 210.6 469.2 1
6 7 776.3 1727.6 1
7 2 502.7 1609.1 1
0 7 5.5 264.9 1
3 5 1456.0 1999.5 1
4 5 1324.9 1982.0 1
5 2 387.1 1396.7 1
5 4 933.8 1460.2 1
5 3 685.2 1342.1 1
3 10 1227.9 1863.0 1
6 7 421.2 1283.5 1
2 9 1183.2 1292.0 1
1 8 412.8 1498.5 1
0 1 870.0 1543.6 1
2 9 760.8 1563.8 1
9 5 1529.8 1896.4 1
6 5 250.8 524.7 1
3 7 624.2 1350.8 1
7 1 174.4 637.7 1
3 2 961.9 1631.6 1
2 7 1276.1 2003.7 1
1 8 778.3 1839.7 1
1 10 517.4 810.1 1
9 8 995.2 2179.5 1
7 8 338.4 1331.0 1
2 7 1675.7 2510.7 1
6 1 1147.2 1319.1 1
7 3 1638.5 2304.9 1
8 2 1705.7 2608.7 1
2 6 644.7 1455.7 1
8 6 401.3 1423.6 1
1 3 999.6 1674.5 1
9 5 1525.9 2219.6 1
0 3 1129.6 2209.4 1
5 10 714.4 994.2 1
7 3 241.8 467.5 1
5 10 1612.4 2439.4 1
6 2 1486.0 2122.0 1
6 8 250.6 890.4 1
8 5 192.4 483.2 1
0 2 1183.9 1432.0 1
9 5 1114.8 2207.1 1
8 3 160.6 269.1 1
4 9 1590.4 2610.2 1
4 9 803.4 1867.2 1
1 6 1673.1 2506.6 1
9 4 67.2 1099.6 1
9 6 410.5 1228.2 1
0 2 1395.5 1629.7 1
6 8 1649.4 1807.4 1
6 2 613.2 1048.8 1
2 6 526.0 1226.5 1
6 3 52.2 296.5 1
7 3 1426.7 1710.9 1
3 9 1087.3 1564.1 1
6 10 898.8 1132.8 1
3 2 1464.5 2545.9 1
9 1 1711.4 2496.3 1
6 9 687.7 900.5 1
4 9 108.0 1141.4 1
3 9 457.1 1374.4 1
8 5 462.2 1625.0 1
4 5 1.5 634.3 1
0 4 1092.6 1796.2 1
5 8 698.0 1627.0 1
9 10 309.1 1162.9 1
0 2 983.2 1116.1 1
1 3 696.5 746.0 1
4 2 1086.1 1644.6 1
4 3 773.0 1860.8 1
0 1 300.2 1277.2 1
9 3 1688.4 2415.0 1
5 6 1189.1 1524.7 1
4 9 975.8 1587.1 1
5 2 14.8 504.6 1
0 6 1022.9 1201.8 1
1 9 47.0 894.2 1
9 3 850.4 966.0 1
4 10 1356.7 1443.8 1
2 7 576.3 1567.1 1
5 1 325.2 463.6 1
3 10 853.4 1382.8 1
3 6 421.7 600.8 1
2 4 972.5 1375.0 1
0 4 695.8 1654.1 1
0 8 179.1 1061.1 1
3 5 1209.4 1561.6 1
0 3 760.4 1849.4 1
3 8 420.0 874.6 1
4 9 324.8 631.0 1
3 10 1475.1 1741.4 1
6 3 942.4 1903.1 1
7 3 718.9 1849.4 1
6 10 307.8 1061.6 1
9 7 1057.9 1180.4 1
0 6 1154.6 1957.9 1
6 5 1222.1 2045.9 1
7 4 659.0 809.6 1
EOF
