NUM_STATIONS: 10
NUM_REQUESTS: 40
NUM_VEHICLES: 2
VEHICLE_CAPACITY: 4
DISTANCES
0 1 4.3
1 2 4.7
2 3 7.7
3 4 5.3
4 5 3.2
5 6 1.5
6 7 9.1
7 8 3.7
8 9 3.4
9 0 3.5
REQUEST_SECTION
2 7 69.5 161.9 1
8 10 110.1 282.4 1
4 9 20.5 182.4 1
1 7 23.8 243.6 1
9 5 45.7 158.0 1
8 6 77.6 124.6 1
2 6 93.9 199.4 1
6 5 21.1 155.2 1
4 9 147.1 341.6 1
6 9 134.1 289.6 1
1 5 75.4 246.2 1
3 8 136.7 231.7 1
9 10 144.9 210.2 1
4 5 148.5 237.1 1
5 6 116.4 290.5 1
3 9 110.9 288.4 1
5 7 10.4 102.0 1
0 5 93.8 286.1 1
5 10 126.3 282.5 1
0 2 165.0 245.4 1
0 4 82.2 165.7 1
1 7 153.4 356.0 1
0 3 37.8 148.3 1
9 3 73.9 240.5 1
3 6 34.6 157.4 1
9 7 153.2 232.3 1
4 7 92.7 262.2 1
2 5 2.6 175.8 1
2 5 133.6 240.1 1
0 4 60.3 136.5 1
0 9 105.5 307.1 1
7 1 144.6 266.7 1
7 2 75.1 170.6 1
1 9 155.4 207.8 1
2 7 141.6 357.0 1
9 8 33.9 152.6 1
7 6 109.9 185.8 1
4 2 6.8 115.2 1
1 6 172.5 347.4 1
4 1 143.7 229.7 1
EOF
