NUM_STATIONS: 10
NUM_REQUESTS: 80
NUM_VEHICLES: 2
VEHICLE_CAPACITY: 1
DISTANCES
0 1 7.9
1 2 8.1
2 3 2.5
3 4 7.9
4 5 2.3
5 6 7.4
6 7 8.2
7 8 1.4
8 9 7.4
9 0 3.5
REQUEST_SECTION
9 4 1532.2 2258.0 1
8 6 1484.7 2988.2 1
1 2 524.9 1120.4 1
8 4 51.7 1092.3 1
2 7 1131.7 1686.5 1
1 8 1618.4 2090.7 1
5 7 642.1 2378.9 1
1 9 896.2 1039.9 1
1 4 1356.1 3002.0 1
4 6 1482.1 1566.8 1
0 8 386.5 1616.3 1
7 6 789.1 2145.0 1
7 6 244.5 702.8 1
4 10 977.7 1566.8 1
8 2 847.2 1322.5 1
1 4 170.0 1469.4 1
2 8 547.2 1267.7 1
0 3 448.3 722.2 1
8 6 728.9 1340.0 1
8 1 479.3 1912.9 1
9 8 885.0 1846.3 1
6 3 791.0 1006.6 1
2 4 755.5 1923.2 1
3 10 1410.1 2453.5 1
5 6 1530.1 2430.3 1
5 6 1238.5 2001.2 1
2 9 656.7 1288.0 1
6 8 915.3 1524.0 1
9 10 1075.7 2343.8 1
5 8 1590.8 3212.0 1
0 5 605.5 1214.3 1
2 4 1358.8 1660.7 1
3 9 945.0 1395.7 1
0 3 420.5 878.6 1
5 6 323.8 2052.8 1
5 10 1470.3 1861.5 1
4 8 789.4 2302.9 1
9 4 1118.8 1310.2 1
1 9 943.5 2394.1 1
0 9 1225.3 1387.6 1
6 3 31.1 824.2 1
0 1 353.2 1589.7 1
8 1 1145.7 1704.1 1
3 9 1004.1 1444.4 1
4 2 465.7 897.5 1
5 10 1318.3 2062.8 1
9 2 1140.6 2535.7 1
2 5 115.8 1355.1 1
3 4 1447.9 2230.5 1
3 1 921.9 1450.3 1
3 2 925.7 2145.5 1
4 3 1465.8 2784.8 1
1 4 1222.9 2724.6 1
2 7 69.6 1709.2 1
1 9 1299.3 2334.2 1
0 6 332.2 1675.1 1
5 2 1011.4 2169.5 1
8 2 1445.9 2298.4 1
8 4 847.4 1910.2 1
2 4 1324.4 1792.7 1
6 8 1679.5 2124.1 1
2 9 1574.3 2495.2 1
2 8 770.9 2292.7 1
1 8 802.0 2426.0 1
9 7 1467.1 1983.5 1
6 2 890.0 1595.4 1
2 8 601.4 822.7 1
0 4 866.7 2609.3 1
7 10 1556.7 3097.2 1
2 4 1309.0 2077.2 1
6 1 61.9 603.5 1
5 2 681.4 1534.1 1
6 8 836.0 2293.3 1
7 5 1467.3 2172.7 1
8 10 291.9 1269.9 1
5 2 714.2 1925.9 1
9 7 194.8 1930.5 1
7 6 1495.1 1575.1 1
4 9 1046.4 1199.8 1
3 10 1262.2 2826.1 1
EOF
