NUM_STATIONS: 10
NUM_REQUESTS: 80
NUM_VEHICLES: 1
VEHICLE_CAPACITY: 2
DISTANCES
0 1 2.4
1 2 8.8
2 3 9.2
3 4 4.4
4 5 2.3
5 6 10.0
6 7 6.1
7 8 3.9
8 9 6.9
9 0 4.1
REQUEST_SECTION
4 2 1239.6 2252.6 1
1 6 648.8 989.0 1
9 8 2154.4 3248.0 1
7 1 559.4 736.0 1
1 5 836.7 1850.3 1
5 9 2204.8 3293.0 1
1 5 159.8 438.0 1
5 6 785.3 1192.8 1
2 8 2040.3 2313.7 1
6 1 808.9 1445.2 1
5 3 2194.8 2255.7 1
2 7 2063.5 3032.1 1
5 9 1734.2 2388.1 1
0 2 2169.7 3338.2 1
1 8 475.6 1128.3 1
7 10 2119.1 3088.2 1
1 3 838.0 1273.0 1
5 3 38.8 885.7 1
2 5 1164.3 1267.9 1
4 8 1465.1 1599.6 1
2 4 352.9 598.8 1
4 2 1120.8 1773.2 1
7 10 1948.8 3126.3 1
5 6 1703.6 1896.2 1
5 9 26.6 441.8 1
7 6 1417.0 1733.6 1
1 5 158.2 500.0 1
1 2 1789.5 2959.9 1
9 1 1960.7 2173.2 1
3 7 84.9 883.9 1
7 2 1169.6 1920.4 1
1 7 1566.5 2310.5 1
3 8 550.5 693.0 1
1 5 1955.6 2465.9 1
1 8 1512.7 1874.4 1
3 9 940.2 1072.3 1
1 10 633.8 948.5 1
7 2 1729.3 2135.9 1
3 6 185.3 740.4 1
8 7 1667.9 1915.6 1
1 2 1032.2 1733.9 1
0 7 1034.0 1538.4 1
0 3 952.1 1312.1 1
0 4 133.8 1036.0 1
6 5 1649.2 2611.2 1
5 8 182.6 794.2 1
1 10 975.4 1686.6 1
5 6 1354.2 2092.2 1
4 7 1552.5 2542.5 1
8 9 1853.4 2476.7 1
5 8 676.0 803.6 1
6 7 700.4 913.6 1
0 8 2000.2 3029.8 1
1 9 1102.2 1482.7 1
0 5 2251.8 2676.4 1
0 4 812.8 1474.4 1
4 9 452.0 640.2 1
3 1 1257.7 1514.7 1
7 2 1507.4 1864.0 1
5 8 884.7 1473.8 1
2 10 1156.8 1487.9 1
7 9 2188.4 2333.9 1
8 5 913.7 1370.6 1
5 6 198.9 1038.8 1
8 2 438.4 671.7 1
5 2 493.9 828.2 1
5 1 2019.7 2480.2 1
8 7 1953.0 3137.5 1
3 7 192.7 1120.1 1
4 7 1618.9 2404.8 1
6 4 480.8 1425.9 1
9 7 1090.5 2214.1 1
9 3 733.9 880.9 1
9 5 2013.6 3154.0 1
9 10 2317.8 3363.1 1
8 10 341.4 597.9 1
9 6 913.5 1205.5 1
3 9 1829.2 2113.7 1
2 9 914.7 1298.2 1
2 4 961.7 1500.7 1
EOF
