NUM_STATIONS: 10
NUM_REQUESTS: 40
NUM_VEHICLES: 2
VEHICLE_CAPACITY: 2
DISTANCES
0 1 3.4
1 2 6.2
2 3 7.9
3 4 7.1
4 5 5.2
5 6 1.5
6 7 5.2
7 8 1.2
8 9 5.0
9 0 2.1
REQUEST_SECTION
3 7 176.3 453.6 1
4 5 328.2 566.7 1
4 5 153.0 255.7 1
2 9 110.9 269.7 1
4 6 48.5 389.9 1
2 7 251.5 552.5 1
2 4 265.1 412.3 1
5 6 25.6 77.0 1
4 1 104.5 448.8 1
0 7 271.1 482.8 1
6 3 128.1 371.4 1
0 2 238.0 487.8 1
9 3 49.0 200.6 1
7 6 161.8 342.6 1
7 5 172.0 453.0 1
3 7 220.5 436.0 1
4 2 145.8 486.5 1
0 9 122.3 317.7 1
2 3 27.2 271.0 1
2 9 45.2 381.6 1
0 4 103.6 281.9 1
2 10 131.3 404.6 1
2 6 113.7 249.9 1
8 4 264.7 535.8 1
3 7 14.8 183.9 1
0 1 17.5 271.7 1
7 1 253.1 375.5 1
8 4 158.1 345.3 1
0 3 330.8 449.1 1
9 7 241.1 377.8 1
0 4 0.6 202.4 1
7 2 42.9 240.3 1
8 6 202.3 288.5 1
4 10 35.2 324.1 1
9 6 24.5 119.6 1
1 5 275.6 614.5 1
4 2 220.9 432.7 1
3 5 284.2 476.3 1
9 7 173.4 519.9 1
5 7 294.3 387.2 1
EOF
