NUM_STATIONS: 10
NUM_REQUESTS: 40
NUM_VEHICLES: 1
VEHICLE_CAPACITY: 4
DISTANCES
0 1 5.5
1 2 7.8
2 3 7.1
3 4 4.8
4 5 4.5
5 6 3.9
6 7 2.7
7 8 6.4
8 9 8.5
9 0 7.6
REQUEST_SECTION
8 7 368.0 684.9 1
8 6 305.7 545.1 1
7 5 287.1 629.3 1
5 10 344.0 541.7 1
6 9 109.6 196.8 1
3 4 162.3 397.6 1
4 2 332.5 457.7 1
5 3 14.9 195.9 1
5 10 429.1 579.0 1
2 9 149.6 339.2 1
2 8 70.5 301.0 1
0 7 47.6 150.2 1
4 5 300.0 410.7 1
3 9 313.9 558.0 1
5 7 5.1 301.6 1
8 4 37.0 183.9 1
9 8 389.1 715.1 1
2 10 232.9 575.9 1
4 7 44.5 355.6 1
4 10 39.7 237.0 1
7 2 359.8 626.2 1
3 5 231.9 375.3 1
1 9 347.6 438.1 1
9 8 281.4 409.8 1
5 1 185.5 469.1 1
5 3 19.9 298.9 1
5 8 28.1 141.0 1
5 6 38.8 323.8 1
0 1 199.2 539.2 1
5 2 16.0 308.5 1
5 3 307.6 500.6 1
1 10 92.7 183.3 1
2 4 319.6 410.8 1
8 3 94.8 361.2 1
5 7 253.4 349.6 1
1 10 402.6 464.9 1
5 1 210.2 536.0 1
2 6 144.4 437.5 1
7 5 42.0 378.1 1
8 7 31.9 234.1 1
EOF
