NUM_STATIONS: 10
NUM_REQUESTS: 160
NUM_VEHICLES: 2
VEHICLE_CAPACITY: 8
DISTANCES
0 1 3.3
1 2 8.6
2 3 9.8
3 4 4.8
4 5 3.7
5 6 5.0
6 7 1.8
7 8 2.0
8 9 1.3
9 0 2.7
REQUEST_SECTION
9 3 287.0 538.3 1
8 4 30.7 81.2 1
4 8 50.7 301.5 1
6 3 51.9 262.5 1
8 2 141.9 483.9 1
7 2 150.7 200.7 1
8 1 401.8 684.5 1
6 4 56.0 292.8 1
7 2 278.4 513.9 1
2 6 224.3 531.1 1
3 7 20.9 229.5 1
8 4 272.5 414.4 1
0 8 381.8 666.3 1
8 10 261.0 434.9 1
8 2 146.6 424.7 1
4 2 399.5 720.1 1
3 5 11.7 214.0 1
5 7 97.5 172.6 1
3 7 142.7 325.7 1
7 4 66.7 143.7 1
6 7 361.9 600.5 1
3 7 262.6 464.1 1
5 2 142.5 314.0 1
4 7 369.6 643.5 1
3 5 82.3 389.3 1
1 3 326.5 377.9 1
9 10 321.1 438.0 1
3 6 318.3 402.6 1
3 7 142.9 421.2 1
7 10 300.3 398.1 1
8 9 221.4 291.7 1
3 9 191.6 554.0 1
4 7 190.2 341.5 1
4 6 377.4 499.9 1
6 10 274.5 326.1 1
1 3 233.0 388.0 1
8 7 94.0 198.8 1
8 10 299.1 621.8 1
2 1 376.3 737.6 1
5 1 258.8 411.5 1
2 4 263.4 370.9 1
5 10 58.7 105.8 1
8 6 230.6 397.9 1
5 2 174.4 418.0 1
6 2 304.3 353.6 1
5 4 231.4 497.1 1
0 9 173.2 318.0 1
3 4 116.1 273.2 1
0 2 297.9 372.4 1
9 7 216.3 355.8 1
8 3 337.8 518.1 1
1 4 219.3 526.8 1
3 1 422.2 572.6 1
2 7 385.2 597.6 1
3 10 302.6 467.6 1
2 4 11.2 281.0 1
5 8 196.8 356.7 1
8 1 4.4 350.1 1
2 3 76.1 423.4 1
6 8 425.5 772.8 1
8 10 351.4 544.9 1
6 8 346.6 447.0 1
2 6 278.6 559.5 1
6 7 306.5 433.3 1
7 2 37.8 116.3 1
0 7 150.5 434.2 1
3 5 237.7 458.2 1
4 5 242.8 368.9 1
5 2 89.6 162.6 1
5 4 124.3 325.6 1
5 3 418.6 568.1 1
3 10 34.2 143.9 1
6 7 341.1 495.9 1
2 9 225.2 472.1 1
1 8 197.5 490.9 1
0 1 64.8 237.6 1
2 9 425.2 577.9 1
9 5 416.5 614.7 1
6 5 399.1 627.1 1
3 7 160.5 262.0 1
7 1 196.3 275.7 1
3 2 194.8 475.9 1
2 7 321.1 435.7 1
1 8 212.7 429.1 1
1 10 207.1 550.3 1
9 8 310.4 498.8 1
7 8 378.7 588.2 1
2 7 428.1 597.4 1
6 1 98.3 332.0 1
7 3 260.7 485.0 1
8 2 92.1 346.0 1
2 6 346.2 536.0 1
8 6 38.0 179.5 1
1 3 118.0 200.0 1
9 5 409.9 757.2 1
0 3 52.3 335.0 1
5 10 74.8 198.7 1
7 3 270.4 338.8 1
5 10 91.7 187.6 1
6 2 159.0 429.2 1
6 8 400.6 678.0 1
8 5 359.6 643.1 1
0 2 278.6 488.5 1
9 5 128.8 483.2 1
8 3 381.9 729.8 1
4 9 413.4 733.4 1
4 9 126.5 252.7 1
1 6 75.2 351.4 1
9 4 213.7 397.5 1
9 6 318.7 446.2 1
0 2 199.5 527.2 1
6 8 48.5 328.3 1
6 2 58.7 126.2 1
2 6 204.6 318.8 1
6 3 351.2 397.8 1
7 3 231.8 582.8 1
3 9 95.4 381.2 1
6 10 22.3 187.5 1
3 2 227.6 533.7 1
9 1 333.5 632.6 1
6 9 192.3 450.4 1
4 9 35.8 180.3 1
3 9 252.8 351.1 1
8 5 318.5 678.4 1
4 5 63.1 176.1 1
0 4 80.2 359.1 1
5 8 97.8 247.3 1
9 10 336.1 409.5 1
0 2 332.2 550.0 1
1 3 159.3 293.7 1
4 2 201.9 341.8 1
4 3 273.5 525.0 1
0 1 228.5 495.4 1
9 3 239.9 283.1 1
5 6 348.4 650.8 1
4 9 219.0 549.5 1
5 2 42.0 217.9 1
0 6 99.1 260.7 1
1 9 8.2 336.8 1
9 3 122.7 220.6 1
4 10 209.0 422.6 1
2 7 82.7 131.8 1
5 1 20.2 103.5 1
3 10 366.3 702.8 1
3 6 23.1 72.3 1
2 4 202.9 258.7 1
0 4 44.1 241.9 1
0 8 247.2 382.4 1
3 5 251.8 501.5 1
0 3 147.3 486.1 1
3 8 348.8 643.1 1
4 9 367.1 550.3 1
3 10 242.3 365.5 1
6 3 196.8 278.7 1
7 3 227.9 530.5 1
6 10 366.9 527.7 1
9 7 217.0 475.8 1
0 6 56.7 181.7 1
6 5 323.2 372.5 1
7 4 138.8 325.4 1
EOF
