NUM_STATIONS: 10
NUM_REQUESTS: 80
NUM_VEHICLES: 3
VEHICLE_CAPACITY: 8
DISTANCES
0 1 7.9
1 2 8.1
2 3 2.5
3 4 7.9
4 5 2.3
5 6 7.4
6 7 8.2
7 8 1.4
8 9 7.4
9 0 3.5
REQUEST_SECTION
9 4 185.7 245.4 1
8 6 178.3 240.7 1
1 2 141.0 251.9 1
8 4 94.9 243.4 1
2 7 82.2 235.1 1
1 8 147.2 281.8 1
5 7 150.1 292.2 1
1 9 76.5 171.6 1
1 4 98.6 259.1 1
4 6 27.9 147.7 1
0 8 71.2 170.0 1
7 6 56.5 227.4 1
7 6 156.1 266.3 1
4 10 120.1 237.0 1
8 2 183.5 278.5 1
1 4 1.4 68.9 1
2 8 7.9 80.1 1
0 3 10.3 91.5 1
8 6 45.2 163.9 1
8 1 27.2 103.7 1
9 8 45.9 226.4 1
6 3 185.3 335.0 1
2 4 18.6 150.8 1
3 10 188.2 339.4 1
5 6 154.3 259.4 1
5 6 184.7 320.6 1
2 9 87.8 277.5 1
6 8 6.9 124.2 1
9 10 186.2 283.5 1
5 8 73.1 246.3 1
0 5 112.5 260.8 1
2 4 5.0 188.2 1
3 9 182.9 256.4 1
0 3 146.7 249.8 1
5 6 11.0 114.8 1
5 10 150.4 347.1 1
4 8 144.8 275.4 1
9 4 4.0 158.4 1
1 9 61.6 198.9 1
0 9 116.6 307.4 1
6 3 108.6 198.0 1
0 1 182.8 267.2 1
8 1 2.1 81.7 1
3 9 37.3 136.6 1
4 2 153.9 340.3 1
5 10 147.8 323.1 1
9 2 132.1 272.5 1
2 5 59.5 256.4 1
3 4 151.0 238.0 1
3 1 163.3 292.1 1
3 2 82.7 226.2 1
4 3 14.5 158.5 1
1 4 2.8 180.8 1
2 7 81.3 178.8 1
1 9 153.9 345.6 1
0 6 149.0 316.7 1
5 2 4.9 197.3 1
8 2 131.0 310.8 1
8 4 131.9 209.4 1
2 4 89.2 231.6 1
6 8 4.0 117.3 1
2 9 130.7 205.0 1
2 8 108.5 233.7 1
1 8 184.3 284.4 1
9 7 182.1 287.9 1
6 2 136.3 299.8 1
2 8 98.5 170.6 1
0 4 141.0 334.3 1
7 10 74.1 258.2 1
2 4 76.8 150.4 1
6 1 152.9 239.4 1
5 2 37.1 147.9 1
6 8 151.6 330.8 1
7 5 72.9 149.4 1
8 10 24.1 132.4 1
5 2 133.7 198.3 1
9 7 134.7 282.2 1
7 6 120.0 228.1 1
4 9 78.4 275.0 1
3 10 51.8 152.0 1
EOF
