NUM_STATIONS: 10
NUM_REQUESTS: 40
NUM_VEHICLES: 1
VEHICLE_CAPACITY: 8
DISTANCES
0 1 5.8
1 2 5.9
2 3 5.5
3 4 4.6
4 5 6.6
5 6 8.5
6 7 2.2
7 8 4.0
8 9 2.7
9 0 5.9
REQUEST_SECTION
5 3 108.2 223.1 1
6 3 190.0 262.3 1
4 5 75.9 189.9 1
3 7 53.4 165.8 1
8 3 245.7 357.7 1
2 5 57.8 238.2 1
2 8 46.6 192.8 1
4 7 113.3 256.9 1
9 1 201.1 283.9 1
2 4 103.9 174.7 1
1 10 22.6 157.2 1
7 2 166.6 319.6 1
5 4 250.5 427.2 1
2 8 184.2 308.0 1
2 5 98.5 220.0 1
8 3 146.1 236.8 1
6 2 49.9 118.6 1
9 5 61.6 161.7 1
5 8 110.3 276.1 1
6 9 47.3 134.2 1
3 2 141.5 199.6 1
7 2 48.0 163.6 1
3 5 254.1 314.5 1
9 2 70.4 180.7 1
9 5 134.2 185.9 1
5 3 130.4 274.3 1
5 9 186.9 352.1 1
1 9 20.3 113.2 1
0 4 16.7 194.8 1
3 5 160.9 279.7 1
8 7 226.3 349.5 1
3 4 29.6 166.3 1
7 2 211.0 272.1 1
9 8 79.7 196.0 1
4 6 257.9 370.4 1
2 3 23.4 178.5 1
2 9 108.0 220.3 1
3 1 171.1 271.1 1
4 2 224.6 337.1 1
3 8 248.4 359.7 1
EOF
