NUM_STATIONS: 10
NUM_REQUESTS: 20
NUM_VEHICLES: 1
VEHICLE_CAPACITY: 2
DISTANCES
0 1 8.9
1 2 4.6
2 3 7.4
3 4 8.4
4 5 9.1
5 6 4.1
6 7 8.9
7 8 3.5
8 9 7.1
9 0 5.5
REQUEST_SECTION
2 3 505.6 643.8 1
4 1 315.9 601.2 1
1 10 404.3 539.3 1
5 4 457.0 774.8 1
6 5 434.3 671.6 1
0 8 380.9 849.3 1
2 9 398.6 970.6 1
9 1 339.7 696.0 1
2 3 59.1 234.3 1
5 9 416.3 734.6 1
6 4 444.8 660.8 1
5 1 274.7 471.0 1
8 4 214.4 511.2 1
8 1 457.2 1026.7 1
9 2 373.9 930.4 1
5 8 437.4 1000.1 1
3 5 32.7 329.7 1
8 1 21.4 304.4 1
4 9 39.7 334.5 1
6 4 320.7 816.8 1
EOF
