NUM_STATIONS: 10
NUM_REQUESTS: 160
NUM_VEHICLES: 2
VEHICLE_CAPACITY: 8
DISTANCES
0 1 6.3
1 2 7.7
2 3 3.8
3 4 4.5
4 5 9.5
5 6 2.1
6 7 8.1
7 8 3.8
8 9 3.5
9 0 1.8
REQUEST_SECTION
8 5 72.3 230.0 1
2 7 179.2 407.7 1
0 6 177.4 601.1 1
4 2 4.1 213.0 1
6 1 200.2 317.3 1
6 5 380.0 656.8 1
4 5 13.8 159.8 1
1 7 254.7 550.4 1
9 1 146.7 439.1 1
8 4 199.4 342.0 1
6 8 215.3 542.1 1
3 10 259.0 530.2 1
9 6 346.5 535.4 1
1 3 226.2 589.8 1
9 1 293.8 494.4 1
6 5 197.6 396.4 1
1 10 323.8 500.2 1
0 8 226.2 393.3 1
7 10 105.1 420.5 1
2 5 377.0 572.6 1
3 9 63.9 119.0 1
9 5 381.3 639.6 1
2 4 286.4 357.3 1
0 5 195.9 282.8 1
6 5 284.0 441.7 1
1 3 280.9 387.3 1
7 5 63.2 150.7 1
0 4 222.6 288.2 1
2 10 71.5 465.5 1
1 10 256.8 320.2 1
4 1 79.5 302.3 1
5 8 108.6 168.5 1
8 5 313.1 613.5 1
4 10 86.7 363.6 1
6 3 300.5 423.2 1
6 5 378.9 484.6 1
1 7 281.2 374.9 1
3 1 42.7 268.3 1
0 3 258.4 654.4 1
3 2 58.6 250.6 1
7 4 9.5 443.1 1
6 4 73.1 479.9 1
3 8 113.6 312.1 1
7 2 89.9 436.9 1
8 3 37.7 165.0 1
8 2 180.9 234.2 1
2 3 230.7 648.3 1
0 1 289.1 485.2 1
5 8 55.0 253.5 1
2 7 84.3 150.4 1
8 4 38.0 241.8 1
3 8 179.3 471.3 1
2 5 271.4 427.5 1
4 1 73.4 134.0 1
6 4 379.6 629.9 1
4 5 254.5 491.9 1
6 7 157.2 402.1 1
2 8 1.1 247.7 1
8 10 173.2 360.0 1
9 8 227.7 338.4 1
9 3 292.7 400.3 1
8 9 235.4 337.1 1
8 9 6.7 429.3 1
8 10 8.2 224.0 1
3 9 54.6 419.6 1
2 8 363.0 709.7 1
7 3 39.5 442.1 1
1 8 342.5 648.6 1
9 1 327.5 552.5 1
4 6 237.6 421.4 1
2 10 250.4 413.1 1
0 3 58.8 255.0 1
0 5 137.9 445.0 1
5 3 310.5 443.7 1
9 3 348.1 561.1 1
9 4 249.2 479.4 1
3 2 226.1 573.7 1
5 4 94.5 227.0 1
7 1 114.6 241.0 1
0 7 78.4 152.5 1
5 8 159.0 364.7 1
9 1 121.6 293.8 1
3 4 177.9 609.0 1
4 9 296.1 725.3 1
5 1 84.3 427.5 1
5 2 120.1 525.3 1
2 1 153.1 300.6 1
8 2 290.0 678.5 1
0 8 235.3 482.4 1
3 1 302.1 648.1 1
2 10 277.5 584.0 1
0 8 162.3 556.6 1
6 9 100.8 255.1 1
3 8 19.1 244.0 1
4 2 29.3 81.0 1
7 4 175.6 249.0 1
9 1 323.2 657.6 1
7 8 293.9 576.9 1
4 7 241.8 494.7 1
8 5 245.5 386.5 1
8 7 50.0 280.3 1
3 1 274.7 582.3 1
6 3 286.5 373.6 1
5 9 247.1 580.1 1
3 7 75.2 210.0 1
2 7 245.5 417.4 1
2 7 282.6 647.5 1
9 10 369.8 626.2 1
0 8 287.4 713.2 1
7 8 90.4 321.4 1
4 3 290.4 497.1 1
6 7 370.8 467.5 1
1 6 226.9 503.4 1
5 1 102.6 529.0 1
4 9 319.2 402.0 1
3 8 25.2 441.7 1
5 7 74.6 506.4 1
6 9 309.9 705.2 1
1 5 382.5 498.3 1
8 2 7.0 284.8 1
9 10 156.9 256.4 1
5 7 230.7 432.5 1
5 4 218.1 372.5 1
7 6 137.9 337.1 1
5 9 115.6 321.6 1
9 7 210.1 368.4 1
3 5 205.1 290.7 1
5 9 363.6 738.5 1
7 8 40.2 423.0 1
0 5 122.5 245.0 1
6 3 31.6 418.1 1
2 5 247.2 528.1 1
9 8 116.2 520.0 1
1 10 37.9 217.1 1
4 6 89.4 325.1 1
4 9 41.1 93.7 1
6 7 321.6 651.9 1
8 1 168.7 584.8 1
7 2 237.7 312.7 1
8 7 276.0 463.1 1
6 8 171.5 300.9 1
1 6 100.5 270.6 1
0 3 145.7 344.6 1
5 1 248.8 585.4 1
0 4 41.0 339.1 1
9 4 366.0 561.3 1
1 10 65.0 414.9 1
8 5 4.3 259.0 1
7 6 240.1 668.6 1
3 9 239.6 331.4 1
0 8 120.3 437.9 1
2 9 67.3 284.1 1
9 8 135.3 446.2 1
1 9 173.5 359.1 1
1 8 28.8 423.9 1
0 5 74.3 222.7 1
4 6 0.0 125.5 1
7 5 70.2 272.3 1
9 6 17.5 177.8 1
8 5 133.1 273.5 1
EOF
