NUM_STATIONS: 10
NUM_REQUESTS: 160
NUM_VEHICLES: 2
VEHICLE_CAPACITY: 8
DISTANCES
0 1 3.3
1 2 8.6
2 3 9.8
3 4 4.8
4 5 3.7
5 6 5.0
6 7 1.8
7 8 2.0
8 9 1.3
9 0 2.7
REQUEST_SECTION
9 3 45.9 102.7 1
8 4 104.9 250.5 1
4 8 295.8 512.6 1
6 3 130.3 218.8 1
8 2 297.7 390.8 1
7 2 166.0 331.3 1
8 1 55.7 253.1 1
6 4 156.0 276.8 1
7 2 160.0 248.3 1
2 6 166.0 326.1 1
3 7 233.4 575.9 1
8 4 291.5 431.9 1
0 8 113.3 286.1 1
8 10 135.7 189.7 1
8 2 45.6 304.2 1
4 2 314.0 524.0 1
3 5 182.0 461.7 1
5 7 257.5 576.8 1
3 7 152.9 230.4 1
7 4 230.6 294.2 1
6 7 292.0 648.1 1
3 7 229.3 582.9 1
5 2 147.1 434.3 1
4 7 144.1 295.8 1
3 5 26.5 160.7 1
1 3 274.5 540.2 1
9 10 253.8 411.3 1
3 6 158.9 476.7 1
3 7 26.5 91.5 1
7 10 264.6 561.2 1
8 9 184.0 404.2 1
3 9 6.0 287.6 1
4 7 221.2 427.7 1
4 6 167.9 284.4 1
6 10 274.9 407.2 1
1 3 313.4 635.9 1
8 7 25.1 299.8 1
8 10 215.4 467.9 1
2 1 101.0 374.6 1
5 1 64.2 300.9 1
2 4 180.4 397.2 1
5 10 145.1 327.7 1
8 6 15.7 348.0 1
5 2 194.3 296.4 1
6 2 144.0 487.2 1
5 4 91.0 254.1 1
0 9 164.4 504.9 1
3 4 167.9 446.6 1
0 2 11.2 65.2 1
9 7 228.4 274.2 1
8 3 179.4 483.0 1
1 4 50.0 376.5 1
3 1 229.9 528.9 1
2 7 137.6 360.7 1
3 10 199.8 552.2 1
2 4 51.5 102.0 1
5 8 72.5 209.5 1
8 1 135.0 338.7 1
2 3 4.9 136.9 1
6 8 114.1 217.6 1
8 10 320.7 559.6 1
6 8 75.0 355.0 1
2 6 113.7 432.5 1
6 7 177.4 399.1 1
7 2 211.9 382.0 1
0 7 119.1 303.4 1
3 5 36.0 198.5 1
4 5 164.9 394.4 1
5 2 204.2 251.2 1
5 4 260.6 454.8 1
5 3 94.1 141.1 1
3 10 10.4 291.5 1
6 7 287.7 434.6 1
2 9 210.1 400.7 1
1 8 74.9 150.8 1
0 1 46.0 386.2 1
2 9 260.9 337.9 1
9 5 285.1 485.7 1
6 5 169.2 314.1 1
3 7 144.7 326.5 1
7 1 48.6 117.8 1
3 2 91.7 269.7 1
2 7 24.6 237.9 1
1 8 188.9 424.1 1
1 10 59.0 288.5 1
9 8 136.2 442.2 1
7 8 86.6 221.7 1
2 7 256.9 318.0 1
6 1 297.3 605.3 1
7 3 266.1 481.5 1
8 2 89.6 421.7 1
2 6 207.9 446.6 1
8 6 160.8 473.5 1
1 3 77.9 408.2 1
9 5 156.8 256.7 1
0 3 270.2 550.1 1
5 10 201.6 561.3 1
7 3 6.9 211.1 1
5 10 13.7 301.8 1
6 2 64.1 340.8 1
6 8 75.5 158.5 1
8 5 209.5 476.3 1
0 2 168.8 248.8 1
9 5 233.7 412.8 1
8 3 63.8 234.1 1
4 9 128.4 368.3 1
4 9 243.7 319.1 1
1 6 266.0 504.4 1
9 4 65.8 313.5 1
9 6 23.8 346.4 1
0 2 233.7 347.4 1
6 8 202.4 247.8 1
6 2 237.2 412.4 1
2 6 297.0 627.3 1
6 3 203.3 391.8 1
7 3 143.9 481.0 1
3 9 63.5 321.9 1
6 10 213.1 530.0 1
3 2 21.4 299.5 1
9 1 116.3 305.4 1
6 9 41.9 97.8 1
4 9 194.4 309.9 1
3 9 99.8 155.8 1
8 5 297.8 485.0 1
4 5 192.1 469.1 1
0 4 301.8 664.4 1
5 8 246.0 332.1 1
9 10 1.4 343.1 1
0 2 213.6 277.2 1
1 3 40.0 231.8 1
4 2 161.0 489.8 1
4 3 229.9 358.6 1
0 1 3.4 256.3 1
9 3 130.5 395.6 1
5 6 298.0 430.6 1
4 9 170.3 508.1 1
5 2 214.2 311.0 1
0 6 149.0 374.6 1
1 9 193.9 545.6 1
9 3 150.1 454.1 1
4 10 284.2 568.2 1
2 7 57.6 261.4 1
5 1 50.0 257.6 1
3 10 138.5 294.5 1
3 6 38.2 99.9 1
2 4 170.1 447.6 1
0 4 106.6 236.2 1
0 8 214.0 269.9 1
3 5 45.9 382.1 1
0 3 196.0 326.9 1
3 8 57.4 357.9 1
4 9 109.4 389.1 1
3 10 92.1 326.1 1
6 3 249.2 450.0 1
7 3 108.8 155.7 1
6 10 81.0 296.6 1
9 7 257.2 540.0 1
0 6 293.1 424.9 1
6 5 153.9 471.9 1
7 4 212.0 343.5 1
EOF
