NUM_STATIONS: 10
NUM_REQUESTS: 40
NUM_VEHICLES: 1
VEHICLE_CAPACITY: 8
DISTANCES
0 1 4.3
1 2 4.7
2 3 7.7
3 4 5.3
4 5 3.2
5 6 1.5
6 7 9.1
7 8 3.7
8 9 3.4
9 0 3.5
REQUEST_SECTION
2 7 62.8 174.2 1
8 10 139.5 242.9 1
4 9 15.9 89.0 1
1 7 149.0 251.4 1
9 5 220.2 317.9 1
8 6 53.1 183.6 1
2 6 44.4 191.5 1
6 5 68.8 123.9 1
4 9 171.4 293.2 1
6 9 4.8 129.7 1
1 5 152.3 270.7 1
3 8 70.6 131.4 1
9 10 170.8 232.9 1
4 5 92.3 165.2 1
5 6 86.9 139.4 1
3 9 17.8 76.2 1
5 7 91.5 242.5 1
0 5 63.2 215.4 1
5 10 222.5 356.7 1
0 2 129.9 177.2 1
0 4 55.0 201.9 1
1 7 96.9 236.3 1
0 3 229.1 338.6 1
9 3 153.2 208.0 1
3 6 159.4 249.5 1
9 7 220.6 274.7 1
4 7 93.2 170.5 1
2 5 185.0 245.6 1
2 5 4.6 90.3 1
0 4 220.0 280.4 1
0 9 5.9 81.9 1
7 1 133.9 243.5 1
7 2 105.7 263.8 1
1 9 42.5 136.7 1
2 7 48.5 139.8 1
9 8 138.1 287.4 1
7 6 82.5 145.9 1
4 2 230.6 373.1 1
1 6 138.9 275.0 1
4 1 83.6 138.9 1
EOF
