NUM_STATIONS: 10
NUM_REQUESTS: 20
NUM_VEHICLES: 1
VEHICLE_CAPACITY: 8
DISTANCES
0 1 8.3
1 2 2.5
2 3 8.9
3 4 6.4
4 5 8.5
5 6 5.9
6 7 7.6
7 8 9.1
8 9 7.1
9 0 6.5
REQUEST_SECTION
4 1 15.8 89.6 1
9 3 57.1 175.7 1
9 10 134.8 258.0 1
7 2 131.3 246.4 1
9 1 122.9 277.5 1
4 2 79.9 180.8 1
1 10 71.2 209.8 1
1 5 56.0 158.9 1
5 7 135.6 253.2 1
6 7 2.3 132.4 1
2 1 105.2 262.3 1
0 3 58.7 162.3 1
8 5 109.2 201.8 1
0 6 65.0 148.1 1
3 2 78.0 161.0 1
1 2 66.2 205.1 1
0 9 88.3 192.7 1
2 5 100.6 251.0 1
2 1 93.7 193.9 1
9 8 117.2 235.2 1
EOF
