NUM_STATIONS: 10
NUM_REQUESTS: 80
NUM_VEHICLES: 2
VEHICLE_CAPACITY: 2
DISTANCES
0 1 7.9
1 2 8.1
2 3 2.5
3 4 7.9
4 5 2.3
5 6 7.4
6 7 8.2
7 8 1.4
8 9 7.4
9 0 3.5
REQUEST_SECTION
9 4 740.8 1303.8 1
8 6 777.0 1235.8 1
1 2 144.5 688.6 1
8 4 969.6 1211.9 1
2 7 993.1 1527.9 1
1 8 85.1 447.7 1
5 7 607.8 833.1 1
1 9 524.1 603.9 1
1 4 388.7 484.5 1
4 6 308.6 466.6 1
0 8 491.6 923.3 1
7 6 827.4 1187.2 1
7 6 871.5 1265.1 1
4 10 693.1 947.7 1
8 2 537.1 873.4 1
1 4 613.9 1072.0 1
2 8 983.4 1104.6 1
0 3 663.5 1245.0 1
8 6 1123.4 1696.8 1
8 1 159.4 775.6 1
9 8 990.2 1249.8 1
6 3 747.1 1079.4 1
2 4 399.5 789.6 1
3 10 296.5 890.8 1
5 6 801.6 1218.3 1
5 6 811.7 1419.7 1
2 9 1034.7 1551.8 1
6 8 1006.7 1093.3 1
9 10 859.0 1180.0 1
5 8 140.9 489.7 1
0 5 722.5 1183.3 1
2 4 717.9 1059.0 1
3 9 338.3 595.5 1
0 3 475.8 723.0 1
5 6 343.6 729.4 1
5 10 830.0 1026.0 1
4 8 580.8 1021.6 1
9 4 721.8 1239.1 1
1 9 402.6 646.1 1
0 9 774.6 874.5 1
6 3 187.9 652.1 1
0 1 272.7 700.9 1
8 1 432.9 533.4 1
3 9 562.3 1113.7 1
4 2 994.1 1503.3 1
5 10 781.1 950.7 1
9 2 236.5 775.0 1
2 5 645.8 1254.4 1
3 4 55.1 423.1 1
3 1 724.1 1251.2 1
3 2 701.2 999.8 1
4 3 229.2 654.9 1
1 4 423.0 655.4 1
2 7 846.1 1214.8 1
1 9 802.7 1015.9 1
0 6 804.1 1273.5 1
5 2 26.6 447.9 1
8 2 137.8 553.7 1
8 4 964.3 1390.8 1
2 4 220.7 461.3 1
6 8 469.4 1084.9 1
2 9 431.0 738.1 1
2 8 341.9 853.4 1
1 8 1026.9 1484.7 1
9 7 712.3 1004.4 1
6 2 399.7 649.7 1
2 8 466.1 689.2 1
0 4 301.9 526.6 1
7 10 503.8 864.1 1
2 4 438.2 923.5 1
6 1 549.4 870.3 1
5 2 537.6 1022.6 1
6 8 1126.0 1473.1 1
7 5 334.3 590.7 1
8 10 280.6 353.7 1
5 2 884.9 1086.2 1
9 7 66.5 240.3 1
7 6 1039.8 1278.8 1
4 9 1065.4 1546.6 1
3 10 407.0 923.3 1
EOF
