NUM_MACHINES: 15
NUM_REQUESTS: 240
NUM_VEHICLES: 5
VEHICLE_CAPACITY: 12
DISTANCES
0 1 9.7
1 2 1.2
2 3 2.7
3 4 13.2
4 5 2.9
5 6 4.3
6 7 8.8
7 8 5.6
8 9 9.0
9 10 6.5
10 11 2.1
11 12 10.5
12 13 1.8
13 14 5.6
14 0 14.7
REQUEST_SECTION
13 9 330.1 780.8 10
7 8 1010.1 1498.2 11
13 12 498.7 656.0 10
11 4 773.5 1202.6 7
4 2 72.4 391.7 4
13 1 428.7 742.0 7
10 1 1166.2 1614.5 3
13 4 229.6 818.3 9
8 7 307.6 688.5 4
3 13 72.1 631.5 5
8 12 348.5 795.2 7
14 5 1050.6 1682.7 6
7 2 90.4 456.6 10
14 13 11.7 694.1 5
9 6 112.3 272.3 12
11 13 495.2 871.9 3
2 6 1132.3 1442.3 12
0 12 876.4 1426.6 10
3 8 216.9 612.9 7
5 3 842.1 1364.5 1
4 7 568.9 863.0 2
0 1 871.6 1203.2 4
4 3 11.8 402.7 11
0 8 360.5 985.5 9
8 3 948.6 1147.9 6
13 5 71.2 553.6 8
14 10 897.2 1544.6 7
9 12 955.7 1312.3 4
5 12 1004.8 1676.4 4
10 8 390.7 1032.0 11
6 15 147.9 455.6 2
3 5 248.8 628.0 6
1 9 817.1 946.6 1
6 1 914.8 1474.5 4
4 14 899.1 1270.1 2
0 10 179.4 634.9 8
2 15 1018.3 1189.2 3
4 12 755.4 1163.9 5
14 2 564.4 737.4 9
2 1 178.5 309.8 2
11 10 235.8 399.9 12
13 8 646.0 935.1 11
14 15 1031.0 1255.9 4
14 11 521.6 658.3 2
11 14 1171.0 1831.9 8
0 12 186.8 340.9 7
13 11 585.5 1239.4 7
14 9 1042.7 1682.5 12
6 3 938.8 1102.8 10
14 3 41.7 717.1 7
11 2 864.3 1495.6 10
14 1 865.0 998.7 2
5 11 302.6 545.9 6
13 7 339.6 921.4 10
5 15 564.0 706.0 3
5 12 1090.1 1329.6 1
4 1 474.4 966.9 2
12 8 399.3 664.6 7
11 1 1030.7 1394.3 9
14 8 668.9 972.8 2
9 3 473.3 641.6 5
10 8 225.5 419.4 8
10 3 61.0 377.1 5
11 8 559.8 928.5 10
2 12 162.8 560.2 11
6 12 1072.6 1385.4 1
5 3 351.0 498.4 11
0 4 963.0 1443.2 1
6 7 685.2 1045.3 4
13 9 301.2 964.9 5
2 4 1027.2 1491.0 1
2 5 530.1 913.1 8
6 10 914.2 1382.8 2
3 12 461.6 885.0 1
4 12 540.5 1062.0 10
7 10 122.0 497.6 7
10 1 191.2 628.3 6
4 6 593.8 1079.8 12
7 2 157.8 343.2 1
4 3 210.8 490.6 6
9 3 647.0 758.6 7
6 15 1067.7 1589.8 7
3 12 388.3 771.3 10
13 3 97.7 343.4 12
13 11 988.2 1653.5 10
2 14 462.6 572.5 5
6 15 155.9 488.4 7
9 10 810.7 957.8 8
10 5 80.2 674.7 10
11 2 643.7 799.5 6
8 12 530.7 644.7 10
12 6 635.2 1120.3 12
4 14 695.5 936.1 7
4 15 609.9 1274.7 11
4 14 933.5 1064.3 6
3 13 923.7 1210.7 7
1 8 1012.2 1592.3 3
13 3 524.3 641.3 6
13 14 455.2 671.8 9
1 12 634.7 942.2 8
12 7 550.3 1223.6 10
5 4 519.7 971.1 9
1 3 483.5 586.6 6
3 6 795.9 995.3 6
2 6 297.5 773.2 1
0 13 313.6 988.7 3
7 2 603.2 1233.1 11
13 8 433.6 729.2 12
1 14 78.8 681.8 6
13 1 359.8 805.9 7
0 5 1167.4 1284.6 3
12 5 1049.6 1276.2 2
12 13 531.2 958.1 11
2 3 1092.6 1540.1 10
0 2 160.5 622.2 1
4 8 1110.1 1486.7 3
7 15 61.9 548.1 8
1 15 237.4 682.7 3
10 15 297.9 893.4 8
5 14 679.0 1002.4 1
2 7 546.7 683.8 1
10 9 465.3 1111.6 9
12 7 1079.9 1421.8 8
7 13 1145.2 1249.7 3
13 11 898.8 1350.0 12
4 13 738.9 996.0 2
2 11 582.9 989.1 10
4 7 721.3 1261.2 4
11 6 92.3 469.9 12
8 13 238.9 825.6 5
9 12 774.7 966.4 7
3 2 1051.9 1437.6 1
14 11 549.4 673.1 10
10 12 456.5 616.5 8
2 9 898.0 1448.2 5
2 7 66.7 400.6 1
8 10 258.9 387.0 4
8 7 612.3 890.0 7
11 15 785.0 1118.4 11
3 10 15.3 511.3 4
5 1 212.3 612.2 1
9 10 213.6 392.4 4
13 8 1037.1 1437.2 7
10 6 1009.9 1405.4 4
7 1 1039.8 1281.0 8
1 5 949.7 1300.9 9
0 1 682.4 1171.0 2
0 7 469.1 818.2 8
13 5 880.0 1105.3 5
4 6 616.6 901.9 3
10 3 1155.1 1725.1 2
8 13 924.4 1246.4 5
10 15 969.2 1631.4 9
12 1 468.4 1082.9 9
12 10 4.5 303.8 12
4 12 682.1 896.5 1
12 3 463.3 913.2 1
6 13 18.8 479.5 5
12 14 1115.9 1768.0 7
14 9 513.8 1175.6 10
5 15 509.8 925.7 11
8 10 685.9 1054.1 1
9 1 990.2 1280.3 12
8 15 15.5 121.7 12
4 6 140.6 800.8 4
9 6 975.7 1141.6 12
10 11 463.1 731.4 3
1 6 36.9 657.4 11
11 4 870.9 1026.0 3
3 4 226.6 822.0 12
12 1 165.0 447.1 5
14 7 117.0 362.7 5
2 12 378.9 879.6 6
9 11 235.2 640.1 12
3 7 765.1 1345.5 4
9 10 73.4 173.8 12
4 3 669.8 1112.5 11
4 6 361.0 590.9 1
9 1 877.1 1295.5 2
11 15 643.3 756.7 9
0 6 991.7 1587.5 10
9 11 385.4 537.1 1
9 1 358.3 928.7 2
8 14 836.1 949.4 8
3 11 166.1 482.8 3
9 1 344.3 957.2 4
13 1 315.3 459.5 2
11 2 329.1 775.2 9
0 5 851.5 1082.6 10
2 3 959.0 1342.4 1
13 9 654.7 1271.9 8
7 11 377.3 1044.3 9
10 14 841.8 1122.1 5
14 12 48.4 325.7 5
13 3 610.6 975.8 11
0 11 590.9 694.2 6
8 15 199.4 503.4 10
0 10 117.0 791.8 8
2 4 295.3 487.9 4
3 9 188.5 362.5 4
0 10 679.3 1020.4 12
9 6 917.7 1171.5 1
9 5 476.4 980.7 4
14 12 1146.1 1784.3 10
2 10 1086.0 1366.5 9
9 14 1082.3 1254.6 6
7 2 446.3 564.3 1
7 10 1024.9 1464.3 7
12 13 336.4 541.7 11
0 2 684.4 1023.4 8
13 7 390.6 874.9 1
0 12 147.3 349.9 10
3 6 560.9 728.7 3
11 8 546.8 814.7 3
1 8 87.3 516.4 11
8 14 177.3 721.3 1
5 8 183.7 621.7 5
10 11 825.1 1054.7 1
0 13 234.1 347.4 2
6 12 1179.4 1691.7 7
0 4 846.1 1299.0 7
6 5 885.7 1435.6 1
11 12 728.7 878.2 10
14 1 473.9 723.1 7
2 15 535.3 852.9 5
10 4 319.6 844.0 7
10 8 303.7 606.2 2
3 14 530.7 1022.0 6
8 12 785.7 1028.3 12
8 9 289.9 709.2 10
2 10 437.1 921.5 2
4 12 746.5 1411.1 9
10 3 1098.9 1255.9 4
2 12 687.4 1315.9 12
6 2 435.4 741.9 5
12 15 1006.2 1483.6 6
1 5 1121.3 1632.9 3
5 13 66.7 356.0 4
3 10 638.7 766.8 4
5 14 586.2 769.2 8
EOF
