NUM_MACHINES: 15
NUM_REQUESTS: 240
NUM_VEHICLES: 5
VEHICLE_CAPACITY: 12
DISTANCES
0 1 4.5
1 2 3.2
2 3 5.6
3 4 8.1
4 5 4.9
5 6 5.8
6 7 9.5
7 8 2.9
8 9 14.3
9 10 10.5
10 11 7.9
11 12 14.1
12 13 10.9
13 14 4.9
14 0 11.5
REQUEST_SECTION
7 1 796.0 1491.0 7
5 11 561.9 891.8 4
3 11 23.7 707.5 10
2 14 278.5 801.9 10
11 9 1404.8 2127.3 5
14 4 1231.0 1722.9 11
14 3 1049.9 1796.8 1
11 6 134.5 707.3 4
10 3 1075.4 1488.3 1
8 12 45.4 423.6 6
1 4 1410.6 1899.5 2
12 14 1214.1 1562.4 2
5 13 848.6 1151.8 3
9 13 196.7 916.9 10
11 10 364.5 523.6 6
10 14 965.9 1539.7 6
10 1 987.3 1237.4 7
6 13 534.6 840.3 2
0 8 1317.2 2003.4 7
13 7 979.8 1790.3 10
1 10 834.4 1013.1 2
2 13 1035.3 1331.1 11
0 9 971.9 1739.1 11
0 9 248.3 539.0 1
1 12 650.5 772.3 1
2 10 74.1 480.9 6
12 15 1240.1 1633.1 1
5 14 1028.6 1805.1 6
7 11 439.3 1234.5 4
14 3 1001.2 1735.9 8
7 4 263.6 752.5 12
3 12 1028.9 1654.9 8
6 2 27.9 679.5 7
9 13 173.1 917.3 10
13 5 1094.1 1532.6 8
0 4 1295.8 1496.5 11
2 7 1078.9 1424.1 9
6 12 892.0 1235.7 5
5 12 473.0 995.9 4
4 10 237.2 1043.8 1
0 7 586.9 1327.5 11
5 14 1414.7 1969.6 11
0 10 289.6 419.2 11
6 15 253.7 655.0 9
4 10 421.9 1038.4 1
10 7 305.6 770.1 12
6 8 1397.5 1959.3 7
5 9 54.9 265.4 5
7 9 713.8 924.6 9
5 12 1403.0 1679.6 1
14 11 873.0 1525.2 5
3 6 1070.8 1897.8 1
3 7 1300.0 1581.1 4
2 10 24.9 477.4 6
1 12 682.2 872.1 9
6 1 1267.1 1563.7 3
11 7 1415.6 1991.4 6
9 15 945.5 1631.3 6
2 14 737.6 1530.0 11
6 5 605.9 1043.8 7
14 4 420.1 1177.4 1
7 4 628.2 891.4 8
10 2 678.8 1498.1 12
0 3 409.3 1046.1 8
3 10 901.9 1069.7 10
6 4 202.8 600.4 9
7 8 49.3 432.4 10
10 14 1006.8 1349.3 3
12 5 728.4 1198.4 11
11 13 459.2 1287.6 1
5 6 664.6 815.9 6
8 13 1299.8 2029.3 6
14 11 9.4 244.5 6
6 2 888.4 1269.7 7
12 11 673.3 1056.8 6
12 11 1373.6 1886.3 10
8 4 1212.1 1762.6 8
4 12 960.9 1435.7 2
11 2 1182.7 1513.4 9
0 4 1254.4 1645.5 5
5 14 1143.5 1917.0 2
13 9 242.1 654.1 10
1 3 1303.6 2080.4 8
7 14 658.7 969.5 2
13 4 808.0 1003.5 9
12 3 30.9 574.0 3
0 4 1285.7 1721.4 4
5 7 604.1 732.5 9
12 8 542.1 664.1 11
4 10 40.7 544.4 8
8 14 789.5 1539.1 4
1 7 930.0 1456.7 2
8 5 825.3 1450.6 1
11 1 1212.3 1575.1 6
3 11 183.4 576.4 2
3 6 1321.6 1865.8 4
11 9 526.9 1185.6 5
10 4 207.4 867.1 10
8 6 146.1 432.7 4
6 8 1400.5 1651.7 1
14 3 525.5 1060.1 12
12 11 1315.8 1727.9 8
13 7 1317.8 1509.2 9
13 12 327.4 564.9 8
7 13 177.2 679.4 3
8 13 367.6 1095.4 2
10 7 943.5 1195.7 12
8 12 418.4 1085.8 2
0 11 136.9 854.6 8
9 7 1220.9 1991.8 11
9 15 131.5 287.0 2
8 14 973.1 1350.2 8
14 13 1277.4 1548.9 12
2 4 400.4 714.9 8
3 10 328.3 574.0 6
5 14 85.0 380.0 6
5 6 780.2 1521.1 4
2 1 1126.8 1774.0 5
6 7 614.7 1046.7 1
2 3 1270.1 1539.9 8
9 7 459.4 578.0 3
14 11 977.2 1101.9 8
5 7 1233.7 1425.4 7
4 3 615.8 1310.8 7
0 1 739.9 1367.1 7
7 6 1038.7 1601.4 1
12 15 953.6 1377.8 10
3 4 1395.2 2200.7 4
13 11 1206.3 1470.3 12
12 1 27.7 637.0 8
11 7 342.9 608.9 5
8 2 408.1 956.8 8
5 12 89.1 486.1 7
5 13 715.8 998.5 11
13 5 638.1 762.8 11
9 7 230.7 358.2 3
11 4 949.1 1755.9 1
9 5 1282.0 1441.7 12
3 2 842.2 1271.2 4
10 4 803.6 1061.7 2
9 10 1091.2 1884.1 11
1 12 1355.6 1793.6 3
10 11 220.5 498.8 1
12 2 691.8 914.6 9
0 11 133.7 347.1 2
13 5 1362.9 2164.4 12
0 9 494.1 1240.3 1
12 6 1140.2 1498.7 4
1 15 255.1 403.2 11
5 7 1278.6 1749.9 6
13 10 905.3 1154.4 4
14 15 178.0 545.2 4
1 3 401.1 871.4 12
13 11 1395.6 2209.1 2
8 1 819.1 1557.5 3
14 12 831.6 1554.2 7
3 12 378.9 750.8 12
3 4 1315.1 2098.2 1
14 5 1142.4 1889.9 7
9 2 106.1 559.2 8
9 5 1213.3 1776.8 10
8 9 400.0 892.5 10
14 7 522.4 853.5 2
0 7 1249.4 1586.4 1
4 6 52.1 242.1 6
8 1 825.1 1543.6 3
6 4 951.3 1659.0 10
14 12 36.2 755.6 8
4 5 1021.0 1390.1 10
2 12 1242.4 1877.6 6
14 10 942.0 1767.6 5
3 8 166.8 345.0 10
10 5 1283.0 1831.9 6
12 1 1042.7 1700.4 8
10 8 282.6 610.4 5
10 8 147.5 419.3 3
5 10 700.9 1219.7 8
10 1 1090.4 1458.1 11
3 7 711.4 1367.7 10
13 8 479.8 709.7 12
0 2 1233.4 1452.6 4
1 13 256.7 665.3 7
13 6 829.4 970.6 2
6 8 224.3 706.1 12
14 7 934.9 1228.4 6
9 5 1195.3 1722.9 7
11 15 1011.7 1492.7 1
9 15 442.7 835.4 11
5 9 581.9 784.2 5
12 4 343.3 924.7 3
6 4 1180.8 2010.6 3
14 4 825.2 979.7 2
6 11 253.3 427.5 3
3 6 1147.6 1856.2 4
3 12 836.1 1218.7 11
14 10 374.8 932.6 4
12 15 1084.6 1428.0 9
8 1 172.5 324.1 1
6 10 688.8 1367.5 2
7 3 708.2 1449.9 10
12 2 210.5 807.9 11
2 6 1388.5 1834.2 5
6 14 267.6 998.0 11
6 3 1123.0 1595.7 1
0 5 252.4 539.5 5
10 1 989.0 1251.8 10
14 3 219.8 430.8 9
0 3 1178.2 1587.1 6
12 15 763.3 1380.4 7
8 4 706.3 1531.5 9
4 12 337.1 872.9 3
12 11 212.6 686.5 6
11 9 250.0 637.1 10
7 10 1100.5 1846.3 10
0 11 245.5 489.6 2
10 5 483.2 790.6 1
12 14 1228.2 1431.4 1
6 9 458.7 1212.0 6
5 15 865.8 1124.6 5
5 13 1193.1 1927.2 8
3 8 991.3 1632.3 12
6 8 1057.3 1835.0 12
4 8 1311.3 1795.9 7
5 6 999.1 1446.1 4
4 12 1397.5 1856.0 1
2 11 655.5 1005.6 8
1 6 300.9 924.1 3
12 11 1221.8 1395.5 4
13 5 53.0 715.5 11
14 13 364.1 1123.8 9
13 14 599.1 1315.2 3
8 11 733.7 1562.5 11
2 10 637.8 1128.6 5
10 4 302.2 934.3 9
4 10 518.9 981.2 12
10 11 1242.7 1545.4 5
4 8 1160.4 1340.2 9
2 9 691.0 1114.5 9
14 11 1346.6 1611.0 7
7 13 1140.2 1427.5 4
EOF
