NUM_MACHINES: 15
NUM_REQUESTS: 240
NUM_VEHICLES: 5
VEHICLE_CAPACITY: 12
DISTANCES
0 1 6.7
1 2 12.8
2 3 9.7
3 4 13.6
4 5 2.6
5 6 3.5
6 7 12.4
7 8 14.3
8 9 6.5
9 10 3.4
10 11 14.8
11 12 3.5
12 13 1.9
13 14 6.8
14 0 10.7
REQUEST_SECTION
7 13 810.6 1457.9 8
4 12 843.1 1035.2 2
8 10 857.0 1027.2 12
11 2 180.1 437.4 8
6 13 138.6 860.8 7
1 8 868.8 1311.8 5
6 3 56.6 502.1 4
1 12 226.5 1055.1 7
6 3 492.2 942.5 2
7 6 1042.0 1322.6 3
7 8 52.2 596.0 8
3 15 659.2 1103.9 10
12 1 127.0 356.8 5
5 12 67.0 353.9 8
4 3 676.9 1128.8 6
7 13 1019.1 1317.1 6
11 2 1186.1 1392.4 8
8 1 1242.1 1448.2 10
3 14 1335.1 2015.2 2
10 3 1429.9 1766.8 8
5 6 811.9 1019.5 4
13 5 1463.9 2276.2 6
9 11 1215.9 1512.0 8
5 11 423.0 1008.0 3
2 10 1044.9 1215.1 5
13 6 149.4 965.6 5
2 12 1119.6 1918.9 3
2 3 731.2 1151.2 12
0 4 663.2 1318.5 8
5 11 289.3 823.6 4
0 5 481.1 1158.3 7
11 8 747.5 939.7 11
14 4 317.1 531.7 1
4 15 1098.6 1518.4 9
8 1 1315.5 1840.3 3
9 5 1220.1 1444.2 9
12 14 906.0 1163.6 12
0 3 756.3 1395.3 2
11 3 703.0 1316.0 12
13 10 352.8 928.8 9
9 3 891.6 1694.5 2
6 4 482.5 978.9 4
12 7 6.2 780.6 10
3 4 792.1 1379.6 6
4 11 973.9 1550.8 6
8 13 399.2 1121.5 6
14 3 401.0 1254.4 5
6 13 375.3 613.4 5
13 3 153.9 329.9 11
5 9 858.5 1397.9 8
3 10 1230.9 1814.2 11
7 14 528.4 1288.3 10
5 6 1199.9 1968.0 6
3 13 1216.3 1834.9 9
13 12 384.9 801.1 5
11 3 1353.0 1849.0 3
12 2 1111.4 1801.3 10
1 15 384.7 1218.0 12
13 8 1121.2 1915.1 11
8 14 671.3 1327.6 9
0 12 630.9 1096.4 3
10 7 979.6 1376.0 5
12 3 239.2 404.3 9
8 5 1040.1 1691.8 2
3 5 929.9 1623.3 12
7 11 508.1 816.1 8
7 4 602.6 1255.4 8
7 2 470.4 1216.7 12
10 6 868.6 1011.5 2
10 13 1309.4 1793.2 12
13 15 108.4 446.7 6
6 12 219.6 830.7 12
11 15 362.5 986.2 6
6 14 986.0 1802.4 4
7 15 200.3 731.7 8
3 9 1093.5 1255.6 11
9 10 661.9 1410.1 7
1 12 966.3 1579.8 10
10 2 1156.0 1527.0 2
13 14 1426.3 2260.9 12
13 9 569.5 790.1 1
7 10 1439.3 2187.4 6
10 15 1187.5 1672.6 6
0 12 1030.5 1890.4 3
8 3 95.7 451.7 9
1 2 618.0 1409.2 9
7 1 876.3 1738.0 1
7 10 1375.2 2005.9 5
3 9 145.9 355.3 5
0 7 784.7 1534.5 1
11 2 432.3 1052.8 4
4 13 376.8 1010.2 2
4 14 871.1 1490.7 6
0 1 657.7 1076.1 2
11 3 164.5 519.3 8
10 4 132.5 785.8 2
9 8 575.8 1343.9 11
7 9 171.8 968.7 11
0 8 515.5 1209.3 9
9 2 862.3 1319.8 3
0 14 770.2 1067.6 4
14 3 170.5 752.1 9
2 12 1175.8 1617.6 12
5 15 390.2 1098.9 11
14 8 667.1 1198.9 4
12 13 376.5 1052.5 1
9 8 97.4 865.1 7
0 5 1442.9 2177.9 4
3 10 400.6 1033.3 9
1 14 799.1 1141.6 11
5 12 514.6 1053.9 6
11 8 722.3 1346.3 3
10 3 1314.0 1887.8 12
13 9 931.8 1751.0 6
10 3 216.9 817.9 1
10 15 768.2 1314.3 8
8 9 702.0 984.1 9
11 10 1454.6 1940.9 11
14 13 1146.6 2007.0 5
9 5 386.4 846.9 7
14 1 15.3 651.8 8
14 11 1093.3 1338.6 8
9 12 377.2 623.6 5
13 7 327.5 882.2 4
11 6 135.6 809.9 4
10 15 146.6 683.9 10
1 7 1376.2 1599.1 5
1 2 300.2 1078.6 3
1 13 646.4 1203.0 7
7 8 694.1 1407.2 9
8 15 988.3 1226.7 3
7 11 714.8 1545.2 3
9 14 1103.2 1908.4 4
2 12 1415.6 2031.4 9
2 12 810.0 1430.7 4
7 1 512.7 1170.1 6
4 10 446.5 819.3 2
4 11 897.3 1306.0 9
0 13 672.8 1308.3 10
14 2 517.6 1257.4 7
1 3 535.3 752.1 8
13 8 752.4 1402.8 8
0 1 1031.6 1440.0 6
6 3 871.8 1512.6 6
4 8 42.3 194.7 4
6 7 176.3 992.9 5
6 2 1064.8 1195.0 2
1 15 233.5 922.6 1
8 5 1055.0 1815.5 8
0 3 1359.8 1840.8 2
2 8 1212.9 1642.4 4
8 4 332.0 980.2 4
9 14 422.7 723.3 5
12 15 1402.3 1896.7 12
12 3 312.2 988.0 11
9 4 878.8 1137.5 4
13 1 1027.6 1530.6 6
0 12 1031.8 1827.4 9
11 14 278.8 867.0 2
0 2 1152.2 1392.1 6
10 2 86.3 318.2 7
10 2 119.9 658.0 1
12 1 873.4 1307.9 3
4 13 1093.9 1858.8 10
13 15 7.3 851.4 8
13 15 181.7 976.5 5
14 1 974.2 1625.2 4
4 15 490.1 1170.2 10
0 4 96.2 918.9 2
10 15 1329.2 1995.5 3
14 9 164.6 963.6 7
9 5 811.8 1571.1 9
5 9 1075.7 1784.7 7
11 1 670.1 1445.9 3
0 11 822.3 1217.3 5
3 14 1195.0 1954.1 4
8 13 1443.1 2015.5 8
11 7 665.7 1354.0 2
4 8 1339.3 1617.9 11
5 12 98.1 465.6 2
11 7 286.2 1102.5 12
10 4 1258.3 1755.4 9
14 3 205.8 944.3 2
9 5 950.4 1763.3 4
1 13 1290.7 2089.5 1
1 3 327.4 1059.8 6
7 4 919.7 1387.0 11
12 2 1460.8 2147.9 2
7 9 344.7 521.4 10
8 1 1207.2 2040.6 2
7 1 303.4 613.7 4
10 12 401.7 1253.7 5
4 2 780.1 958.8 1
7 14 200.5 962.6 7
13 5 1348.1 1650.2 12
12 1 63.3 469.8 7
9 4 528.0 718.1 9
3 11 190.2 410.6 8
8 11 1081.0 1713.4 5
4 3 1137.8 1482.1 4
6 7 1206.9 2042.3 12
7 10 1285.6 1499.1 10
5 9 970.1 1508.3 6
10 7 1256.6 1925.5 9
1 4 1062.1 1317.1 10
7 5 981.8 1668.6 8
1 10 1390.3 1807.4 10
10 1 1311.1 1920.5 7
9 10 1173.6 1943.7 7
11 4 1006.6 1762.3 7
0 4 91.9 641.9 2
3 7 537.2 985.1 12
4 1 1071.6 1300.9 8
11 13 704.8 1004.4 4
12 2 777.2 1341.8 9
10 13 1240.6 1805.7 7
12 10 814.8 1520.7 7
4 11 138.6 865.0 12
9 10 451.6 1166.2 7
7 3 791.2 1567.3 10
3 9 1434.6 2148.0 6
12 2 799.3 1091.5 9
8 13 264.1 486.3 9
12 4 849.6 1177.0 6
3 12 518.4 1047.6 9
10 6 1011.7 1627.0 1
4 5 1221.5 2016.0 4
2 3 1451.6 1882.1 3
1 12 529.7 1286.5 8
11 12 1324.2 1525.8 12
13 14 1052.1 1887.1 2
10 15 654.9 1470.3 7
12 4 241.2 782.9 6
14 6 1203.1 1693.2 10
3 2 586.9 1442.4 7
4 15 1400.7 2088.6 9
12 15 843.8 1173.2 5
6 3 37.9 234.7 9
4 15 924.9 1341.9 1
10 7 423.6 1045.3 11
EOF
