NUM_MACHINES: 15
NUM_REQUESTS: 240
NUM_VEHICLES: 5
VEHICLE_CAPACITY: 12
DISTANCES
0 1 2.8
1 2 9.2
2 3 2.4
3 4 8.2
4 5 1.4
5 6 12.7
6 7 1.6
7 8 14.5
8 9 12.2
9 10 6.2
10 11 6.3
11 12 12.2
12 13 12.6
13 14 5.9
14 0 2.7
REQUEST_SECTION
4 6 844.7 1551.6 1
1 10 675.3 1367.0 12
13 5 114.0 437.6 10
4 9 627.0 1201.3 12
7 13 986.8 1554.6 1
13 1 973.2 1092.9 10
6 15 189.3 366.3 5
4 2 541.8 954.1 11
1 10 39.2 602.2 10
7 13 136.3 826.1 9
0 10 1025.7 1686.2 1
1 6 306.4 903.4 10
0 11 49.5 764.4 5
4 13 883.9 1362.5 7
7 11 316.8 504.9 1
8 13 205.3 563.4 7
9 6 651.6 1372.1 4
12 7 59.6 330.1 9
7 14 23.3 413.1 11
6 13 1313.8 2067.3 6
10 7 737.7 1013.1 9
1 5 338.9 1077.3 4
13 12 1233.7 1703.1 6
4 15 1310.1 1836.5 3
7 6 645.1 1320.6 10
0 7 1140.7 1875.7 6
14 15 392.6 579.1 9
5 10 1270.6 1984.5 9
0 2 710.0 1194.8 8
13 14 448.8 1202.4 4
3 12 545.9 1179.8 1
14 12 853.9 1236.2 1
3 15 432.8 667.3 5
8 12 188.9 837.0 9
4 12 7.8 603.0 7
1 10 142.0 421.7 7
5 8 380.2 699.3 4
14 2 439.3 1176.7 8
13 2 17.0 486.1 11
0 14 349.3 538.8 7
3 10 1071.0 1282.4 2
13 4 1269.7 1804.5 3
3 2 537.3 746.8 12
9 8 451.4 847.2 5
11 15 1079.0 1316.0 5
4 15 639.5 840.3 7
1 11 927.3 1339.1 8
3 7 182.0 501.9 8
10 5 880.4 1602.0 12
11 6 998.7 1681.4 5
8 6 809.5 1201.2 11
1 5 1271.1 1490.1 9
13 8 941.0 1433.9 11
12 1 1220.0 1415.7 12
10 14 487.5 869.6 1
6 1 698.5 978.4 5
8 6 551.5 847.8 8
11 13 1020.6 1298.2 1
9 8 936.9 1318.2 12
12 8 1287.8 1484.9 3
13 5 445.9 657.9 9
14 7 1134.8 1897.7 12
8 9 577.6 1029.0 9
5 6 402.9 1141.5 12
13 10 1189.5 1856.5 6
9 12 201.0 494.8 11
4 5 786.0 1508.6 4
13 15 614.5 788.7 3
2 3 352.4 557.2 11
8 3 668.1 1050.3 2
2 3 121.6 898.9 8
2 11 1159.6 1749.9 9
7 15 1162.7 1733.3 1
8 9 723.7 1242.2 7
13 9 906.5 1602.9 9
2 14 1086.3 1223.6 2
9 8 1220.6 1431.4 7
14 6 383.6 901.1 7
13 2 864.6 1561.2 11
5 11 524.4 1070.4 3
0 5 423.5 871.9 10
7 15 443.5 777.0 8
9 1 1031.9 1439.3 7
12 8 1249.4 1709.4 8
0 6 994.1 1524.5 3
6 15 253.1 682.7 7
5 9 228.6 745.9 6
10 8 571.5 1008.4 10
3 6 320.7 1055.3 12
5 4 1033.6 1249.7 3
7 6 1330.3 1777.3 6
7 11 188.7 601.9 12
11 13 884.7 1439.7 8
13 8 618.7 1309.7 6
7 9 1331.2 1675.5 9
12 10 545.9 1279.6 8
1 8 473.3 1100.8 11
5 1 565.8 780.3 8
10 5 630.8 793.5 10
3 2 203.9 623.6 10
13 15 988.1 1244.8 6
14 4 266.1 1008.3 12
13 3 782.1 1111.8 3
0 6 345.4 1077.2 3
0 8 1193.1 1509.4 11
1 13 23.1 785.8 6
13 2 629.3 1158.3 2
9 1 1033.0 1513.3 2
10 13 225.9 639.4 10
9 2 853.3 1179.1 1
4 10 381.6 575.5 6
9 13 410.9 1131.6 7
0 6 935.8 1219.5 5
2 14 955.0 1228.4 8
13 8 433.4 803.0 12
9 15 1282.0 1652.8 8
7 1 63.7 690.4 9
13 9 800.7 1501.9 12
1 14 870.3 1347.6 1
14 13 1049.7 1199.4 3
14 4 510.9 790.4 8
0 7 765.5 1319.5 5
0 5 1288.8 1985.2 5
6 7 957.5 1495.0 7
5 8 1053.0 1240.1 6
6 13 373.7 498.8 8
5 15 325.6 895.4 8
1 9 1133.1 1511.6 10
14 8 55.7 236.1 10
9 2 1065.7 1814.2 3
3 2 1186.2 1854.5 11
2 11 724.3 1439.3 1
10 2 968.6 1724.2 11
7 11 839.0 1437.4 12
13 12 1029.9 1612.1 9
14 4 45.1 221.6 7
8 3 1192.0 1726.5 9
1 8 1016.6 1699.9 7
10 15 1174.5 1828.4 2
5 15 960.8 1289.7 8
0 9 21.9 604.3 6
8 13 1017.9 1478.8 2
3 14 484.7 738.2 1
2 10 652.9 778.7 1
6 14 1191.2 1867.0 8
13 2 809.4 1198.7 1
6 11 603.3 1092.8 5
6 11 818.2 1541.0 1
4 10 1090.3 1329.4 4
0 6 24.5 508.6 10
12 10 184.4 631.4 1
2 4 36.1 602.0 6
6 12 1057.3 1587.3 5
12 9 932.4 1331.4 11
2 15 935.1 1066.5 5
3 5 876.2 1538.2 2
11 8 942.4 1136.7 4
6 2 901.8 1109.4 10
12 4 807.5 932.4 1
3 9 51.4 351.8 3
13 9 180.7 465.5 5
2 8 747.0 881.7 3
4 12 752.2 1314.3 11
11 13 515.4 665.2 4
11 6 1237.6 1681.0 2
14 5 472.8 1161.2 5
11 5 944.4 1680.9 11
9 6 496.3 747.2 9
3 8 12.8 198.5 11
0 5 760.6 1488.3 2
0 14 1009.3 1197.0 7
0 2 1163.8 1788.5 6
4 13 281.8 619.0 10
11 5 186.1 541.5 7
2 14 1053.2 1218.9 5
7 11 903.8 1438.3 5
7 4 1289.5 1975.6 9
1 13 1083.1 1833.5 10
14 8 1080.7 1312.4 8
7 8 1111.1 1602.2 9
3 4 1076.1 1665.5 10
2 1 53.7 694.1 2
13 1 1054.4 1528.7 7
13 12 920.9 1062.9 1
11 15 292.1 613.0 10
7 13 1021.9 1662.7 6
0 4 751.5 1118.2 1
13 4 604.0 732.8 3
7 6 1057.4 1303.8 5
9 11 551.5 823.6 1
7 10 759.3 1096.6 12
14 15 1311.4 1985.3 7
13 10 42.2 665.6 12
9 6 1315.7 1477.5 3
8 4 1289.9 1589.9 3
7 10 782.5 1220.1 2
10 5 1271.7 1741.2 12
0 4 734.8 993.8 7
11 2 134.6 627.6 4
6 11 422.1 1052.2 5
10 11 649.4 1283.1 9
0 14 644.5 1123.6 11
13 5 76.1 382.4 12
5 6 1085.1 1831.7 3
7 12 1084.1 1669.3 8
14 4 1045.2 1169.2 4
3 12 743.9 1490.3 3
7 15 1073.2 1517.7 5
14 15 850.9 1105.7 1
3 7 475.6 590.5 2
5 3 1317.0 1737.7 8
9 4 226.7 807.2 7
3 11 352.7 973.4 4
6 7 788.8 1380.4 12
10 12 383.8 1156.9 12
14 4 970.6 1722.1 10
8 13 675.8 874.0 9
13 6 573.4 751.6 6
12 4 1327.7 1803.2 8
3 2 304.7 915.8 10
9 3 1045.6 1398.4 11
3 11 224.9 401.6 8
10 15 212.8 888.3 11
13 3 149.7 272.4 11
8 7 144.6 886.0 12
0 6 623.6 1360.9 1
13 4 873.8 1578.0 6
6 7 345.9 1096.9 5
1 6 664.6 1246.2 2
8 11 1253.9 1931.8 2
3 1 1328.3 2056.5 8
5 3 782.6 1367.0 8
13 12 842.3 1189.5 4
0 9 1260.2 1912.9 6
0 2 539.3 981.8 6
4 10 130.8 631.3 4
12 2 1018.1 1322.8 5
1 15 1126.3 1724.0 7
13 8 441.6 1179.9 8
14 12 1282.8 2052.3 11
EOF
